3006,1544573276488,1
3006,1544573276998,1
3006,1544573277487,1
3006,1544573277518,1
3006,1544573278001,1
3006,1544573278074,1
3006,1544573278489,1
3006,1544573278519,1
3006,1544573279006,1
3006,1544573279071,1
3006,1544573279494,1
3006,1544573279522,1
3006,1544573280006,1
3006,1544573280071,1
3006,1544573280496,1
3006,1544573280530,1
3006,1544573281008,1
3006,1544573281078,1
3006,1544573281501,1
3006,1544573281533,1
3006,1544573282009,1
3006,1544573282078,1
3006,1544573282503,1
3006,1544573282532,1
3006,1544573283007,1
3006,1544573283081,1
3006,1544573283508,1
3006,1544573283534,1
3006,1544573284007,1
3006,1544573284081,1
3006,1544573284511,1
3006,1544573284538,1
3006,1544573285008,1
3006,1544573285086,1
3006,1544573285517,1
3006,1544573285545,1
3006,1544573286012,1
3006,1544573286090,1
3006,1544573286517,1
3006,1544573286546,1
3006,1544573287014,1
3006,1544573287093,1
3006,1544573287519,1
3006,1544573287549,1
3006,1544573288016,1
3006,1544573288098,1
3006,1544573288523,1
3006,1544573288554,1
3006,1544573289012,1
3006,1544573289102,1
3006,1544573289527,1
3006,1544573289561,1
3006,1544573290013,1
3006,1544573290102,1
3006,1544573290530,1
3006,1544573290567,1
3006,1544573291016,1
3006,1544573291107,1
3006,1544573291534,1
3006,1544573291568,1
3006,1544573292014,1
3006,1544573292109,1
3006,1544573292539,1
3006,1544573292565,1
3006,1544573293013,1
3006,1544573293113,1
3006,1544573293542,1
3006,1544573293570,1
3006,1544573294014,1
3006,1544573294114,1
3006,1544573294547,1
3006,1544573294573,1
3006,1544573295017,1
3006,1544573295119,1
3006,1544573295550,1
3006,1544573295576,1
3006,1544573296019,1
3006,1544573296125,1
3006,1544573296555,1
3006,1544573296581,1
3006,1544573297019,1
3006,1544573297127,1
3006,1544573297560,1
3006,1544573297584,1
3006,1544573298019,1
3006,1544573298130,1
3006,1544573298561,1
3006,1544573298589,1
3006,1544573299021,1
3006,1544573299137,1
3006,1544573299561,1
3006,1544573299595,1
3006,1544573300026,1
3006,1544573300142,1
3006,1544573300566,1
3006,1544573300600,1
3006,1544573301031,1
3006,1544573301145,1
3006,1544573301569,1
3006,1544573301601,1
3006,1544573302034,1
3006,1544573302149,1
3006,1544573302573,1
3006,1544573302604,1
3006,1544573303039,1
3006,1544573303154,1
3006,1544573303578,1
3006,1544573303612,1
3006,1544573304043,1
3006,1544573304156,1
3006,1544573304582,1
3006,1544573304619,1
3006,1544573305056,1
3006,1544573305161,1
3006,1544573305584,1
3006,1544573305622,1
3006,1544573306052,1
3006,1544573306167,1
3006,1544573306584,1
3006,1544573306618,1
3006,1544573307057,1
3006,1544573307171,1
3006,1544573307587,1
3006,1544573307619,1
3006,1544573308059,1
3006,1544573308175,1
3006,1544573308592,1
3006,1544573308624,1
3006,1544573309063,1
3006,1544573309172,1
3006,1544573309595,1
3006,1544573309629,1
3006,1544573310066,1
3006,1544573310179,1
3006,1544573310600,1
3006,1544573310632,1
3006,1544573311067,1
3006,1544573311181,1
3006,1544573311602,1
3006,1544573311637,1
3006,1544573312071,1
3006,1544573312185,1
3006,1544573312607,1
3006,1544573312639,1
3006,1544573313074,1
3006,1544573313188,1
3006,1544573313613,1
3006,1544573313646,1
3006,1544573314077,1
3006,1544573314191,1
3006,1544573314615,1
3006,1544573314647,1
3006,1544573315077,1
3006,1544573315196,1
3006,1544573315619,1
3006,1544573315654,1
3006,1544573316084,1
3006,1544573316201,1
3006,1544573316624,1
3006,1544573316651,1
3006,1544573317085,1
3006,1544573317200,1
3006,1544573317628,1
3006,1544573317658,1
3006,1544573318087,1
3006,1544573318204,1
3006,1544573318634,1
3006,1544573318658,1
3006,1544573319092,1
3006,1544573319206,1
3006,1544573319636,1
3006,1544573319667,1
3006,1544573320095,1
3006,1544573320210,1
3006,1544573320640,1
3006,1544573320666,1
3006,1544573321101,1
3006,1544573321215,1
3006,1544573321646,1
3006,1544573321671,1
3006,1544573322104,1
3006,1544573322220,1
3006,1544573322648,1
3006,1544573322674,1
3006,1544573323107,1
3006,1544573323223,1
3006,1544573323653,1
3006,1544573323678,1
3006,1544573324112,1
3006,1544573324224,1
3006,1544573324657,1
3006,1544573324681,1
3006,1544573325120,1
3006,1544573325230,1
3006,1544573325661,1
3006,1544573325681,1
3006,1544573326121,1
3006,1544573326229,1
3006,1544573326663,1
3006,1544573326686,1
3006,1544573327126,1
3006,1544573327233,1
3006,1544573327671,1
3006,1544573327690,1
3006,1544573328127,1
3006,1544573328236,1
3006,1544573328673,1
3006,1544573328692,1
3006,1544573329135,1
3006,1544573329234,1
3006,1544573329678,1
3006,1544573329698,1
3006,1544573330139,1
3006,1544573330239,1
3006,1544573330680,1
3006,1544573330699,1
3006,1544573331138,1
3006,1544573331243,1
3006,1544573331685,1
3006,1544573331704,1
3006,1544573332139,1
3006,1544573332247,1
3006,1544573332688,1
3006,1544573332705,1
3006,1544573333142,1
3006,1544573333250,1
3006,1544573333691,1
3006,1544573333708,1
3006,1544573334146,1
3006,1544573334255,1
3006,1544573334692,1
3006,1544573334712,1
3006,1544573335151,1
3006,1544573335260,1
3006,1544573335695,1
3006,1544573335715,1
3006,1544573336158,1
3006,1544573336265,1
3006,1544573336699,1
3006,1544573336720,1
3006,1544573337159,1
3006,1544573337268,1
3006,1544573337704,1
3006,1544573337721,1
3006,1544573338163,1
3006,1544573338266,1
3006,1544573338709,1
3006,1544573338722,1
3006,1544573339167,1
3006,1544573339270,1
3006,1544573339712,1
3006,1544573339726,1
3006,1544573340171,1
3006,1544573340275,1
3006,1544573340715,1
3006,1544573340729,1
3006,1544573341176,1
3006,1544573341281,1
3006,1544573341721,1
3006,1544573341734,1
3006,1544573342179,1
3006,1544573342278,1
3006,1544573342723,1
3006,1544573342734,1
3006,1544573343184,1
3006,1544573343283,1
3006,1544573343728,1
3006,1544573343740,1
3006,1544573344187,1
3006,1544573344284,1
3006,1544573344731,1
3006,1544573344740,1
3006,1544573345191,1
3006,1544573345284,1
3006,1544573345736,1
3006,1544573345743,1
3006,1544573346192,1
3006,1544573346292,1
3006,1544573346740,1
3006,1544573346747,1
3006,1544573347194,1
3006,1544573347293,1
3006,1544573347745,1
3006,1544573347752,1
3006,1544573348198,1
3006,1544573348297,1
3006,1544573348747,1
3006,1544573348758,1
3006,1544573349202,1
3006,1544573349296,1
3006,1544573349751,1
3006,1544573349757,1
3006,1544573350208,1
3006,1544573350297,1
3006,1544573350756,1
3006,1544573350761,1
3006,1544573351211,1
3006,1544573351301,1
3006,1544573351755,1
3006,1544573351760,1
3006,1544573352213,1
3006,1544573352304,1
3006,1544573352759,1
3006,1544573352762,1
3006,1544573353217,1
3006,1544573353308,1
3006,1544573353762,1
3006,1544573353766,1
3006,1544573354221,1
3006,1544573354313,1
3006,1544573354767,1
3006,1544573354771,1
3006,1544573355225,1
3006,1544573355314,1
3006,1544573355772,1
3006,1544573355775,1
3006,1544573356230,1
3006,1544573356317,1
3006,1544573356774,1
3006,1544573356778,1
3006,1544573357234,1
3006,1544573357318,1
3006,1544573357778,1
3006,1544573357781,1
3006,1544573358237,1
3006,1544573358322,1
3006,1544573358783,1
3006,1544573358786,1
3006,1544573359241,1
3006,1544573359325,1
3006,1544573359786,1
3006,1544573359789,1
3006,1544573360248,1
3006,1544573360329,1
3006,1544573360791,1
3006,1544573360794,1
3006,1544573361253,1
3006,1544573361337,1
3006,1544573361794,1
3006,1544573361797,1
3006,1544573362258,1
3006,1544573362337,1
3006,1544573362798,1
3006,1544573362801,1
3006,1544573363258,1
3006,1544573363338,1
3006,1544573363802,1
3006,1544573363806,1
3006,1544573364262,1
3006,1544573364340,1
3006,1544573364806,1
3006,1544573364810,1
3006,1544573365265,1
3006,1544573365343,1
3006,1544573365810,1
3006,1544573365814,1
3006,1544573366271,1
3006,1544573366348,1
3006,1544573366815,1
3006,1544573366819,1
3006,1544573367276,1
3006,1544573367347,1
3006,1544573367819,1
3006,1544573367823,1
3006,1544573368275,1
3006,1544573368350,1
3006,1544573368823,1
3006,1544573368827,1
3006,1544573369277,1
3006,1544573369355,1
3006,1544573369827,1
3006,1544573369830,1
3006,1544573370277,1
3006,1544573370355,1
3006,1544573370826,1
3006,1544573370833,1
3006,1544573371281,1
3006,1544573371359,1
3006,1544573371829,1
3006,1544573371836,1
3006,1544573372283,1
3006,1544573372364,1
3006,1544573372833,1
3006,1544573372837,1
3006,1544573373289,1
3006,1544573373369,1
3006,1544573373838,1
3006,1544573373842,1
3006,1544573374293,1
3006,1544573374372,1
3006,1544573374842,1
3006,1544573374846,1
3006,1544573375297,1
3006,1544573375374,1
3006,1544573375844,1
3006,1544573375848,1
3006,1544573376300,1
3006,1544573376376,1
3006,1544573376850,1
3006,1544573376853,1
3006,1544573377303,1
3006,1544573377383,1
3006,1544573377853,1
3006,1544573377856,1
3006,1544573378307,1
3006,1544573378386,1
3006,1544573378858,1
3006,1544573378861,1
3006,1544573379311,1
3006,1544573379391,1
3006,1544573379862,1
3006,1544573379866,1
3006,1544573380313,1
3006,1544573380390,1
3006,1544573380866,1
3006,1544573380869,1
3006,1544573381313,1
3006,1544573381398,1
3006,1544573381870,1
3006,1544573381875,1
3006,1544573382317,1
3006,1544573382400,1
3006,1544573382873,1
3006,1544573382876,1
3006,1544573383326,1
3006,1544573383404,1
3006,1544573383876,1
3006,1544573383881,1
3006,1544573384329,1
3006,1544573384406,1
3006,1544573384876,1
3006,1544573384884,1
3006,1544573385332,1
3006,1544573385412,1
3006,1544573385880,1
3006,1544573385888,1
3006,1544573386334,1
3006,1544573386415,1
3006,1544573386884,1
3006,1544573386893,1
3006,1544573387335,1
3006,1544573387417,1
3006,1544573387890,1
3006,1544573387896,1
3006,1544573388339,1
3006,1544573388419,1
3006,1544573388895,1
3006,1544573388899,1
3006,1544573389340,1
3006,1544573389420,1
3006,1544573389900,1
3006,1544573389904,1
3006,1544573390345,1
3006,1544573390424,1
3006,1544573390901,1
3006,1544573390904,1
3006,1544573391348,1
3006,1544573391428,1
3006,1544573391904,1
3006,1544573391908,1
3006,1544573392351,1
3006,1544573392433,1
3006,1544573392909,1
3006,1544573392912,1
3006,1544573393352,1
3006,1544573393435,1
3006,1544573393914,1
3006,1544573393917,1
3006,1544573394354,1
3006,1544573394441,1
3006,1544573394915,1
3006,1544573394922,1
3006,1544573395362,1
3006,1544573395444,1
3006,1544573395921,1
3006,1544573395924,1
3006,1544573396361,1
3006,1544573396448,1
3006,1544573396924,1
3006,1544573396927,1
3006,1544573397364,1
3006,1544573397452,1
3006,1544573397928,1
3006,1544573397932,1
3006,1544573398365,1
3006,1544573398454,1
3006,1544573398930,1
3006,1544573398933,1
3006,1544573399368,1
3006,1544573399459,1
3006,1544573399931,1
3006,1544573399934,1
3006,1544573400373,1
3006,1544573400463,1
3006,1544573400932,1
3006,1544573400935,1
3006,1544573401379,1
3006,1544573401466,1
3006,1544573401937,1
3006,1544573401940,1
3006,1544573402382,1
3006,1544573402472,1
3006,1544573402937,1
3006,1544573402941,1
3006,1544573403385,1
3006,1544573403477,1
3006,1544573403941,1
3006,1544573403945,1
3006,1544573404394,1
3006,1544573404484,1
3006,1544573404946,1
3006,1544573404950,1
3006,1544573405396,1
3006,1544573405486,1
3006,1544573405949,1
3006,1544573405952,1
3006,1544573406398,1
3006,1544573406488,1
3006,1544573406954,1
3006,1544573406957,1
3006,1544573407401,1
3006,1544573407493,1
3006,1544573407956,1
3006,1544573407960,1
3006,1544573408406,1
3006,1544573408494,1
3006,1544573408961,1
3006,1544573408965,1
3006,1544573409410,1
3006,1544573409500,1
3006,1544573409965,1
3006,1544573409969,1
3006,1544573410410,1
3006,1544573410499,1
3006,1544573410967,1
3006,1544573410968,1
3006,1544573411413,1
3006,1544573411501,1
3006,1544573411970,1
3006,1544573411971,1
3006,1544573412416,1
3006,1544573412506,1
3006,1544573412972,1
3006,1544573412975,1
3006,1544573413423,1
3006,1544573413514,1
3006,1544573413975,1
3006,1544573413977,1
3006,1544573414426,1
3006,1544573414515,1
3006,1544573414980,1
3006,1544573414983,1
3006,1544573415423,1
3006,1544573415519,1
3006,1544573415983,1
3006,1544573415986,1
3006,1544573416428,1
3006,1544573416523,1
3006,1544573416988,1
3006,1544573416991,1
3006,1544573417429,1
3006,1544573417528,1
3006,1544573417993,1
3006,1544573417996,1
3006,1544573418430,1
3006,1544573418530,1
3006,1544573418996,1
3006,1544573418998,1
3006,1544573419437,1
3006,1544573419535,1
3006,1544573420001,1
3006,1544573420003,1
3006,1544573420440,1
3006,1544573420540,1
3006,1544573421004,1
3006,1544573421006,1
3006,1544573421443,1
3006,1544573421542,1
3006,1544573422007,1
3006,1544573422009,1
3006,1544573422447,1
3006,1544573422548,1
3006,1544573423005,1
3006,1544573423008,1
3006,1544573423452,1
3006,1544573423551,1
3006,1544573424006,1
3006,1544573424009,1
3006,1544573424453,1
3006,1544573424553,1
3006,1544573425007,1
3006,1544573425010,1
3006,1544573425457,1
3006,1544573425558,1
3006,1544573426007,1
3006,1544573426011,1
3006,1544573426461,1
3006,1544573426562,1
3006,1544573427008,1
3006,1544573427011,1
3006,1544573427459,1
3006,1544573427567,1
3006,1544573428008,1
3006,1544573428014,1
3006,1544573428464,1
3006,1544573428572,1
3006,1544573429008,1
3006,1544573429011,1
3006,1544573429468,1
3006,1544573429573,1
3006,1544573430009,1
3006,1544573430011,1
3006,1544573430471,1
3006,1544573430579,1
3006,1544573431010,1
3006,1544573431013,1
3006,1544573431475,1
3006,1544573431583,1
3006,1544573432011,1
3006,1544573432014,1
3006,1544573432479,1
3006,1544573432588,1
3006,1544573433012,1
3006,1544573433016,1
3006,1544573433484,1
3006,1544573433591,1
3006,1544573434015,1
3006,1544573434019,1
3006,1544573434487,1
3006,1544573434594,1
3006,1544573435014,1
3006,1544573435018,1
3006,1544573435492,1
3006,1544573435595,1
3006,1544573436015,1
3006,1544573436018,1
3006,1544573436497,1
3006,1544573436598,1
3006,1544573437017,1
3006,1544573437020,1
3006,1544573437501,1
3006,1544573437602,1
3006,1544573438018,1
3006,1544573438022,1
3006,1544573438504,1
3006,1544573438607,1
3006,1544573439019,1
3006,1544573439022,1
3006,1544573439509,1
3006,1544573439610,1
3006,1544573440019,1
3006,1544573440023,1
3006,1544573440512,1
3006,1544573440614,1
3006,1544573441018,1
3006,1544573441021,1
3006,1544573441510,1
3006,1544573441618,1
3006,1544573442019,1
3006,1544573442022,1
3006,1544573442510,1
3006,1544573442623,1
3006,1544573443019,1
3006,1544573443022,1
3006,1544573443514,1
3006,1544573443628,1
3006,1544573444023,1
3006,1544573444027,1
3006,1544573444517,1
3006,1544573444630,1
3006,1544573445025,1
3006,1544573445030,1
3006,1544573445520,1
3006,1544573445637,1
3006,1544573446028,1
3006,1544573446031,1
3006,1544573446524,1
3006,1544573446640,1
3006,1544573447032,1
3006,1544573447039,1
3006,1544573447524,1
3006,1544573447644,1
3006,1544573448036,1
3006,1544573448041,1
3006,1544573448528,1
3006,1544573448653,1
3006,1544573449039,1
3006,1544573449042,1
3006,1544573449535,1
3006,1544573449654,1
3006,1544573450042,1
3006,1544573450046,1
3006,1544573450537,1
3006,1544573450656,1
3006,1544573451048,1
3006,1544573451051,1
3006,1544573451538,1
3006,1544573451659,1
3006,1544573452050,1
3006,1544573452053,1
3006,1544573452543,1
3006,1544573452660,1
3006,1544573453055,1
3006,1544573453057,1
3006,1544573453548,1
3006,1544573453666,1
3006,1544573454058,1
3006,1544573454063,1
3006,1544573454551,1
3006,1544573454667,1
3006,1544573455064,1
3006,1544573455067,1
3006,1544573455556,1
3006,1544573455667,1
3006,1544573456067,1
3006,1544573456070,1
3006,1544573456560,1
3006,1544573456670,1
3006,1544573457069,1
3006,1544573457072,1
3006,1544573457561,1
3006,1544573457669,1
3006,1544573458073,1
3006,1544573458078,1
3006,1544573458567,1
3006,1544573458674,1
3006,1544573459077,1
3006,1544573459079,1
3006,1544573459572,1
3006,1544573459676,1
3006,1544573460081,1
3006,1544573460084,1
3006,1544573460576,1
3006,1544573460683,1
3006,1544573461083,1
3006,1544573461087,1
3006,1544573461580,1
3006,1544573461686,1
3006,1544573462088,1
3006,1544573462093,1
3006,1544573462583,1
3006,1544573462689,1
3006,1544573463089,1
3006,1544573463091,1
3006,1544573463588,1
3006,1544573463698,1
3006,1544573464091,1
3006,1544573464096,1
3006,1544573464588,1
3006,1544573464698,1
3006,1544573465095,1
3006,1544573465097,1
3006,1544573465591,1
3006,1544573465704,1
3006,1544573466099,1
3006,1544573466103,1
3006,1544573466594,1
3006,1544573466706,1
3006,1544573467103,1
3006,1544573467107,1
3006,1544573467598,1
3006,1544573467711,1
3006,1544573468107,1
3006,1544573468110,1
3006,1544573468602,1
3006,1544573468716,1
3006,1544573469110,1
3006,1544573469113,1
3006,1544573469605,1
3006,1544573469712,1
3006,1544573470115,1
3006,1544573470119,1
3006,1544573470610,1
3006,1544573470718,1
3006,1544573471119,1
3006,1544573471120,1
3006,1544573471610,1
3006,1544573471719,1
3006,1544573472124,1
3006,1544573472129,1
3006,1544573472612,1
3006,1544573472718,1
3006,1544573473123,1
3006,1544573473129,1
3006,1544573473616,1
3006,1544573473723,1
3006,1544573474127,1
3006,1544573474135,1
3006,1544573474619,1
3006,1544573474726,1
3006,1544573475127,1
3006,1544573475129,1
3006,1544573475625,1
3006,1544573475731,1
3006,1544573476128,1
3006,1544573476132,1
3006,1544573476630,1
3006,1544573476733,1
3006,1544573477133,1
3006,1544573477136,1
3006,1544573477633,1
3006,1544573477737,1
3006,1544573478136,1
3006,1544573478141,1
3006,1544573478633,1
3006,1544573478741,1
3006,1544573479141,1
3006,1544573479144,1
3006,1544573479637,1
3006,1544573479742,1
3006,1544573480145,1
3006,1544573480148,1
3006,1544573480641,1
3006,1544573480746,1
3006,1544573481149,1
3006,1544573481152,1
3006,1544573481645,1
3006,1544573481750,1
3006,1544573482152,1
3006,1544573482158,1
3006,1544573482648,1
3006,1544573482755,1
3006,1544573483157,1
3006,1544573483161,1
3006,1544573483651,1
3006,1544573483759,1
3006,1544573484159,1
3006,1544573484164,1
3006,1544573484652,1
3006,1544573484764,1
3006,1544573485160,1
3006,1544573485167,1
3006,1544573485656,1
3006,1544573485768,1
3006,1544573486165,1
3006,1544573486170,1
3006,1544573486660,1
3006,1544573486772,1
3006,1544573487167,1
3006,1544573487175,1
3006,1544573487665,1
3006,1544573487777,1
3006,1544573488170,1
3006,1544573488177,1
3006,1544573488666,1
3006,1544573488784,1
3006,1544573489174,1
3006,1544573489180,1
3006,1544573489668,1
3006,1544573489788,1
3006,1544573490177,1
3006,1544573490183,1
3006,1544573490673,1
3006,1544573490786,1
3006,1544573491180,1
3006,1544573491187,1
3006,1544573491674,1
3006,1544573491790,1
3006,1544573492180,1
3006,1544573492189,1
3006,1544573492676,1
3006,1544573492792,1
3006,1544573493182,1
3006,1544573493191,1
3006,1544573493679,1
3006,1544573493791,1
3006,1544573494182,1
3006,1544573494190,1
3006,1544573494684,1
3006,1544573494799,1
3006,1544573495186,1
3006,1544573495192,1
3006,1544573495687,1
3006,1544573495802,1
3006,1544573496187,1
3006,1544573496193,1
3006,1544573496691,1
3006,1544573496806,1
3006,1544573497192,1
3006,1544573497197,1
3006,1544573497697,1
3006,1544573497809,1
3006,1544573498194,1
3006,1544573498202,1
3006,1544573498700,1
3006,1544573498814,1
3006,1544573499197,1
3006,1544573499207,1
3006,1544573499704,1
3006,1544573499816,1
3006,1544573500201,1
3006,1544573500209,1
3006,1544573500708,1
3006,1544573500821,1
3006,1544573501205,1
3006,1544573501214,1
3006,1544573501711,1
3006,1544573501824,1
3006,1544573502209,1
3006,1544573502217,1
3006,1544573502712,1
3006,1544573502830,1
3006,1544573503213,1
3006,1544573503221,1
3006,1544573503713,1
3006,1544573503834,1
3006,1544573504218,1
3006,1544573504227,1
3006,1544573504720,1
3006,1544573504839,1
3006,1544573505221,1
3006,1544573505230,1
3006,1544573505723,1
3006,1544573505842,1
3006,1544573506227,1
3006,1544573506234,1
3006,1544573506728,1
3006,1544573506845,1
3006,1544573507231,1
3006,1544573507238,1
3006,1544573507731,1
3006,1544573507850,1
3006,1544573508235,1
3006,1544573508240,1
3006,1544573508735,1
3006,1544573508854,1
3006,1544573509240,1
3006,1544573509245,1
3006,1544573509739,1
3006,1544573509857,1
3006,1544573510243,1
3006,1544573510249,1
3006,1544573510744,1
3006,1544573510860,1
3006,1544573511246,1
3006,1544573511251,1
3006,1544573511747,1
3006,1544573511866,1
3006,1544573512250,1
3006,1544573512256,1
3006,1544573512753,1
3006,1544573512870,1
3006,1544573513253,1
3006,1544573513260,1
3006,1544573513757,1
3006,1544573513875,1
3006,1544573514258,1
3006,1544573514262,1
3006,1544573514760,1
3006,1544573514880,1
3006,1544573515262,1
3006,1544573515265,1
3006,1544573515763,1
3006,1544573515881,1
3006,1544573516262,1
3006,1544573516265,1
3006,1544573516763,1
3006,1544573516882,1
3006,1544573517267,1
3006,1544573517270,1
3006,1544573517767,1
3006,1544573517888,1
3006,1544573518269,1
3006,1544573518272,1
3006,1544573518770,1
3006,1544573518890,1
3006,1544573519273,1
3006,1544573519275,1
3006,1544573519773,1
3006,1544573519895,1
3006,1544573520274,1
3006,1544573520277,1
3006,1544573520775,1
3006,1544573520897,1
3006,1544573521276,1
3006,1544573521279,1
3006,1544573521779,1
3006,1544573521902,1
3006,1544573522278,1
3006,1544573522281,1
3006,1544573522783,1
3006,1544573522907,1
3006,1544573523280,1
3006,1544573523283,1
3006,1544573523783,1
3006,1544573523908,1
3006,1544573524282,1
3006,1544573524284,1
3006,1544573524788,1
3006,1544573524912,1
3006,1544573525288,1
3006,1544573525291,1
3006,1544573525793,1
3006,1544573525915,1
3006,1544573526290,1
3006,1544573526293,1
3006,1544573526796,1
3006,1544573526918,1
3006,1544573527295,1
3006,1544573527298,1
3006,1544573527799,1
3006,1544573527923,1
3006,1544573528299,1
3006,1544573528305,1
3006,1544573528803,1
3006,1544573528928,1
3006,1544573529302,1
3006,1544573529304,1
3006,1544573529807,1
3006,1544573529933,1
3006,1544573530307,1
3006,1544573530310,1
3006,1544573530811,1
3006,1544573530935,1
3006,1544573531309,1
3006,1544573531312,1
3006,1544573531815,1
3006,1544573531938,1
3006,1544573532313,1
3006,1544573532315,1
3006,1544573532822,1
3006,1544573532941,1
3006,1544573533315,1
3006,1544573533321,1
3006,1544573533825,1
3006,1544573533945,1
3006,1544573534318,1
3006,1544573534324,1
3006,1544573534827,1
3006,1544573534946,1
3006,1544573535321,1
3006,1544573535324,1
3006,1544573535832,1
3006,1544573535953,1
3006,1544573536326,1
3006,1544573536331,1
3006,1544573536837,1
3006,1544573536952,1
3006,1544573537330,1
3006,1544573537334,1
3006,1544573537840,1
3006,1544573537955,1
3006,1544573538333,1
3006,1544573538335,1
3006,1544573538844,1
3006,1544573538958,1
3006,1544573539338,1
3006,1544573539341,1
3006,1544573539848,1
3006,1544573539963,1
3006,1544573540340,1
3006,1544573540343,1
3006,1544573540855,1
3006,1544573540966,1
3006,1544573541345,1
3006,1544573541350,1
3006,1544573541859,1
3006,1544573541971,1
3006,1544573542350,1
3006,1544573542356,1
3006,1544573542862,1
3006,1544573542976,1
3006,1544573543355,1
3006,1544573543357,1
3006,1544573543865,1
3006,1544573543979,1
3006,1544573544357,1
3006,1544573544359,1
3006,1544573544869,1
3006,1544573544982,1
3006,1544573545362,1
3006,1544573545366,1
3006,1544573545873,1
3006,1544573545982,1
3006,1544573546364,1
3006,1544573546369,1
3006,1544573546876,1
3006,1544573546989,1
3006,1544573547369,1
3006,1544573547372,1
3006,1544573547882,1
3006,1544573547990,1
3006,1544573548369,1
3006,1544573548372,1
3006,1544573548886,1
3006,1544573548991,1
3006,1544573549370,1
3006,1544573549373,1
3006,1544573549891,1
3006,1544573549996,1
3006,1544573550373,1
3006,1544573550375,1
3006,1544573550899,1
3006,1544573551000,1
3006,1544573551376,1
3006,1544573551377,1
3006,1544573551900,1
3006,1544573552005,1
3006,1544573552378,1
3006,1544573552381,1
3006,1544573552901,1
3006,1544573553006,1
3006,1544573553382,1
3006,1544573553386,1
3006,1544573553908,1
3006,1544573554009,1
3006,1544573554386,1
3006,1544573554393,1
3006,1544573554910,1
3006,1544573555011,1
3006,1544573555391,1
3006,1544573555395,1
3006,1544573555912,1
3006,1544573556013,1
3006,1544573556394,1
3006,1544573556397,1
3006,1544573556917,1
3006,1544573557016,1
3006,1544573557395,1
3006,1544573557398,1
3006,1544573557922,1
3006,1544573558022,1
3006,1544573558399,1
3006,1544573558403,1
3006,1544573558923,1
3006,1544573559023,1
3006,1544573559405,1
3006,1544573559408,1
3006,1544573559924,1
3006,1544573560025,1
3006,1544573560408,1
3006,1544573560410,1
3006,1544573560927,1
3006,1544573561027,1
3006,1544573561408,1
3006,1544573561414,1
3006,1544573561931,1
3006,1544573562027,1
3006,1544573562412,1
3006,1544573562418,1
3006,1544573562936,1
3006,1544573563035,1
3006,1544573563416,1
3006,1544573563419,1
3006,1544573563942,1
3006,1544573564038,1
3006,1544573564421,1
3006,1544573564424,1
3006,1544573564938,1
3006,1544573565044,1
3006,1544573565423,1
3006,1544573565426,1
3006,1544573565943,1
3006,1544573566043,1
3006,1544573566428,1
3006,1544573566432,1
3006,1544573566946,1
3006,1544573567048,1
3006,1544573567432,1
3006,1544573567434,1
3006,1544573567951,1
3006,1544573568050,1
3006,1544573568436,1
3006,1544573568436,1
3006,1544573568954,1
3006,1544573569056,1
3006,1544573569438,1
3006,1544573569439,1
3006,1544573569959,1
3006,1544573570059,1
3006,1544573570438,1
3006,1544573570440,1
3006,1544573570962,1
3006,1544573571065,1
3006,1544573571438,1
3006,1544573571441,1
3006,1544573571966,1
3006,1544573572069,1
3006,1544573572441,1
3006,1544573572443,1
3006,1544573572971,1
3006,1544573573070,1
3006,1544573573447,1
3006,1544573573449,1
3006,1544573573975,1
3006,1544573574077,1
3006,1544573574449,1
3006,1544573574452,1
3006,1544573574980,1
3006,1544573575081,1
3006,1544573575454,1
3006,1544573575460,1
3006,1544573575983,1
3006,1544573576081,1
3006,1544573576455,1
3006,1544573576460,1
3006,1544573576987,1
3006,1544573577084,1
3006,1544573577455,1
3006,1544573577458,1
3006,1544573577990,1
3006,1544573578089,1
3006,1544573578461,1
3006,1544573578466,1
3006,1544573578996,1
3006,1544573579090,1
3006,1544573579463,1
3006,1544573579466,1
3006,1544573579999,1
3006,1544573580096,1
3006,1544573580465,1
3006,1544573580468,1
3006,1544573581006,1
3006,1544573581101,1
3006,1544573581467,1
3006,1544573581470,1
3006,1544573582008,1
3006,1544573582103,1
3006,1544573582471,1
3006,1544573582477,1
3006,1544573583012,1
3006,1544573583110,1
3006,1544573583475,1
3006,1544573583480,1
3006,1544573584010,1
3006,1544573584112,1
3006,1544573584475,1
3006,1544573584479,1
3006,1544573585008,1
3006,1544573585118,1
3006,1544573585476,1
3006,1544573585478,1
3006,1544573586010,1
3006,1544573586120,1
3006,1544573586479,1
3006,1544573586480,1
3006,1544573587012,1
3006,1544573587123,1
3006,1544573587483,1
3006,1544573587484,1
3006,1544573588011,1
3006,1544573588127,1
3006,1544573588485,1
3006,1544573588486,1
3006,1544573589014,1
3006,1544573589131,1
3006,1544573589485,1
3006,1544573589486,1
3006,1544573590017,1
3006,1544573590137,1
3006,1544573590489,1
3006,1544573590491,1
3006,1544573591017,1
3006,1544573591142,1
3006,1544573591489,1
3006,1544573591492,1
3006,1544573592018,1
3006,1544573592143,1
3006,1544573592492,1
3006,1544573592496,1
3006,1544573593020,1
3006,1544573593149,1
3006,1544573593497,1
3006,1544573593501,1
3006,1544573594021,1
3006,1544573594150,1
3006,1544573594500,1
3006,1544573594502,1
3006,1544573595026,1
3006,1544573595153,1
3006,1544573595503,1
3006,1544573595507,1
3006,1544573596026,1
3006,1544573596157,1
3006,1544573596506,1
3006,1544573596508,1
3006,1544573597031,1
3006,1544573597161,1
3006,1544573597508,1
3006,1544573597510,1
3006,1544573598035,1
3006,1544573598167,1
3006,1544573598509,1
3006,1544573598513,1
3006,1544573599041,1
3006,1544573599167,1
3006,1544573599511,1
3006,1544573599516,1
3006,1544573600045,1
3006,1544573600168,1
3006,1544573600514,1
3006,1544573600521,1
3006,1544573601050,1
3006,1544573601172,1
3006,1544573601518,1
3006,1544573601521,1
3006,1544573602053,1
3006,1544573602177,1
3006,1544573602521,1
3006,1544573602526,1
3006,1544573603052,1
3006,1544573603180,1
3006,1544573603525,1
3006,1544573603527,1
3006,1544573604054,1
3006,1544573604184,1
3006,1544573604529,1
3006,1544573604532,1
3006,1544573605058,1
3006,1544573605184,1
3006,1544573605534,1
3006,1544573605537,1
3006,1544573606060,1
3006,1544573606189,1
3006,1544573606538,1
3006,1544573606541,1
3006,1544573607062,1
3006,1544573607192,1
3006,1544573607542,1
3006,1544573607544,1
3006,1544573608065,1
3006,1544573608195,1
3006,1544573608547,1
3006,1544573608549,1
3006,1544573609069,1
3006,1544573609201,1
3006,1544573609551,1
3006,1544573609554,1
3006,1544573610073,1
3006,1544573610206,1
3006,1544573610552,1
3006,1544573610554,1
3006,1544573611075,1
3006,1544573611208,1
3006,1544573611558,1
3006,1544573611561,1
3006,1544573612078,1
3006,1544573612213,1
3006,1544573612561,1
3006,1544573612562,1
3006,1544573613082,1
3006,1544573613216,1
3006,1544573613562,1
3006,1544573613562,1
3006,1544573614086,1
3006,1544573614221,1
3006,1544573614563,1
3006,1544573614564,1
3006,1544573615090,1
3006,1544573615224,1
3006,1544573615564,1
3006,1544573615565,1
3006,1544573616090,1
3006,1544573616229,1
3006,1544573616563,1
3006,1544573616565,1
3006,1544573617097,1
3006,1544573617231,1
3006,1544573617565,1
3006,1544573617568,1
3006,1544573618100,1
3006,1544573618237,1
3006,1544573618570,1
3006,1544573618572,1
3006,1544573619105,1
3006,1544573619241,1
3006,1544573619573,1
3006,1544573619578,1
3006,1544573620110,1
3006,1544573620244,1
3006,1544573620577,1
3006,1544573620581,1
3006,1544573621111,1
3006,1544573621249,1
3006,1544573621583,1
3006,1544573621586,1
3006,1544573622116,1
3006,1544573622253,1
3006,1544573622586,1
3006,1544573622589,1
3006,1544573623121,1
3006,1544573623254,1
3006,1544573623588,1
3006,1544573623591,1
3006,1544573624120,1
3006,1544573624257,1
3006,1544573624591,1
3006,1544573624596,1
3006,1544573625123,1
3006,1544573625259,1
3006,1544573625595,1
3006,1544573625598,1
3006,1544573626127,1
3006,1544573626265,1
3006,1544573626595,1
3006,1544573626599,1
3006,1544573627132,1
3006,1544573627267,1
3006,1544573627596,1
3006,1544573627602,1
3006,1544573628132,1
3006,1544573628272,1
3006,1544573628596,1
3006,1544573628605,1
3006,1544573629137,1
3006,1544573629275,1
3006,1544573629600,1
3006,1544573629605,1
3006,1544573630138,1
3006,1544573630281,1
3006,1544573630603,1
3006,1544573630607,1
3006,1544573631140,1
3006,1544573631286,1
3006,1544573631608,1
3006,1544573631612,1
3006,1544573632147,1
3006,1544573632287,1
3006,1544573632608,1
3006,1544573632613,1
3006,1544573633146,1
3006,1544573633293,1
3006,1544573633612,1
3006,1544573633614,1
3006,1544573634148,1
3006,1544573634295,1
3006,1544573634616,1
3006,1544573634619,1
3006,1544573635150,1
3006,1544573635295,1
3006,1544573635617,1
3006,1544573635620,1
3006,1544573636154,1
3006,1544573636301,1
3006,1544573636620,1
3006,1544573636623,1
3006,1544573637161,1
3006,1544573637302,1
3006,1544573637623,1
3006,1544573637626,1
3006,1544573638165,1
3006,1544573638306,1
3006,1544573638625,1
3006,1544573638628,1
3006,1544573639161,1
3006,1544573639309,1
3006,1544573639626,1
3006,1544573639630,1
3006,1544573640163,1
3006,1544573640312,1
3006,1544573640629,1
3006,1544573640632,1
3006,1544573641164,1
3006,1544573641312,1
3006,1544573641634,1
3006,1544573641638,1
3006,1544573642169,1
3006,1544573642317,1
3006,1544573642639,1
3006,1544573642642,1
3006,1544573643173,1
3006,1544573643322,1
3006,1544573643641,1
3006,1544573643643,1
3006,1544573644176,1
3006,1544573644322,1
3006,1544573644642,1
3006,1544573644648,1
3006,1544573645181,1
3006,1544573645325,1
3006,1544573645645,1
3006,1544573645651,1
3006,1544573646184,1
3006,1544573646327,1
3006,1544573646647,1
3006,1544573646655,1
3006,1544573647189,1
3006,1544573647332,1
3006,1544573647653,1
3006,1544573647659,1
3006,1544573648191,1
3006,1544573648333,1
3006,1544573648657,1
3006,1544573648662,1
3006,1544573649191,1
3006,1544573649338,1
3006,1544573649661,1
3006,1544573649664,1
3006,1544573650195,1
3006,1544573650342,1
3006,1544573650663,1
3006,1544573650666,1
3006,1544573651199,1
3006,1544573651344,1
3006,1544573651662,1
3006,1544573651665,1
3006,1544573652203,1
3006,1544573652353,1
3006,1544573652664,1
3006,1544573652667,1
3006,1544573653207,1
3006,1544573653352,1
3006,1544573653667,1
3006,1544573653670,1
3006,1544573654211,1
3006,1544573654355,1
3006,1544573654670,1
3006,1544573654674,1
3006,1544573655215,1
3006,1544573655357,1
3006,1544573655675,1
3006,1544573655678,1
3006,1544573656217,1
3006,1544573656361,1
3006,1544573656675,1
3006,1544573656678,1
3006,1544573657220,1
3006,1544573657366,1
3006,1544573657676,1
3006,1544573657678,1
3006,1544573658224,1
3006,1544573658373,1
3006,1544573658678,1
3006,1544573658682,1
3006,1544573659229,1
3006,1544573659374,1
3006,1544573659682,1
3006,1544573659686,1
3006,1544573660229,1
3006,1544573660378,1
3006,1544573660687,1
3006,1544573660691,1
3006,1544573661229,1
3006,1544573661382,1
3006,1544573661691,1
3006,1544573661694,1
3006,1544573662233,1
3006,1544573662388,1
3006,1544573662695,1
3006,1544573662701,1
3006,1544573663236,1
3006,1544573663390,1
3006,1544573663698,1
3006,1544573663701,1
3006,1544573664241,1
3006,1544573664396,1
3006,1544573664700,1
3006,1544573664703,1
3006,1544573665244,1
3006,1544573665397,1
3006,1544573665704,1
3006,1544573665705,1
3006,1544573666249,1
3006,1544573666402,1
3006,1544573666708,1
3006,1544573666710,1
3006,1544573667251,1
3006,1544573667403,1
3006,1544573667710,1
3006,1544573667711,1
3006,1544573668256,1
3006,1544573668405,1
3006,1544573668713,1
3006,1544573668716,1
3006,1544573669259,1
3006,1544573669409,1
3006,1544573669717,1
3006,1544573669720,1
3006,1544573670264,1
3006,1544573670414,1
3006,1544573670721,1
3006,1544573670724,1
3006,1544573671267,1
3006,1544573671416,1
3006,1544573671722,1
3006,1544573671723,1
3006,1544573672269,1
3006,1544573672421,1
3006,1544573672725,1
3006,1544573672727,1
3006,1544573673270,1
3006,1544573673422,1
3006,1544573673728,1
3006,1544573673731,1
3006,1544573674275,1
3006,1544573674428,1
3006,1544573674732,1
3006,1544573674735,1
3006,1544573675276,1
3006,1544573675431,1
3006,1544573675736,1
3006,1544573675738,1
3006,1544573676278,1
3006,1544573676438,1
3006,1544573676743,1
3006,1544573676745,1
3006,1544573677282,1
3006,1544573677440,1
3006,1544573677744,1
3006,1544573677748,1
3006,1544573678282,1
3006,1544573678445,1
3006,1544573678744,1
3006,1544573678747,1
3006,1544573679282,1
3006,1544573679448,1
3006,1544573679749,1
3006,1544573679752,1
3006,1544573680286,1
3006,1544573680453,1
3006,1544573680751,1
3006,1544573680754,1
3006,1544573681286,1
3006,1544573681460,1
3006,1544573681754,1
3006,1544573681759,1
3006,1544573682287,1
3006,1544573682464,1
3006,1544573682759,1
3006,1544573682763,1
3006,1544573683288,1
3006,1544573683468,1
3006,1544573683760,1
3006,1544573683763,1
3006,1544573684293,1
3006,1544573684471,1
3006,1544573684760,1
3006,1544573684763,1
3006,1544573685296,1
3006,1544573685471,1
3006,1544573685765,1
3006,1544573685769,1
3006,1544573686299,1
3006,1544573686472,1
3006,1544573686770,1
3006,1544573686771,1
3006,1544573687304,1
3006,1544573687476,1
3006,1544573687773,1
3006,1544573687777,1
3006,1544573688309,1
3006,1544573688479,1
3006,1544573688777,1
3006,1544573688780,1
3006,1544573689312,1
3006,1544573689484,1
3006,1544573689780,1
3006,1544573689785,1
3006,1544573690317,1
3006,1544573690489,1
3006,1544573690784,1
3006,1544573690787,1
3006,1544573691320,1
3006,1544573691491,1
3006,1544573691784,1
3006,1544573691791,1
3006,1544573692325,1
3006,1544573692496,1
3006,1544573692787,1
3006,1544573692794,1
3006,1544573693325,1
3006,1544573693500,1
3006,1544573693791,1
3006,1544573693798,1
3006,1544573694329,1
3006,1544573694505,1
3006,1544573694795,1
3006,1544573694801,1
3006,1544573695332,1
3006,1544573695508,1
3006,1544573695797,1
3006,1544573695802,1
3006,1544573696333,1
3006,1544573696511,1
3006,1544573696799,1
3006,1544573696805,1
3006,1544573697333,1
3006,1544573697515,1
3006,1544573697801,1
3006,1544573697807,1
3006,1544573698337,1
3006,1544573698519,1
3006,1544573698805,1
3006,1544573698811,1
3006,1544573699341,1
3006,1544573699524,1
3006,1544573699810,1
3006,1544573699814,1
3006,1544573700340,1
3006,1544573700529,1
3006,1544573700814,1
3006,1544573700817,1
3006,1544573701340,1
3006,1544573701532,1
3006,1544573701817,1
3006,1544573701819,1
3006,1544573702342,1
3006,1544573702535,1
3006,1544573702821,1
3006,1544573702823,1
3006,1544573703345,1
3006,1544573703541,1
3006,1544573703826,1
3006,1544573703826,1
3006,1544573704349,1
3006,1544573704544,1
3006,1544573704828,1
3006,1544573704829,1
3006,1544573705351,1
3006,1544573705550,1
3006,1544573705829,1
3006,1544573705832,1
3006,1544573706351,1
3006,1544573706552,1
3006,1544573706829,1
3006,1544573706832,1
3006,1544573707352,1
3006,1544573707556,1
3006,1544573707830,1
3006,1544573707833,1
3006,1544573708357,1
3006,1544573708559,1
3006,1544573708835,1
3006,1544573708838,1
3006,1544573709358,1
3006,1544573709562,1
3006,1544573709837,1
3006,1544573709839,1
3006,1544573710358,1
3006,1544573710568,1
3006,1544573710837,1
3006,1544573710838,1
3006,1544573711361,1
3006,1544573711567,1
3006,1544573711841,1
3006,1544573711843,1
3006,1544573712360,1
3006,1544573712570,1
3006,1544573712845,1
3006,1544573712850,1
3006,1544573713364,1
3006,1544573713572,1
3006,1544573713851,1
3006,1544573713853,1
3006,1544573714368,1
3006,1544573714574,1
3006,1544573714853,1
3006,1544573714856,1
3006,1544573715372,1
3006,1544573715576,1
3006,1544573715858,1
3006,1544573715861,1
3006,1544573716375,1
3006,1544573716581,1
3006,1544573716861,1
3006,1544573716865,1
3006,1544573717379,1
3006,1544573717586,1
3006,1544573717866,1
3006,1544573717869,1
3006,1544573718382,1
3006,1544573718589,1
3006,1544573718870,1
3006,1544573718874,1
3006,1544573719384,1
3006,1544573719593,1
3006,1544573719875,1
3006,1544573719878,1
3006,1544573720388,1
3006,1544573720598,1
3006,1544573720879,1
3006,1544573720880,1
3006,1544573721387,1
3006,1544573721603,1
3006,1544573721881,1
3006,1544573721884,1
3006,1544573722391,1
3006,1544573722608,1
3006,1544573722886,1
3006,1544573722889,1
3006,1544573723395,1
3006,1544573723610,1
3006,1544573723889,1
3006,1544573723891,1
3006,1544573724398,1
3006,1544573724613,1
3006,1544573724891,1
3006,1544573724894,1
3006,1544573725402,1
3006,1544573725616,1
3006,1544573725891,1
3006,1544573725893,1
3006,1544573726407,1
3006,1544573726622,1
3006,1544573726895,1
3006,1544573726895,1
3006,1544573727411,1
3006,1544573727626,1
3006,1544573727899,1
3006,1544573727900,1
3006,1544573728415,1
3006,1544573728631,1
3006,1544573728898,1
3006,1544573728900,1
3006,1544573729419,1
3006,1544573729631,1
3006,1544573729902,1
3006,1544573729905,1
3006,1544573730420,1
3006,1544573730636,1
3006,1544573730906,1
3006,1544573730908,1
3006,1544573731420,1
3006,1544573731640,1
3006,1544573731910,1
3006,1544573731913,1
3006,1544573732425,1
3006,1544573732643,1
3006,1544573732913,1
3006,1544573732916,1
3006,1544573733426,1
3006,1544573733648,1
3006,1544573733916,1
3006,1544573733918,1
3006,1544573734430,1
3006,1544573734652,1
3006,1544573734916,1
3006,1544573734918,1
3006,1544573735435,1
3006,1544573735656,1
3006,1544573735920,1
3006,1544573735923,1
3006,1544573736438,1
3006,1544573736658,1
3006,1544573736925,1
3006,1544573736927,1
3006,1544573737442,1
3006,1544573737660,1
3006,1544573737929,1
3006,1544573737932,1
3006,1544573738449,1
3006,1544573738664,1
3006,1544573738933,1
3006,1544573738936,1
3006,1544573739452,1
3006,1544573739669,1
3006,1544573739937,1
3006,1544573739941,1
3006,1544573740455,1
3006,1544573740673,1
3006,1544573740940,1
3006,1544573740944,1
3006,1544573741454,1
3006,1544573741675,1
3006,1544573741940,1
3006,1544573741943,1
3006,1544573742458,1
3006,1544573742677,1
3006,1544573742943,1
3006,1544573742946,1
3006,1544573743458,1
3006,1544573743679,1
3006,1544573743944,1
3006,1544573743946,1
3006,1544573744459,1
3006,1544573744679,1
3006,1544573744948,1
3006,1544573744951,1
3006,1544573745463,1
3006,1544573745681,1
3006,1544573745950,1
3006,1544573745952,1
3006,1544573746468,1
3006,1544573746685,1
3006,1544573746953,1
3006,1544573746960,1
3006,1544573747472,1
3006,1544573747689,1
3006,1544573747958,1
3006,1544573747960,1
3006,1544573748475,1
3006,1544573748693,1
3006,1544573748961,1
3006,1544573748964,1
3006,1544573749476,1
3006,1544573749697,1
3006,1544573749966,1
3006,1544573749969,1
3006,1544573750481,1
3006,1544573750702,1
3006,1544573750969,1
3006,1544573750971,1
3006,1544573751482,1
3006,1544573751705,1
3006,1544573751975,1
3006,1544573751977,1
3006,1544573752486,1
3006,1544573752709,1
3006,1544573752977,1
3006,1544573752980,1
3006,1544573753491,1
3006,1544573753713,1
3006,1544573753982,1
3006,1544573753984,1
3006,1544573754493,1
3006,1544573754718,1
3006,1544573754985,1
3006,1544573754988,1
3006,1544573755498,1
3006,1544573755722,1
3006,1544573755985,1
3006,1544573755988,1
3006,1544573756501,1
3006,1544573756725,1
3006,1544573756990,1
3006,1544573756993,1
3006,1544573757504,1
3006,1544573757727,1
3006,1544573757994,1
3006,1544573757996,1
3006,1544573758507,1
3006,1544573758726,1
3006,1544573758997,1
3006,1544573758999,1
3006,1544573759511,1
3006,1544573759731,1
3006,1544573760001,1
3006,1544573760003,1
3006,1544573760515,1
3006,1544573760737,1
3006,1544573761004,1
3006,1544573761008,1
3006,1544573761516,1
3006,1544573761741,1
3006,1544573762006,1
3006,1544573762008,1
3006,1544573762520,1
3006,1544573762744,1
3006,1544573763006,1
3006,1544573763009,1
3006,1544573763524,1
3006,1544573763747,1
3006,1544573764006,1
3006,1544573764008,1
3006,1544573764528,1
3006,1544573764750,1
3006,1544573765007,1
3006,1544573765010,1
3006,1544573765532,1
3006,1544573765753,1
3006,1544573766007,1
3006,1544573766009,1
3006,1544573766537,1
3006,1544573766757,1
3006,1544573767007,1
3006,1544573767010,1
3006,1544573767538,1
3006,1544573767759,1
3006,1544573768008,1
3006,1544573768011,1
3006,1544573768542,1
3006,1544573768759,1
3006,1544573769008,1
3006,1544573769010,1
3006,1544573769543,1
3006,1544573769760,1
3006,1544573770008,1
3006,1544573770010,1
3006,1544573770547,1
3006,1544573770766,1
3006,1544573771008,1
3006,1544573771010,1
3006,1544573771546,1
3006,1544573771770,1
3006,1544573772008,1
3006,1544573772011,1
3006,1544573772548,1
3006,1544573772773,1
3006,1544573773009,1
3006,1544573773012,1
3006,1544573773551,1
3006,1544573773776,1
3006,1544573774010,1
3006,1544573774013,1
3006,1544573774556,1
3006,1544573774776,1
3006,1544573775011,1
3006,1544573775013,1
3006,1544573775559,1
3006,1544573775781,1
3006,1544573776012,1
3006,1544573776014,1
3006,1544573776560,1
3006,1544573776781,1
3006,1544573777011,1
3006,1544573777013,1
3006,1544573777563,1
3006,1544573777781,1
3006,1544573778011,1
3006,1544573778013,1
3006,1544573778569,1
3006,1544573778786,1
3006,1544573779014,1
3006,1544573779017,1
3006,1544573779573,1
3006,1544573779791,1
3006,1544573780015,1
3006,1544573780018,1
3006,1544573780577,1
3006,1544573780794,1
3006,1544573781018,1
3006,1544573781021,1
3006,1544573781581,1
3006,1544573781799,1
3006,1544573782021,1
3006,1544573782024,1
3006,1544573782584,1
3006,1544573782805,1
3006,1544573783024,1
3006,1544573783027,1
3006,1544573783589,1
3006,1544573783806,1
3006,1544573784029,1
3006,1544573784031,1
3006,1544573784590,1
3006,1544573784811,1
3006,1544573785032,1
3006,1544573785036,1
3006,1544573785593,1
3006,1544573785812,1
3006,1544573786031,1
3006,1544573786033,1
3006,1544573786597,1
3006,1544573786817,1
3006,1544573787036,1
3006,1544573787039,1
3006,1544573787597,1
3006,1544573787822,1
3006,1544573788039,1
3006,1544573788042,1
3006,1544573788597,1
3006,1544573788824,1
3006,1544573789042,1
3006,1544573789044,1
3006,1544573789602,1
3006,1544573789827,1
3006,1544573790044,1
3006,1544573790047,1
3006,1544573790604,1
3006,1544573790828,1
3006,1544573791050,1
3006,1544573791052,1
3006,1544573791606,1
3006,1544573791832,1
3006,1544573792049,1
3006,1544573792056,1
3006,1544573792610,1
3006,1544573792834,1
3006,1544573793051,1
3006,1544573793054,1
3006,1544573793614,1
3006,1544573793833,1
3006,1544573794056,1
3006,1544573794065,1
3006,1544573794619,1
3006,1544573794838,1
3006,1544573795061,1
3006,1544573795069,1
3006,1544573795619,1
3006,1544573795841,1
3006,1544573796065,1
3006,1544573796073,1
3006,1544573796623,1
3006,1544573796847,1
3006,1544573797069,1
3006,1544573797071,1
3006,1544573797628,1
3006,1544573797852,1
3006,1544573798073,1
3006,1544573798076,1
3006,1544573798632,1
3006,1544573798856,1
3006,1544573799076,1
3006,1544573799079,1
3006,1544573799635,1
3006,1544573799859,1
3006,1544573800077,1
3006,1544573800080,1
3006,1544573800640,1
3006,1544573800863,1
3006,1544573801080,1
3006,1544573801083,1
3006,1544573801644,1
3006,1544573801867,1
3006,1544573802084,1
3006,1544573802086,1
3006,1544573802647,1
3006,1544573802865,1
3006,1544573803085,1
3006,1544573803088,1
3006,1544573803653,1
3006,1544573803869,1
3006,1544573804090,1
3006,1544573804094,1
3006,1544573804656,1
3006,1544573804872,1
3006,1544573805091,1
3006,1544573805093,1
3006,1544573805659,1
3006,1544573805875,1
3006,1544573806094,1
3006,1544573806096,1
3006,1544573806661,1
3006,1544573806878,1
3006,1544573807097,1
3006,1544573807099,1
3006,1544573807662,1
3006,1544573807879,1
3006,1544573808101,1
3006,1544573808103,1
3006,1544573808666,1
3006,1544573808879,1
3006,1544573809106,1
3006,1544573809109,1
3006,1544573809668,1
3006,1544573809879,1
3006,1544573810109,1
3006,1544573810113,1
3006,1544573810674,1
3006,1544573810878,1
3006,1544573811114,1
3006,1544573811117,1
3006,1544573811677,1
3006,1544573811880,1
3006,1544573812117,1
3006,1544573812120,1
3006,1544573812684,1
3006,1544573812881,1
3006,1544573813121,1
3006,1544573813124,1
3006,1544573813690,1
3006,1544573813887,1
3006,1544573814123,1
3006,1544573814126,1
3006,1544573814686,1
3006,1544573814886,1
3006,1544573815128,1
3006,1544573815131,1
3006,1544573815688,1
3006,1544573815890,1
3006,1544573816129,1
3006,1544573816132,1
3006,1544573816692,1
3006,1544573816893,1
3006,1544573817132,1
3006,1544573817135,1
3006,1544573817697,1
3006,1544573817895,1
3006,1544573818136,1
3006,1544573818141,1
3006,1544573818701,1
3006,1544573818904,1
3006,1544573819141,1
3006,1544573819144,1
3006,1544573819706,1
3006,1544573819906,1
3006,1544573820144,1
3006,1544573820146,1
3006,1544573820711,1
3006,1544573820908,1
3006,1544573821148,1
3006,1544573821151,1
3006,1544573821715,1
3006,1544573821914,1
3006,1544573822152,1
3006,1544573822156,1
3006,1544573822718,1
3006,1544573822919,1
3006,1544573823156,1
3006,1544573823159,1
3006,1544573823721,1
3006,1544573823920,1
3006,1544573824160,1
3006,1544573824163,1
3006,1544573824727,1
3006,1544573824925,1
3006,1544573825161,1
3006,1544573825164,1
3006,1544573825731,1
3006,1544573825930,1
3006,1544573826163,1
3006,1544573826165,1
3006,1544573826734,1
3006,1544573826933,1
3006,1544573827163,1
3006,1544573827169,1
3006,1544573827736,1
3006,1544573827936,1
3006,1544573828166,1
3006,1544573828173,1
3006,1544573828740,1
3006,1544573828944,1
3006,1544573829169,1
3006,1544573829177,1
3006,1544573829742,1
3006,1544573829946,1
3006,1544573830173,1
3006,1544573830181,1
3006,1544573830747,1
3006,1544573830948,1
3006,1544573831177,1
3006,1544573831183,1
3006,1544573831750,1
3006,1544573831948,1
3006,1544573832182,1
3006,1544573832187,1
3006,1544573832756,1
3006,1544573832951,1
3006,1544573833183,1
3006,1544573833188,1
3006,1544573833759,1
3006,1544573833956,1
3006,1544573834184,1
3006,1544573834192,1
3006,1544573834762,1
3006,1544573834959,1
3006,1544573835187,1
3006,1544573835194,1
3006,1544573835765,1
3006,1544573835965,1
3006,1544573836190,1
3006,1544573836198,1
3006,1544573836769,1
3006,1544573836969,1
3006,1544573837194,1
3006,1544573837201,1
3006,1544573837772,1
3006,1544573837972,1
3006,1544573838198,1
3006,1544573838204,1
3006,1544573838777,1
3006,1544573838976,1
3006,1544573839201,1
3006,1544573839205,1
3006,1544573839779,1
3006,1544573839982,1
3006,1544573840203,1
3006,1544573840209,1
3006,1544573840781,1
3006,1544573840985,1
3006,1544573841206,1
3006,1544573841209,1
3006,1544573841786,1
3006,1544573841989,1
3006,1544573842207,1
3006,1544573842210,1
3006,1544573842789,1
3006,1544573842989,1
3006,1544573843212,1
3006,1544573843216,1
3006,1544573843793,1
3006,1544573843992,1
3006,1544573844212,1
3006,1544573844216,1
3006,1544573844798,1
3006,1544573844994,1
3006,1544573845216,1
3006,1544573845219,1
3006,1544573845800,1
3006,1544573846000,1
3006,1544573846221,1
3006,1544573846224,1
3006,1544573846802,1
3006,1544573846998,1
3006,1544573847220,1
3006,1544573847223,1
3006,1544573847806,1
3006,1544573847998,1
3006,1544573848222,1
3006,1544573848225,1
3006,1544573848811,1
3006,1544573849006,1
3006,1544573849228,1
3006,1544573849229,1
3006,1544573849814,1
3006,1544573850008,1
3006,1544573850229,1
3006,1544573850233,1
3006,1544573850818,1
3006,1544573851011,1
3006,1544573851232,1
3006,1544573851232,1
3006,1544573851818,1
3006,1544573852018,1
3006,1544573852234,1
3006,1544573852237,1
3006,1544573852821,1
3006,1544573853021,1
3006,1544573853235,1
3006,1544573853236,1
3006,1544573853826,1
3006,1544573854023,1
3006,1544573854238,1
3006,1544573854240,1
3006,1544573854831,1
3006,1544573855026,1
3006,1544573855241,1
3006,1544573855243,1
3006,1544573855836,1
3006,1544573856026,1
3006,1544573856244,1
3006,1544573856247,1
3006,1544573856836,1
3006,1544573857027,1
3006,1544573857248,1
3006,1544573857252,1
3006,1544573857837,1
3006,1544573858030,1
3006,1544573858251,1
3006,1544573858255,1
3006,1544573858842,1
3006,1544573859034,1
3006,1544573859256,1
3006,1544573859259,1
3006,1544573859844,1
3006,1544573860040,1
3006,1544573860260,1
3006,1544573860263,1
3006,1544573860847,1
3006,1544573861038,1
3006,1544573861264,1
3006,1544573861266,1
3006,1544573861852,1
3006,1544573862040,1
3006,1544573862267,1
3006,1544573862270,1
3006,1544573862856,1
3006,1544573863045,1
3006,1544573863273,1
3006,1544573863276,1
3006,1544573863862,1
3006,1544573864048,1
3006,1544573864274,1
3006,1544573864277,1
3006,1544573864867,1
3006,1544573865052,1
3006,1544573865275,1
3006,1544573865276,1
3006,1544573865870,1
3006,1544573866057,1
3006,1544573866278,1
3006,1544573866282,1
3006,1544573866873,1
3006,1544573867060,1
3006,1544573867282,1
3006,1544573867285,1
3006,1544573867878,1
3006,1544573868066,1
3006,1544573868287,1
3006,1544573868291,1
3006,1544573868883,1
3006,1544573869069,1
3006,1544573869290,1
3006,1544573869292,1
3006,1544573869887,1
3006,1544573870073,1
3006,1544573870294,1
3006,1544573870299,1
3006,1544573870890,1
3006,1544573871077,1
3006,1544573871298,1
3006,1544573871301,1
3006,1544573871890,1
3006,1544573872081,1
3006,1544573872302,1
3006,1544573872305,1
3006,1544573872892,1
3006,1544573873085,1
3006,1544573873307,1
3006,1544573873311,1
3006,1544573873897,1
3006,1544573874090,1
