3005,1544573275930,1
3005,1544573276490,1
3005,1544573276930,1
3005,1544573276999,1
3005,1544573277488,1
3005,1544573277520,1
3005,1544573277935,1
3005,1544573278002,1
3005,1544573278075,1
3005,1544573278491,1
3005,1544573278520,1
3005,1544573278937,1
3005,1544573279008,1
3005,1544573279072,1
3005,1544573279496,1
3005,1544573279523,1
3005,1544573279938,1
3005,1544573280007,1
3005,1544573280072,1
3005,1544573280497,1
3005,1544573280532,1
3005,1544573280943,1
3005,1544573281009,1
3005,1544573281079,1
3005,1544573281503,1
3005,1544573281534,1
3005,1544573281946,1
3005,1544573282010,1
3005,1544573282079,1
3005,1544573282505,1
3005,1544573282533,1
3005,1544573282951,1
3005,1544573283009,1
3005,1544573283082,1
3005,1544573283510,1
3005,1544573283535,1
3005,1544573283952,1
3005,1544573284009,1
3005,1544573284082,1
3005,1544573284512,1
3005,1544573284539,1
3005,1544573284955,1
3005,1544573285010,1
3005,1544573285088,1
3005,1544573285519,1
3005,1544573285547,1
3005,1544573285960,1
3005,1544573286014,1
3005,1544573286092,1
3005,1544573286519,1
3005,1544573286549,1
3005,1544573286961,1
3005,1544573287016,1
3005,1544573287095,1
3005,1544573287521,1
3005,1544573287550,1
3005,1544573287965,1
3005,1544573288018,1
3005,1544573288099,1
3005,1544573288525,1
3005,1544573288555,1
3005,1544573288968,1
3005,1544573289014,1
3005,1544573289104,1
3005,1544573289529,1
3005,1544573289563,1
3005,1544573289971,1
3005,1544573290015,1
3005,1544573290104,1
3005,1544573290532,1
3005,1544573290568,1
3005,1544573290975,1
3005,1544573291018,1
3005,1544573291110,1
3005,1544573291536,1
3005,1544573291570,1
3005,1544573291977,1
3005,1544573292016,1
3005,1544573292110,1
3005,1544573292541,1
3005,1544573292566,1
3005,1544573292981,1
3005,1544573293015,1
3005,1544573293114,1
3005,1544573293544,1
3005,1544573293572,1
3005,1544573293984,1
3005,1544573294015,1
3005,1544573294115,1
3005,1544573294549,1
3005,1544573294575,1
3005,1544573294988,1
3005,1544573295018,1
3005,1544573295120,1
3005,1544573295552,1
3005,1544573295580,1
3005,1544573295991,1
3005,1544573296020,1
3005,1544573296127,1
3005,1544573296556,1
3005,1544573296583,1
3005,1544573296995,1
3005,1544573297020,1
3005,1544573297130,1
3005,1544573297562,1
3005,1544573297586,1
3005,1544573298001,1
3005,1544573298021,1
3005,1544573298133,1
3005,1544573298562,1
3005,1544573298591,1
3005,1544573299006,1
3005,1544573299023,1
3005,1544573299139,1
3005,1544573299562,1
3005,1544573299597,1
3005,1544573300006,1
3005,1544573300028,1
3005,1544573300144,1
3005,1544573300568,1
3005,1544573300601,1
3005,1544573301008,1
3005,1544573301032,1
3005,1544573301146,1
3005,1544573301571,1
3005,1544573301603,1
3005,1544573302007,1
3005,1544573302035,1
3005,1544573302150,1
3005,1544573302574,1
3005,1544573302605,1
3005,1544573303010,1
3005,1544573303040,1
3005,1544573303155,1
3005,1544573303580,1
3005,1544573303614,1
3005,1544573304012,1
3005,1544573304045,1
3005,1544573304157,1
3005,1544573304584,1
3005,1544573304620,1
3005,1544573305012,1
3005,1544573305057,1
3005,1544573305162,1
3005,1544573305585,1
3005,1544573305623,1
3005,1544573306013,1
3005,1544573306053,1
3005,1544573306168,1
3005,1544573306586,1
3005,1544573306620,1
3005,1544573307014,1
3005,1544573307062,1
3005,1544573307173,1
3005,1544573307589,1
3005,1544573307620,1
3005,1544573308015,1
3005,1544573308061,1
3005,1544573308177,1
3005,1544573308594,1
3005,1544573308626,1
3005,1544573309016,1
3005,1544573309065,1
3005,1544573309173,1
3005,1544573309597,1
3005,1544573309631,1
3005,1544573310015,1
3005,1544573310067,1
3005,1544573310180,1
3005,1544573310602,1
3005,1544573310634,1
3005,1544573311018,1
3005,1544573311068,1
3005,1544573311183,1
3005,1544573311604,1
3005,1544573311639,1
3005,1544573312021,1
3005,1544573312072,1
3005,1544573312186,1
3005,1544573312609,1
3005,1544573312640,1
3005,1544573313022,1
3005,1544573313076,1
3005,1544573313190,1
3005,1544573313615,1
3005,1544573313647,1
3005,1544573314027,1
3005,1544573314078,1
3005,1544573314192,1
3005,1544573314618,1
3005,1544573314649,1
3005,1544573315032,1
3005,1544573315079,1
3005,1544573315198,1
3005,1544573315620,1
3005,1544573315655,1
3005,1544573316034,1
3005,1544573316086,1
3005,1544573316203,1
3005,1544573316626,1
3005,1544573316653,1
3005,1544573317037,1
3005,1544573317087,1
3005,1544573317201,1
3005,1544573317631,1
3005,1544573317661,1
3005,1544573318040,1
3005,1544573318088,1
3005,1544573318205,1
3005,1544573318637,1
3005,1544573318659,1
3005,1544573319044,1
3005,1544573319093,1
3005,1544573319207,1
3005,1544573319637,1
3005,1544573319669,1
3005,1544573320046,1
3005,1544573320096,1
3005,1544573320211,1
3005,1544573320642,1
3005,1544573320667,1
3005,1544573321045,1
3005,1544573321102,1
3005,1544573321217,1
3005,1544573321647,1
3005,1544573321672,1
3005,1544573322051,1
3005,1544573322105,1
3005,1544573322221,1
3005,1544573322650,1
3005,1544573322675,1
3005,1544573323055,1
3005,1544573323108,1
3005,1544573323224,1
3005,1544573323655,1
3005,1544573323679,1
3005,1544573324058,1
3005,1544573324116,1
3005,1544573324225,1
3005,1544573324659,1
3005,1544573324682,1
3005,1544573325061,1
3005,1544573325122,1
3005,1544573325231,1
3005,1544573325662,1
3005,1544573325682,1
3005,1544573326068,1
3005,1544573326123,1
3005,1544573326230,1
3005,1544573326664,1
3005,1544573326687,1
3005,1544573327072,1
3005,1544573327128,1
3005,1544573327235,1
3005,1544573327672,1
3005,1544573327692,1
3005,1544573328075,1
3005,1544573328128,1
3005,1544573328237,1
3005,1544573328675,1
3005,1544573328693,1
3005,1544573329078,1
3005,1544573329137,1
3005,1544573329236,1
3005,1544573329680,1
3005,1544573329701,1
3005,1544573330083,1
3005,1544573330140,1
3005,1544573330241,1
3005,1544573330682,1
3005,1544573330700,1
3005,1544573331086,1
3005,1544573331140,1
3005,1544573331245,1
3005,1544573331687,1
3005,1544573331705,1
3005,1544573332086,1
3005,1544573332140,1
3005,1544573332248,1
3005,1544573332690,1
3005,1544573332706,1
3005,1544573333089,1
3005,1544573333143,1
3005,1544573333251,1
3005,1544573333693,1
3005,1544573333709,1
3005,1544573334093,1
3005,1544573334147,1
3005,1544573334256,1
3005,1544573334694,1
3005,1544573334714,1
3005,1544573335094,1
3005,1544573335152,1
3005,1544573335262,1
3005,1544573335697,1
3005,1544573335717,1
3005,1544573336095,1
3005,1544573336159,1
3005,1544573336266,1
3005,1544573336701,1
3005,1544573336721,1
3005,1544573337100,1
3005,1544573337160,1
3005,1544573337269,1
3005,1544573337706,1
3005,1544573337722,1
3005,1544573338104,1
3005,1544573338165,1
3005,1544573338267,1
3005,1544573338711,1
3005,1544573338723,1
3005,1544573339108,1
3005,1544573339169,1
3005,1544573339271,1
3005,1544573339715,1
3005,1544573339727,1
3005,1544573340111,1
3005,1544573340172,1
3005,1544573340276,1
3005,1544573340717,1
3005,1544573340731,1
3005,1544573341115,1
3005,1544573341178,1
3005,1544573341282,1
3005,1544573341722,1
3005,1544573341735,1
3005,1544573342120,1
3005,1544573342180,1
3005,1544573342280,1
3005,1544573342725,1
3005,1544573342735,1
3005,1544573343125,1
3005,1544573343186,1
3005,1544573343285,1
3005,1544573343730,1
3005,1544573343742,1
3005,1544573344127,1
3005,1544573344189,1
3005,1544573344285,1
3005,1544573344733,1
3005,1544573344741,1
3005,1544573345132,1
3005,1544573345192,1
3005,1544573345285,1
3005,1544573345737,1
3005,1544573345745,1
3005,1544573346136,1
3005,1544573346193,1
3005,1544573346294,1
3005,1544573346741,1
3005,1544573346749,1
3005,1544573347141,1
3005,1544573347196,1
3005,1544573347294,1
3005,1544573347747,1
3005,1544573347753,1
3005,1544573348144,1
3005,1544573348199,1
3005,1544573348298,1
3005,1544573348749,1
3005,1544573348759,1
3005,1544573349148,1
3005,1544573349204,1
3005,1544573349302,1
3005,1544573349753,1
3005,1544573349758,1
3005,1544573350153,1
3005,1544573350210,1
3005,1544573350298,1
3005,1544573350758,1
3005,1544573350762,1
3005,1544573351155,1
3005,1544573351212,1
3005,1544573351303,1
3005,1544573351757,1
3005,1544573351761,1
3005,1544573352160,1
3005,1544573352214,1
3005,1544573352305,1
3005,1544573352761,1
3005,1544573352764,1
3005,1544573353164,1
3005,1544573353218,1
3005,1544573353309,1
3005,1544573353764,1
3005,1544573353767,1
3005,1544573354169,1
3005,1544573354222,1
3005,1544573354315,1
3005,1544573354769,1
3005,1544573354772,1
3005,1544573355172,1
3005,1544573355227,1
3005,1544573355315,1
3005,1544573355774,1
3005,1544573355777,1
3005,1544573356177,1
3005,1544573356231,1
3005,1544573356318,1
3005,1544573356777,1
3005,1544573356780,1
3005,1544573357180,1
3005,1544573357236,1
3005,1544573357320,1
3005,1544573357780,1
3005,1544573357783,1
3005,1544573358184,1
3005,1544573358239,1
3005,1544573358323,1
3005,1544573358785,1
3005,1544573358788,1
3005,1544573359188,1
3005,1544573359243,1
3005,1544573359327,1
3005,1544573359788,1
3005,1544573359791,1
3005,1544573360190,1
3005,1544573360250,1
3005,1544573360331,1
3005,1544573360793,1
3005,1544573360796,1
3005,1544573361196,1
3005,1544573361255,1
3005,1544573361338,1
3005,1544573361796,1
3005,1544573361799,1
3005,1544573362201,1
3005,1544573362259,1
3005,1544573362339,1
3005,1544573362800,1
3005,1544573362803,1
3005,1544573363201,1
3005,1544573363260,1
3005,1544573363340,1
3005,1544573363805,1
3005,1544573363807,1
3005,1544573364203,1
3005,1544573364264,1
3005,1544573364341,1
3005,1544573364808,1
3005,1544573364811,1
3005,1544573365207,1
3005,1544573365267,1
3005,1544573365344,1
3005,1544573365812,1
3005,1544573365815,1
3005,1544573366209,1
3005,1544573366273,1
3005,1544573366350,1
3005,1544573366817,1
3005,1544573366820,1
3005,1544573367210,1
3005,1544573367277,1
3005,1544573367348,1
3005,1544573367821,1
3005,1544573367824,1
3005,1544573368215,1
3005,1544573368276,1
3005,1544573368351,1
3005,1544573368825,1
3005,1544573368829,1
3005,1544573369218,1
3005,1544573369278,1
3005,1544573369358,1
3005,1544573369829,1
3005,1544573369832,1
3005,1544573370222,1
3005,1544573370279,1
3005,1544573370356,1
3005,1544573370828,1
3005,1544573370834,1
3005,1544573371225,1
3005,1544573371282,1
3005,1544573371361,1
3005,1544573371831,1
3005,1544573371837,1
3005,1544573372230,1
3005,1544573372284,1
3005,1544573372365,1
3005,1544573372835,1
3005,1544573372838,1
3005,1544573373233,1
3005,1544573373290,1
3005,1544573373370,1
3005,1544573373840,1
3005,1544573373844,1
3005,1544573374239,1
3005,1544573374294,1
3005,1544573374374,1
3005,1544573374844,1
3005,1544573374847,1
3005,1544573375241,1
3005,1544573375299,1
3005,1544573375375,1
3005,1544573375846,1
3005,1544573375849,1
3005,1544573376243,1
3005,1544573376302,1
3005,1544573376377,1
3005,1544573376852,1
3005,1544573376855,1
3005,1544573377247,1
3005,1544573377305,1
3005,1544573377384,1
3005,1544573377855,1
3005,1544573377857,1
3005,1544573378250,1
3005,1544573378308,1
3005,1544573378387,1
3005,1544573378860,1
3005,1544573378863,1
3005,1544573379256,1
3005,1544573379312,1
3005,1544573379392,1
3005,1544573379864,1
3005,1544573379868,1
3005,1544573380257,1
3005,1544573380315,1
3005,1544573380392,1
3005,1544573380868,1
3005,1544573380871,1
3005,1544573381260,1
3005,1544573381314,1
3005,1544573381399,1
3005,1544573381872,1
3005,1544573381876,1
3005,1544573382264,1
3005,1544573382318,1
3005,1544573382401,1
3005,1544573382875,1
3005,1544573382878,1
3005,1544573383268,1
3005,1544573383327,1
3005,1544573383405,1
3005,1544573383878,1
3005,1544573383882,1
3005,1544573384271,1
3005,1544573384331,1
3005,1544573384408,1
3005,1544573384878,1
3005,1544573384885,1
3005,1544573385275,1
3005,1544573385333,1
3005,1544573385413,1
3005,1544573385882,1
3005,1544573385889,1
3005,1544573386278,1
3005,1544573386335,1
3005,1544573386416,1
3005,1544573386886,1
3005,1544573386895,1
3005,1544573387280,1
3005,1544573387336,1
3005,1544573387419,1
3005,1544573387892,1
3005,1544573387897,1
3005,1544573388282,1
3005,1544573388340,1
3005,1544573388420,1
3005,1544573388897,1
3005,1544573388900,1
3005,1544573389288,1
3005,1544573389342,1
3005,1544573389421,1
3005,1544573389902,1
3005,1544573389905,1
3005,1544573390291,1
3005,1544573390346,1
3005,1544573390426,1
3005,1544573390903,1
3005,1544573390906,1
3005,1544573391293,1
3005,1544573391350,1
3005,1544573391429,1
3005,1544573391906,1
3005,1544573391909,1
3005,1544573392294,1
3005,1544573392353,1
3005,1544573392435,1
3005,1544573392910,1
3005,1544573392913,1
3005,1544573393297,1
3005,1544573393353,1
3005,1544573393436,1
3005,1544573393916,1
3005,1544573393920,1
3005,1544573394302,1
3005,1544573394355,1
3005,1544573394443,1
3005,1544573394917,1
3005,1544573394924,1
3005,1544573395305,1
3005,1544573395363,1
3005,1544573395445,1
3005,1544573395923,1
3005,1544573395925,1
3005,1544573396309,1
3005,1544573396362,1
3005,1544573396449,1
3005,1544573396926,1
3005,1544573396929,1
3005,1544573397313,1
3005,1544573397365,1
3005,1544573397453,1
3005,1544573397930,1
3005,1544573397933,1
3005,1544573398318,1
3005,1544573398366,1
3005,1544573398458,1
3005,1544573398932,1
3005,1544573398935,1
3005,1544573399323,1
3005,1544573399369,1
3005,1544573399462,1
3005,1544573399933,1
3005,1544573399935,1
3005,1544573400325,1
3005,1544573400374,1
3005,1544573400464,1
3005,1544573400934,1
3005,1544573400936,1
3005,1544573401329,1
3005,1544573401381,1
3005,1544573401467,1
3005,1544573401939,1
3005,1544573401941,1
3005,1544573402333,1
3005,1544573402384,1
3005,1544573402474,1
3005,1544573402939,1
3005,1544573402942,1
3005,1544573403338,1
3005,1544573403386,1
3005,1544573403478,1
3005,1544573403943,1
3005,1544573403946,1
3005,1544573404346,1
3005,1544573404396,1
3005,1544573404486,1
3005,1544573404948,1
3005,1544573404952,1
3005,1544573405346,1
3005,1544573405398,1
3005,1544573405488,1
3005,1544573405951,1
3005,1544573405954,1
3005,1544573406349,1
3005,1544573406400,1
3005,1544573406489,1
3005,1544573406956,1
3005,1544573406959,1
3005,1544573407349,1
3005,1544573407402,1
3005,1544573407494,1
3005,1544573407959,1
3005,1544573407961,1
3005,1544573408351,1
3005,1544573408408,1
3005,1544573408496,1
3005,1544573408964,1
3005,1544573408967,1
3005,1544573409353,1
3005,1544573409412,1
3005,1544573409502,1
3005,1544573409967,1
3005,1544573409971,1
3005,1544573410355,1
3005,1544573410411,1
3005,1544573410500,1
3005,1544573410970,1
3005,1544573410970,1
3005,1544573411359,1
3005,1544573411415,1
3005,1544573411502,1
3005,1544573411972,1
3005,1544573411974,1
3005,1544573412358,1
3005,1544573412418,1
3005,1544573412507,1
3005,1544573412973,1
3005,1544573412977,1
3005,1544573413362,1
3005,1544573413424,1
3005,1544573413515,1
3005,1544573413976,1
3005,1544573413978,1
3005,1544573414366,1
3005,1544573414428,1
3005,1544573414516,1
3005,1544573414981,1
3005,1544573414984,1
3005,1544573415369,1
3005,1544573415424,1
3005,1544573415521,1
3005,1544573415985,1
3005,1544573415988,1
3005,1544573416371,1
3005,1544573416429,1
3005,1544573416524,1
3005,1544573416989,1
3005,1544573416992,1
3005,1544573417373,1
3005,1544573417430,1
3005,1544573417530,1
3005,1544573417994,1
3005,1544573417997,1
3005,1544573418374,1
3005,1544573418431,1
3005,1544573418531,1
3005,1544573418998,1
3005,1544573418999,1
3005,1544573419376,1
3005,1544573419438,1
3005,1544573419537,1
3005,1544573420002,1
3005,1544573420004,1
3005,1544573420379,1
3005,1544573420442,1
3005,1544573420542,1
3005,1544573421005,1
3005,1544573421007,1
3005,1544573421381,1
3005,1544573421445,1
3005,1544573421544,1
3005,1544573422008,1
3005,1544573422010,1
3005,1544573422385,1
3005,1544573422448,1
3005,1544573422549,1
3005,1544573423007,1
3005,1544573423009,1
3005,1544573423386,1
3005,1544573423453,1
3005,1544573423552,1
3005,1544573424007,1
3005,1544573424010,1
3005,1544573424391,1
3005,1544573424454,1
3005,1544573424554,1
3005,1544573425009,1
3005,1544573425011,1
3005,1544573425391,1
3005,1544573425458,1
3005,1544573425559,1
3005,1544573426009,1
3005,1544573426012,1
3005,1544573426396,1
3005,1544573426462,1
3005,1544573426563,1
3005,1544573427010,1
3005,1544573427015,1
3005,1544573427400,1
3005,1544573427461,1
3005,1544573427568,1
3005,1544573428010,1
3005,1544573428015,1
3005,1544573428406,1
3005,1544573428466,1
3005,1544573428573,1
3005,1544573429009,1
3005,1544573429012,1
3005,1544573429407,1
3005,1544573429469,1
3005,1544573429574,1
3005,1544573430010,1
3005,1544573430012,1
3005,1544573430410,1
3005,1544573430472,1
3005,1544573430580,1
3005,1544573431012,1
3005,1544573431014,1
3005,1544573431415,1
3005,1544573431477,1
3005,1544573431584,1
3005,1544573432012,1
3005,1544573432015,1
3005,1544573432418,1
3005,1544573432481,1
3005,1544573432589,1
3005,1544573433014,1
3005,1544573433018,1
3005,1544573433418,1
3005,1544573433485,1
3005,1544573433592,1
3005,1544573434017,1
3005,1544573434021,1
3005,1544573434422,1
3005,1544573434489,1
3005,1544573434595,1
3005,1544573435016,1
3005,1544573435021,1
3005,1544573435422,1
3005,1544573435493,1
3005,1544573435596,1
3005,1544573436018,1
3005,1544573436019,1
3005,1544573436423,1
3005,1544573436498,1
3005,1544573436599,1
3005,1544573437018,1
3005,1544573437022,1
3005,1544573437425,1
3005,1544573437503,1
3005,1544573437604,1
3005,1544573438020,1
3005,1544573438023,1
3005,1544573438430,1
3005,1544573438505,1
3005,1544573438608,1
3005,1544573439020,1
3005,1544573439022,1
3005,1544573439432,1
3005,1544573439510,1
3005,1544573439612,1
3005,1544573440021,1
3005,1544573440024,1
3005,1544573440435,1
3005,1544573440513,1
3005,1544573440615,1
3005,1544573441020,1
3005,1544573441022,1
3005,1544573441438,1
3005,1544573441511,1
3005,1544573441620,1
3005,1544573442021,1
3005,1544573442023,1
3005,1544573442439,1
3005,1544573442511,1
3005,1544573442625,1
3005,1544573443021,1
3005,1544573443023,1
3005,1544573443442,1
3005,1544573443515,1
3005,1544573443629,1
3005,1544573444025,1
3005,1544573444028,1
3005,1544573444446,1
3005,1544573444518,1
3005,1544573444631,1
3005,1544573445028,1
3005,1544573445032,1
3005,1544573445450,1
3005,1544573445521,1
3005,1544573445639,1
3005,1544573446030,1
3005,1544573446033,1
3005,1544573446455,1
3005,1544573446525,1
3005,1544573446642,1
3005,1544573447034,1
3005,1544573447042,1
3005,1544573447460,1
3005,1544573447525,1
3005,1544573447645,1
3005,1544573448038,1
3005,1544573448044,1
3005,1544573448460,1
3005,1544573448529,1
3005,1544573448654,1
3005,1544573449040,1
3005,1544573449043,1
3005,1544573449464,1
3005,1544573449537,1
3005,1544573449655,1
3005,1544573450044,1
3005,1544573450047,1
3005,1544573450466,1
3005,1544573450538,1
3005,1544573450657,1
3005,1544573451049,1
3005,1544573451052,1
3005,1544573451470,1
3005,1544573451539,1
3005,1544573451660,1
3005,1544573452052,1
3005,1544573452054,1
3005,1544573452474,1
3005,1544573452545,1
3005,1544573452661,1
3005,1544573453056,1
3005,1544573453058,1
3005,1544573453477,1
3005,1544573453550,1
3005,1544573453668,1
3005,1544573454061,1
3005,1544573454064,1
3005,1544573454481,1
3005,1544573454552,1
3005,1544573454668,1
3005,1544573455065,1
3005,1544573455068,1
3005,1544573455483,1
3005,1544573455557,1
3005,1544573455668,1
3005,1544573456068,1
3005,1544573456071,1
3005,1544573456486,1
3005,1544573456562,1
3005,1544573456671,1
3005,1544573457070,1
3005,1544573457075,1
3005,1544573457491,1
3005,1544573457562,1
3005,1544573457670,1
3005,1544573458076,1
3005,1544573458079,1
3005,1544573458495,1
3005,1544573458568,1
3005,1544573458676,1
3005,1544573459078,1
3005,1544573459081,1
3005,1544573459501,1
3005,1544573459573,1
3005,1544573459677,1
3005,1544573460083,1
3005,1544573460085,1
3005,1544573460506,1
3005,1544573460577,1
3005,1544573460685,1
3005,1544573461085,1
3005,1544573461088,1
3005,1544573461508,1
3005,1544573461581,1
3005,1544573461688,1
3005,1544573462090,1
3005,1544573462094,1
3005,1544573462509,1
3005,1544573462584,1
3005,1544573462691,1
3005,1544573463091,1
3005,1544573463093,1
3005,1544573463510,1
3005,1544573463590,1
3005,1544573463699,1
3005,1544573464093,1
3005,1544573464097,1
3005,1544573464514,1
3005,1544573464589,1
3005,1544573464699,1
3005,1544573465097,1
3005,1544573465098,1
3005,1544573465517,1
3005,1544573465592,1
3005,1544573465705,1
3005,1544573466101,1
3005,1544573466106,1
3005,1544573466523,1
3005,1544573466596,1
3005,1544573466707,1
3005,1544573467105,1
3005,1544573467110,1
3005,1544573467522,1
3005,1544573467600,1
3005,1544573467712,1
3005,1544573468109,1
3005,1544573468112,1
3005,1544573468525,1
3005,1544573468603,1
3005,1544573468717,1
3005,1544573469113,1
3005,1544573469114,1
3005,1544573469529,1
3005,1544573469606,1
3005,1544573469714,1
3005,1544573470118,1
3005,1544573470122,1
3005,1544573470533,1
3005,1544573470612,1
3005,1544573470720,1
3005,1544573471121,1
3005,1544573471122,1
3005,1544573471536,1
3005,1544573471612,1
3005,1544573471721,1
3005,1544573472125,1
3005,1544573472130,1
3005,1544573472535,1
3005,1544573472614,1
3005,1544573472719,1
3005,1544573473130,1
3005,1544573473131,1
3005,1544573473535,1
3005,1544573473618,1
3005,1544573473725,1
3005,1544573474129,1
3005,1544573474136,1
3005,1544573474537,1
3005,1544573474620,1
3005,1544573474727,1
3005,1544573475128,1
3005,1544573475130,1
3005,1544573475538,1
3005,1544573475626,1
3005,1544573475732,1
3005,1544573476129,1
3005,1544573476133,1
3005,1544573476544,1
3005,1544573476632,1
3005,1544573476734,1
3005,1544573477134,1
3005,1544573477137,1
3005,1544573477547,1
3005,1544573477634,1
3005,1544573477738,1
3005,1544573478138,1
3005,1544573478142,1
3005,1544573478549,1
3005,1544573478634,1
3005,1544573478742,1
3005,1544573479142,1
3005,1544573479145,1
3005,1544573479552,1
3005,1544573479638,1
3005,1544573479744,1
3005,1544573480147,1
3005,1544573480150,1
3005,1544573480555,1
3005,1544573480643,1
3005,1544573480747,1
3005,1544573481151,1
3005,1544573481153,1
3005,1544573481559,1
3005,1544573481646,1
3005,1544573481751,1
3005,1544573482154,1
3005,1544573482159,1
3005,1544573482564,1
3005,1544573482650,1
3005,1544573482757,1
3005,1544573483158,1
3005,1544573483163,1
3005,1544573483566,1
3005,1544573483652,1
3005,1544573483761,1
3005,1544573484162,1
3005,1544573484165,1
3005,1544573484567,1
3005,1544573484653,1
3005,1544573484765,1
3005,1544573485161,1
3005,1544573485168,1
3005,1544573485571,1
3005,1544573485658,1
3005,1544573485769,1
3005,1544573486166,1
3005,1544573486171,1
3005,1544573486575,1
3005,1544573486661,1
3005,1544573486773,1
3005,1544573487169,1
3005,1544573487176,1
3005,1544573487579,1
3005,1544573487666,1
3005,1544573487782,1
3005,1544573488172,1
3005,1544573488178,1
3005,1544573488584,1
3005,1544573488668,1
3005,1544573488787,1
3005,1544573489175,1
3005,1544573489181,1
3005,1544573489586,1
3005,1544573489669,1
3005,1544573489789,1
3005,1544573490178,1
3005,1544573490184,1
3005,1544573490589,1
3005,1544573490675,1
3005,1544573490787,1
3005,1544573491182,1
3005,1544573491188,1
3005,1544573491591,1
3005,1544573491677,1
3005,1544573491792,1
3005,1544573492182,1
3005,1544573492191,1
3005,1544573492594,1
3005,1544573492678,1
3005,1544573492794,1
3005,1544573493184,1
3005,1544573493193,1
3005,1544573493596,1
3005,1544573493680,1
3005,1544573493792,1
3005,1544573494184,1
3005,1544573494191,1
3005,1544573494598,1
3005,1544573494687,1
3005,1544573494800,1
3005,1544573495188,1
3005,1544573495194,1
3005,1544573495601,1
3005,1544573495689,1
3005,1544573495804,1
3005,1544573496189,1
3005,1544573496195,1
3005,1544573496604,1
3005,1544573496692,1
3005,1544573496807,1
3005,1544573497194,1
3005,1544573497199,1
3005,1544573497607,1
3005,1544573497699,1
3005,1544573497811,1
3005,1544573498196,1
3005,1544573498203,1
3005,1544573498612,1
3005,1544573498702,1
3005,1544573498815,1
3005,1544573499199,1
3005,1544573499208,1
3005,1544573499615,1
3005,1544573499705,1
3005,1544573499818,1
3005,1544573500203,1
3005,1544573500210,1
3005,1544573500619,1
3005,1544573500709,1
3005,1544573500822,1
3005,1544573501207,1
3005,1544573501215,1
3005,1544573501621,1
3005,1544573501712,1
3005,1544573501825,1
3005,1544573502210,1
3005,1544573502219,1
3005,1544573502627,1
3005,1544573502713,1
3005,1544573502831,1
3005,1544573503215,1
3005,1544573503222,1
3005,1544573503631,1
3005,1544573503715,1
3005,1544573503835,1
3005,1544573504220,1
3005,1544573504228,1
3005,1544573504636,1
3005,1544573504721,1
3005,1544573504840,1
3005,1544573505223,1
3005,1544573505231,1
3005,1544573505639,1
3005,1544573505724,1
3005,1544573505843,1
3005,1544573506228,1
3005,1544573506235,1
3005,1544573506640,1
3005,1544573506729,1
3005,1544573506848,1
3005,1544573507232,1
3005,1544573507240,1
3005,1544573507643,1
3005,1544573507732,1
3005,1544573507851,1
3005,1544573508236,1
3005,1544573508242,1
3005,1544573508646,1
3005,1544573508736,1
3005,1544573508855,1
3005,1544573509242,1
3005,1544573509246,1
3005,1544573509651,1
3005,1544573509740,1
3005,1544573509858,1
3005,1544573510245,1
3005,1544573510250,1
3005,1544573510654,1
3005,1544573510746,1
3005,1544573510862,1
3005,1544573511248,1
3005,1544573511252,1
3005,1544573511658,1
3005,1544573511748,1
3005,1544573511867,1
3005,1544573512251,1
3005,1544573512257,1
3005,1544573512662,1
3005,1544573512755,1
3005,1544573512871,1
3005,1544573513255,1
3005,1544573513261,1
3005,1544573513666,1
3005,1544573513758,1
3005,1544573513876,1
3005,1544573514260,1
3005,1544573514264,1
3005,1544573514672,1
3005,1544573514761,1
3005,1544573514881,1
3005,1544573515263,1
3005,1544573515266,1
3005,1544573515676,1
3005,1544573515764,1
3005,1544573515882,1
3005,1544573516264,1
3005,1544573516266,1
3005,1544573516679,1
3005,1544573516765,1
3005,1544573516884,1
3005,1544573517268,1
3005,1544573517271,1
3005,1544573517683,1
3005,1544573517768,1
3005,1544573517889,1
3005,1544573518271,1
3005,1544573518274,1
3005,1544573518686,1
3005,1544573518771,1
3005,1544573518891,1
3005,1544573519274,1
3005,1544573519276,1
3005,1544573519691,1
3005,1544573519775,1
3005,1544573519896,1
3005,1544573520276,1
3005,1544573520279,1
3005,1544573520694,1
3005,1544573520777,1
3005,1544573520898,1
3005,1544573521278,1
3005,1544573521280,1
3005,1544573521697,1
3005,1544573521781,1
3005,1544573521903,1
3005,1544573522280,1
3005,1544573522283,1
3005,1544573522700,1
3005,1544573522785,1
3005,1544573522908,1
3005,1544573523282,1
3005,1544573523284,1
3005,1544573523700,1
3005,1544573523784,1
3005,1544573523910,1
3005,1544573524283,1
3005,1544573524285,1
3005,1544573524705,1
3005,1544573524789,1
3005,1544573524915,1
3005,1544573525290,1
3005,1544573525292,1
3005,1544573525709,1
3005,1544573525794,1
3005,1544573525916,1
3005,1544573526292,1
3005,1544573526294,1
3005,1544573526714,1
3005,1544573526797,1
3005,1544573526920,1
3005,1544573527296,1
3005,1544573527299,1
3005,1544573527719,1
3005,1544573527800,1
3005,1544573527925,1
3005,1544573528302,1
3005,1544573528306,1
3005,1544573528722,1
3005,1544573528805,1
3005,1544573528929,1
3005,1544573529303,1
3005,1544573529306,1
3005,1544573529726,1
3005,1544573529809,1
3005,1544573529934,1
3005,1544573530308,1
3005,1544573530311,1
3005,1544573530729,1
3005,1544573530813,1
3005,1544573530936,1
3005,1544573531311,1
3005,1544573531313,1
3005,1544573531733,1
3005,1544573531816,1
3005,1544573531939,1
3005,1544573532314,1
3005,1544573532316,1
3005,1544573532737,1
3005,1544573532823,1
3005,1544573532942,1
3005,1544573533317,1
3005,1544573533322,1
3005,1544573533742,1
3005,1544573533826,1
3005,1544573533946,1
3005,1544573534319,1
3005,1544573534325,1
3005,1544573534744,1
3005,1544573534829,1
3005,1544573534947,1
3005,1544573535322,1
3005,1544573535325,1
3005,1544573535750,1
3005,1544573535833,1
3005,1544573535954,1
3005,1544573536329,1
3005,1544573536332,1
3005,1544573536754,1
3005,1544573536838,1
3005,1544573536953,1
3005,1544573537332,1
3005,1544573537336,1
3005,1544573537759,1
3005,1544573537841,1
3005,1544573537956,1
3005,1544573538334,1
3005,1544573538337,1
3005,1544573538761,1
3005,1544573538845,1
3005,1544573538960,1
3005,1544573539340,1
3005,1544573539342,1
3005,1544573539764,1
3005,1544573539849,1
3005,1544573539964,1
3005,1544573540342,1
3005,1544573540344,1
3005,1544573540766,1
3005,1544573540857,1
3005,1544573540968,1
3005,1544573541348,1
3005,1544573541353,1
3005,1544573541767,1
3005,1544573541861,1
3005,1544573541973,1
3005,1544573542353,1
3005,1544573542357,1
3005,1544573542772,1
3005,1544573542863,1
3005,1544573542977,1
3005,1544573543356,1
3005,1544573543359,1
3005,1544573543775,1
3005,1544573543867,1
3005,1544573543980,1
3005,1544573544358,1
3005,1544573544360,1
3005,1544573544777,1
3005,1544573544870,1
3005,1544573544983,1
3005,1544573545365,1
3005,1544573545368,1
3005,1544573545780,1
3005,1544573545874,1
3005,1544573545984,1
3005,1544573546366,1
3005,1544573546370,1
3005,1544573546785,1
3005,1544573546877,1
3005,1544573546990,1
3005,1544573547370,1
3005,1544573547373,1
3005,1544573547790,1
3005,1544573547883,1
3005,1544573547991,1
3005,1544573548372,1
3005,1544573548374,1
3005,1544573548794,1
3005,1544573548887,1
3005,1544573548992,1
3005,1544573549371,1
3005,1544573549374,1
3005,1544573549797,1
3005,1544573549893,1
3005,1544573549998,1
3005,1544573550375,1
3005,1544573550376,1
3005,1544573550800,1
3005,1544573550901,1
3005,1544573551001,1
3005,1544573551378,1
3005,1544573551379,1
3005,1544573551803,1
3005,1544573551901,1
3005,1544573552006,1
3005,1544573552380,1
3005,1544573552383,1
3005,1544573552808,1
3005,1544573552903,1
3005,1544573553007,1
3005,1544573553384,1
3005,1544573553387,1
3005,1544573553810,1
3005,1544573553910,1
3005,1544573554010,1
3005,1544573554390,1
3005,1544573554394,1
3005,1544573554814,1
3005,1544573554911,1
3005,1544573555013,1
3005,1544573555394,1
3005,1544573555397,1
3005,1544573555818,1
3005,1544573555914,1
3005,1544573556014,1
3005,1544573556396,1
3005,1544573556399,1
3005,1544573556822,1
3005,1544573556918,1
3005,1544573557017,1
3005,1544573557397,1
3005,1544573557400,1
3005,1544573557827,1
3005,1544573557923,1
3005,1544573558023,1
3005,1544573558401,1
3005,1544573558404,1
3005,1544573558831,1
3005,1544573558924,1
3005,1544573559024,1
3005,1544573559406,1
3005,1544573559410,1
3005,1544573559835,1
3005,1544573559925,1
3005,1544573560026,1
3005,1544573560410,1
3005,1544573560412,1
3005,1544573560840,1
3005,1544573560928,1
3005,1544573561028,1
3005,1544573561409,1
3005,1544573561415,1
3005,1544573561843,1
3005,1544573561932,1
3005,1544573562029,1
3005,1544573562413,1
3005,1544573562419,1
3005,1544573562848,1
3005,1544573562938,1
3005,1544573563036,1
3005,1544573563417,1
3005,1544573563420,1
3005,1544573563850,1
3005,1544573563943,1
3005,1544573564040,1
3005,1544573564422,1
3005,1544573564426,1
3005,1544573564855,1
3005,1544573564939,1
3005,1544573565045,1
3005,1544573565424,1
3005,1544573565427,1
3005,1544573565856,1
3005,1544573565944,1
3005,1544573566044,1
3005,1544573566430,1
3005,1544573566433,1
3005,1544573566857,1
3005,1544573566947,1
3005,1544573567049,1
3005,1544573567433,1
3005,1544573567436,1
3005,1544573567861,1
3005,1544573567952,1
3005,1544573568052,1
3005,1544573568437,1
3005,1544573568438,1
3005,1544573568862,1
3005,1544573568956,1
3005,1544573569057,1
3005,1544573569440,1
3005,1544573569441,1
3005,1544573569863,1
3005,1544573569960,1
3005,1544573570060,1
3005,1544573570439,1
3005,1544573570441,1
3005,1544573570862,1
3005,1544573570964,1
3005,1544573571067,1
3005,1544573571440,1
3005,1544573571442,1
3005,1544573571866,1
3005,1544573571968,1
3005,1544573572070,1
3005,1544573572442,1
3005,1544573572444,1
3005,1544573572870,1
3005,1544573572972,1
3005,1544573573072,1
3005,1544573573448,1
3005,1544573573451,1
3005,1544573573875,1
3005,1544573573976,1
3005,1544573574078,1
3005,1544573574451,1
3005,1544573574455,1
3005,1544573574877,1
3005,1544573574981,1
3005,1544573575082,1
3005,1544573575457,1
3005,1544573575461,1
3005,1544573575882,1
3005,1544573575984,1
3005,1544573576082,1
3005,1544573576459,1
3005,1544573576461,1
3005,1544573576885,1
3005,1544573576988,1
3005,1544573577085,1
3005,1544573577456,1
3005,1544573577459,1
3005,1544573577888,1
3005,1544573577991,1
3005,1544573578090,1
3005,1544573578463,1
3005,1544573578467,1
3005,1544573578890,1
3005,1544573578998,1
3005,1544573579092,1
3005,1544573579465,1
3005,1544573579467,1
3005,1544573579893,1
3005,1544573580000,1
3005,1544573580097,1
3005,1544573580466,1
3005,1544573580469,1
3005,1544573580897,1
3005,1544573581007,1
3005,1544573581102,1
3005,1544573581469,1
3005,1544573581471,1
3005,1544573581898,1
3005,1544573582011,1
3005,1544573582105,1
3005,1544573582475,1
3005,1544573582478,1
3005,1544573582898,1
3005,1544573583014,1
3005,1544573583111,1
3005,1544573583479,1
3005,1544573583481,1
3005,1544573583900,1
3005,1544573584013,1
3005,1544573584114,1
3005,1544573584477,1
3005,1544573584480,1
3005,1544573584904,1
3005,1544573585010,1
3005,1544573585120,1
3005,1544573585477,1
3005,1544573585480,1
3005,1544573585906,1
3005,1544573586011,1
3005,1544573586121,1
3005,1544573586483,1
3005,1544573586484,1
3005,1544573586910,1
3005,1544573587014,1
3005,1544573587124,1
3005,1544573587484,1
3005,1544573587485,1
3005,1544573587913,1
3005,1544573588013,1
3005,1544573588128,1
3005,1544573588487,1
3005,1544573588487,1
3005,1544573588917,1
3005,1544573589016,1
3005,1544573589132,1
3005,1544573589487,1
3005,1544573589488,1
3005,1544573589920,1
3005,1544573590018,1
3005,1544573590138,1
3005,1544573590491,1
3005,1544573590492,1
3005,1544573590925,1
3005,1544573591018,1
3005,1544573591144,1
3005,1544573591491,1
3005,1544573591493,1
3005,1544573591930,1
3005,1544573592019,1
3005,1544573592144,1
3005,1544573592494,1
3005,1544573592497,1
3005,1544573592934,1
3005,1544573593022,1
3005,1544573593150,1
3005,1544573593499,1
3005,1544573593502,1
3005,1544573593935,1
3005,1544573594023,1
3005,1544573594151,1
3005,1544573594501,1
3005,1544573594503,1
3005,1544573594938,1
3005,1544573595027,1
3005,1544573595154,1
3005,1544573595505,1
3005,1544573595508,1
3005,1544573595939,1
3005,1544573596028,1
3005,1544573596158,1
3005,1544573596507,1
3005,1544573596509,1
3005,1544573596944,1
3005,1544573597033,1
3005,1544573597162,1
3005,1544573597509,1
3005,1544573597511,1
3005,1544573597945,1
3005,1544573598036,1
3005,1544573598168,1
3005,1544573598511,1
3005,1544573598514,1
3005,1544573598948,1
3005,1544573599043,1
3005,1544573599168,1
3005,1544573599512,1
3005,1544573599517,1
3005,1544573599949,1
3005,1544573600046,1
3005,1544573600170,1
3005,1544573600516,1
3005,1544573600522,1
3005,1544573600952,1
3005,1544573601051,1
3005,1544573601173,1
3005,1544573601521,1
3005,1544573601523,1
3005,1544573601955,1
3005,1544573602054,1
3005,1544573602178,1
3005,1544573602522,1
3005,1544573602527,1
3005,1544573602957,1
3005,1544573603053,1
3005,1544573603181,1
3005,1544573603526,1
3005,1544573603529,1
3005,1544573603957,1
3005,1544573604055,1
3005,1544573604186,1
3005,1544573604531,1
3005,1544573604534,1
3005,1544573604957,1
3005,1544573605060,1
3005,1544573605185,1
3005,1544573605536,1
3005,1544573605538,1
3005,1544573605962,1
3005,1544573606062,1
3005,1544573606191,1
3005,1544573606540,1
3005,1544573606542,1
3005,1544573606969,1
3005,1544573607063,1
3005,1544573607193,1
3005,1544573607543,1
3005,1544573607545,1
3005,1544573607968,1
3005,1544573608066,1
3005,1544573608196,1
3005,1544573608548,1
3005,1544573608550,1
3005,1544573608970,1
3005,1544573609071,1
3005,1544573609202,1
3005,1544573609553,1
3005,1544573609555,1
3005,1544573609971,1
3005,1544573610074,1
3005,1544573610207,1
3005,1544573610553,1
3005,1544573610556,1
3005,1544573610972,1
3005,1544573611077,1
3005,1544573611209,1
3005,1544573611560,1
3005,1544573611562,1
3005,1544573611976,1
3005,1544573612081,1
3005,1544573612214,1
3005,1544573612563,1
3005,1544573612564,1
3005,1544573612979,1
3005,1544573613083,1
3005,1544573613217,1
3005,1544573613563,1
3005,1544573613564,1
3005,1544573613984,1
3005,1544573614087,1
3005,1544573614222,1
3005,1544573614566,1
3005,1544573614568,1
3005,1544573614987,1
3005,1544573615091,1
3005,1544573615226,1
3005,1544573615569,1
3005,1544573615570,1
3005,1544573615991,1
3005,1544573616091,1
3005,1544573616230,1
3005,1544573616564,1
3005,1544573616566,1
3005,1544573616992,1
3005,1544573617098,1
3005,1544573617232,1
3005,1544573617566,1
3005,1544573617569,1
3005,1544573617994,1
3005,1544573618101,1
3005,1544573618240,1
3005,1544573618571,1
3005,1544573618574,1
3005,1544573618998,1
3005,1544573619106,1
3005,1544573619242,1
3005,1544573619575,1
3005,1544573619580,1
3005,1544573620003,1
3005,1544573620114,1
3005,1544573620246,1
3005,1544573620578,1
3005,1544573620582,1
3005,1544573621002,1
3005,1544573621112,1
3005,1544573621250,1
3005,1544573621584,1
3005,1544573621587,1
3005,1544573622004,1
3005,1544573622117,1
3005,1544573622254,1
3005,1544573622587,1
3005,1544573622590,1
3005,1544573623005,1
3005,1544573623122,1
3005,1544573623255,1
3005,1544573623590,1
3005,1544573623592,1
3005,1544573624005,1
3005,1544573624121,1
3005,1544573624258,1
3005,1544573624592,1
3005,1544573624598,1
3005,1544573625006,1
3005,1544573625124,1
3005,1544573625260,1
3005,1544573625596,1
3005,1544573625599,1
3005,1544573626006,1
3005,1544573626128,1
3005,1544573626266,1
3005,1544573626596,1
3005,1544573626600,1
3005,1544573627008,1
3005,1544573627135,1
3005,1544573627269,1
3005,1544573627597,1
3005,1544573627603,1
3005,1544573628008,1
3005,1544573628133,1
3005,1544573628273,1
3005,1544573628597,1
3005,1544573628606,1
3005,1544573629009,1
3005,1544573629138,1
3005,1544573629276,1
3005,1544573629602,1
3005,1544573629606,1
3005,1544573630009,1
3005,1544573630140,1
3005,1544573630282,1
3005,1544573630605,1
3005,1544573630608,1
3005,1544573631011,1
3005,1544573631142,1
3005,1544573631287,1
3005,1544573631610,1
3005,1544573631613,1
3005,1544573632010,1
3005,1544573632151,1
3005,1544573632289,1
3005,1544573632610,1
3005,1544573632614,1
3005,1544573633011,1
3005,1544573633147,1
3005,1544573633295,1
3005,1544573633613,1
3005,1544573633616,1
3005,1544573634011,1
3005,1544573634149,1
3005,1544573634296,1
3005,1544573634617,1
3005,1544573634620,1
3005,1544573635012,1
3005,1544573635152,1
3005,1544573635297,1
3005,1544573635619,1
3005,1544573635621,1
3005,1544573636015,1
3005,1544573636155,1
3005,1544573636302,1
3005,1544573636621,1
3005,1544573636624,1
3005,1544573637017,1
3005,1544573637163,1
3005,1544573637304,1
3005,1544573637624,1
3005,1544573637627,1
3005,1544573638020,1
3005,1544573638166,1
3005,1544573638307,1
3005,1544573638627,1
3005,1544573638630,1
3005,1544573639021,1
3005,1544573639162,1
3005,1544573639310,1
3005,1544573639628,1
3005,1544573639631,1
3005,1544573640021,1
3005,1544573640164,1
3005,1544573640313,1
3005,1544573640631,1
3005,1544573640634,1
3005,1544573641023,1
3005,1544573641165,1
3005,1544573641314,1
3005,1544573641636,1
3005,1544573641639,1
3005,1544573642027,1
3005,1544573642171,1
3005,1544573642318,1
3005,1544573642640,1
3005,1544573642643,1
3005,1544573643032,1
3005,1544573643175,1
3005,1544573643324,1
3005,1544573643642,1
3005,1544573643645,1
3005,1544573644035,1
3005,1544573644177,1
3005,1544573644323,1
3005,1544573644643,1
3005,1544573644650,1
3005,1544573645040,1
3005,1544573645182,1
3005,1544573645326,1
3005,1544573645646,1
3005,1544573645652,1
3005,1544573646044,1
3005,1544573646185,1
3005,1544573646329,1
3005,1544573646649,1
3005,1544573646657,1
3005,1544573647046,1
3005,1544573647190,1
3005,1544573647333,1
3005,1544573647655,1
3005,1544573647660,1
3005,1544573648047,1
3005,1544573648192,1
3005,1544573648334,1
3005,1544573648659,1
3005,1544573648663,1
3005,1544573649050,1
3005,1544573649192,1
3005,1544573649339,1
3005,1544573649663,1
3005,1544573649665,1
3005,1544573650054,1
3005,1544573650196,1
3005,1544573650343,1
3005,1544573650665,1
3005,1544573650667,1
3005,1544573651054,1
3005,1544573651200,1
3005,1544573651345,1
3005,1544573651664,1
3005,1544573651666,1
3005,1544573652057,1
3005,1544573652204,1
3005,1544573652354,1
3005,1544573652665,1
3005,1544573652668,1
3005,1544573653061,1
3005,1544573653208,1
3005,1544573653353,1
3005,1544573653669,1
3005,1544573653671,1
3005,1544573654065,1
3005,1544573654212,1
3005,1544573654356,1
3005,1544573654674,1
3005,1544573654675,1
3005,1544573655069,1
3005,1544573655217,1
3005,1544573655358,1
3005,1544573655678,1
3005,1544573655679,1
3005,1544573656070,1
3005,1544573656218,1
3005,1544573656362,1
3005,1544573656677,1
3005,1544573656679,1
3005,1544573657073,1
3005,1544573657221,1
3005,1544573657368,1
3005,1544573657677,1
3005,1544573657679,1
3005,1544573658077,1
3005,1544573658225,1
3005,1544573658374,1
3005,1544573658680,1
3005,1544573658683,1
3005,1544573659079,1
3005,1544573659230,1
3005,1544573659376,1
3005,1544573659684,1
3005,1544573659688,1
3005,1544573660082,1
3005,1544573660230,1
3005,1544573660380,1
3005,1544573660690,1
3005,1544573660692,1
3005,1544573661087,1
3005,1544573661230,1
3005,1544573661383,1
3005,1544573661692,1
3005,1544573661695,1
3005,1544573662091,1
3005,1544573662234,1
3005,1544573662389,1
3005,1544573662697,1
3005,1544573662703,1
3005,1544573663094,1
3005,1544573663238,1
3005,1544573663391,1
3005,1544573663700,1
3005,1544573663702,1
3005,1544573664098,1
3005,1544573664242,1
3005,1544573664398,1
3005,1544573664701,1
3005,1544573664706,1
3005,1544573665103,1
3005,1544573665245,1
3005,1544573665398,1
3005,1544573665706,1
3005,1544573665707,1
3005,1544573666107,1
3005,1544573666250,1
3005,1544573666403,1
3005,1544573666710,1
3005,1544573666711,1
3005,1544573667111,1
3005,1544573667252,1
3005,1544573667405,1
3005,1544573667712,1
3005,1544573667713,1
3005,1544573668115,1
3005,1544573668257,1
3005,1544573668406,1
3005,1544573668714,1
3005,1544573668717,1
3005,1544573669118,1
3005,1544573669261,1
3005,1544573669410,1
3005,1544573669719,1
3005,1544573669722,1
3005,1544573670123,1
3005,1544573670266,1
3005,1544573670415,1
3005,1544573670723,1
3005,1544573670725,1
3005,1544573671127,1
3005,1544573671269,1
3005,1544573671418,1
3005,1544573671724,1
3005,1544573671725,1
3005,1544573672130,1
3005,1544573672271,1
3005,1544573672422,1
3005,1544573672727,1
3005,1544573672729,1
3005,1544573673135,1
3005,1544573673271,1
3005,1544573673423,1
3005,1544573673730,1
3005,1544573673733,1
3005,1544573674135,1
3005,1544573674276,1
3005,1544573674429,1
3005,1544573674734,1
3005,1544573674738,1
3005,1544573675137,1
3005,1544573675278,1
3005,1544573675432,1
3005,1544573675737,1
3005,1544573675739,1
3005,1544573676142,1
3005,1544573676279,1
3005,1544573676439,1
3005,1544573676745,1
3005,1544573676747,1
3005,1544573677146,1
3005,1544573677283,1
3005,1544573677441,1
3005,1544573677746,1
3005,1544573677749,1
3005,1544573678150,1
3005,1544573678283,1
3005,1544573678446,1
3005,1544573678746,1
3005,1544573678748,1
3005,1544573679153,1
3005,1544573679284,1
3005,1544573679449,1
3005,1544573679751,1
3005,1544573679753,1
3005,1544573680156,1
3005,1544573680287,1
3005,1544573680455,1
3005,1544573680753,1
3005,1544573680755,1
3005,1544573681160,1
3005,1544573681287,1
3005,1544573681461,1
3005,1544573681756,1
3005,1544573681761,1
3005,1544573682163,1
3005,1544573682289,1
3005,1544573682465,1
3005,1544573682761,1
3005,1544573682764,1
3005,1544573683167,1
3005,1544573683289,1
3005,1544573683469,1
3005,1544573683761,1
3005,1544573683764,1
3005,1544573684169,1
3005,1544573684294,1
3005,1544573684472,1
3005,1544573684762,1
3005,1544573684764,1
3005,1544573685172,1
3005,1544573685297,1
3005,1544573685476,1
3005,1544573685767,1
3005,1544573685770,1
3005,1544573686176,1
3005,1544573686301,1
3005,1544573686473,1
3005,1544573686771,1
3005,1544573686772,1
3005,1544573687181,1
3005,1544573687306,1
3005,1544573687477,1
3005,1544573687775,1
3005,1544573687779,1
3005,1544573688184,1
3005,1544573688311,1
3005,1544573688481,1
3005,1544573688779,1
3005,1544573688782,1
3005,1544573689185,1
3005,1544573689314,1
3005,1544573689485,1
3005,1544573689782,1
3005,1544573689786,1
3005,1544573690185,1
3005,1544573690320,1
3005,1544573690491,1
3005,1544573690786,1
3005,1544573690788,1
3005,1544573691188,1
3005,1544573691321,1
3005,1544573691492,1
3005,1544573691786,1
3005,1544573691792,1
3005,1544573692193,1
3005,1544573692327,1
3005,1544573692497,1
3005,1544573692789,1
3005,1544573692795,1
3005,1544573693197,1
3005,1544573693326,1
3005,1544573693501,1
3005,1544573693792,1
3005,1544573693799,1
3005,1544573694199,1
3005,1544573694330,1
3005,1544573694507,1
3005,1544573694796,1
3005,1544573694803,1
3005,1544573695203,1
3005,1544573695333,1
3005,1544573695509,1
3005,1544573695798,1
3005,1544573695803,1
3005,1544573696205,1
3005,1544573696334,1
3005,1544573696513,1
3005,1544573696801,1
3005,1544573696807,1
3005,1544573697210,1
3005,1544573697334,1
3005,1544573697516,1
3005,1544573697803,1
3005,1544573697808,1
3005,1544573698212,1
3005,1544573698338,1
3005,1544573698520,1
3005,1544573698806,1
3005,1544573698812,1
3005,1544573699218,1
3005,1544573699342,1
3005,1544573699525,1
3005,1544573699812,1
3005,1544573699815,1
3005,1544573700221,1
3005,1544573700342,1
3005,1544573700530,1
3005,1544573700815,1
3005,1544573700818,1
3005,1544573701226,1
3005,1544573701341,1
3005,1544573701533,1
3005,1544573701818,1
3005,1544573701820,1
3005,1544573702230,1
3005,1544573702343,1
3005,1544573702536,1
3005,1544573702822,1
3005,1544573702824,1
3005,1544573703230,1
3005,1544573703346,1
3005,1544573703542,1
3005,1544573703827,1
3005,1544573703828,1
3005,1544573704232,1
3005,1544573704351,1
3005,1544573704546,1
3005,1544573704830,1
3005,1544573704830,1
3005,1544573705236,1
3005,1544573705353,1
3005,1544573705551,1
3005,1544573705831,1
3005,1544573705833,1
3005,1544573706236,1
3005,1544573706352,1
3005,1544573706553,1
3005,1544573706831,1
3005,1544573706833,1
3005,1544573707236,1
3005,1544573707353,1
3005,1544573707557,1
3005,1544573707832,1
3005,1544573707834,1
3005,1544573708242,1
3005,1544573708358,1
3005,1544573708560,1
3005,1544573708836,1
3005,1544573708840,1
3005,1544573709246,1
3005,1544573709359,1
3005,1544573709563,1
3005,1544573709838,1
3005,1544573709841,1
3005,1544573710252,1
3005,1544573710359,1
3005,1544573710569,1
3005,1544573710838,1
3005,1544573710839,1
3005,1544573711254,1
3005,1544573711363,1
3005,1544573711568,1
3005,1544573711842,1
3005,1544573711845,1
3005,1544573712256,1
3005,1544573712361,1
3005,1544573712571,1
3005,1544573712846,1
3005,1544573712851,1
3005,1544573713258,1
3005,1544573713365,1
3005,1544573713573,1
3005,1544573713853,1
3005,1544573713854,1
3005,1544573714261,1
3005,1544573714369,1
3005,1544573714575,1
3005,1544573714855,1
3005,1544573714857,1
3005,1544573715266,1
3005,1544573715374,1
3005,1544573715578,1
3005,1544573715860,1
3005,1544573715862,1
3005,1544573716269,1
3005,1544573716376,1
3005,1544573716582,1
3005,1544573716862,1
3005,1544573716866,1
3005,1544573717274,1
3005,1544573717380,1
3005,1544573717587,1
3005,1544573717867,1
3005,1544573717872,1
3005,1544573718276,1
3005,1544573718384,1
3005,1544573718590,1
3005,1544573718872,1
3005,1544573718876,1
3005,1544573719281,1
3005,1544573719385,1
3005,1544573719594,1
3005,1544573719877,1
3005,1544573719879,1
3005,1544573720285,1
3005,1544573720390,1
3005,1544573720599,1
3005,1544573720880,1
3005,1544573720881,1
3005,1544573721287,1
3005,1544573721388,1
3005,1544573721604,1
3005,1544573721882,1
3005,1544573721885,1
3005,1544573722288,1
3005,1544573722392,1
3005,1544573722609,1
3005,1544573722888,1
3005,1544573722891,1
3005,1544573723291,1
3005,1544573723396,1
3005,1544573723611,1
3005,1544573723890,1
3005,1544573723892,1
3005,1544573724295,1
3005,1544573724399,1
3005,1544573724614,1
3005,1544573724892,1
3005,1544573724895,1
3005,1544573725300,1
3005,1544573725404,1
3005,1544573725617,1
3005,1544573725892,1
3005,1544573725894,1
3005,1544573726303,1
3005,1544573726409,1
3005,1544573726623,1
3005,1544573726896,1
3005,1544573726897,1
3005,1544573727303,1
3005,1544573727412,1
3005,1544573727627,1
3005,1544573727901,1
3005,1544573727902,1
3005,1544573728306,1
3005,1544573728416,1
3005,1544573728632,1
3005,1544573728899,1
3005,1544573728902,1
3005,1544573729306,1
3005,1544573729420,1
3005,1544573729632,1
3005,1544573729903,1
3005,1544573729906,1
3005,1544573730312,1
3005,1544573730421,1
3005,1544573730638,1
3005,1544573730907,1
3005,1544573730909,1
3005,1544573731315,1
3005,1544573731422,1
3005,1544573731641,1
3005,1544573731911,1
3005,1544573731914,1
3005,1544573732320,1
3005,1544573732426,1
3005,1544573732644,1
3005,1544573732915,1
3005,1544573732917,1
3005,1544573733324,1
3005,1544573733428,1
3005,1544573733650,1
3005,1544573733917,1
3005,1544573733919,1
3005,1544573734330,1
3005,1544573734432,1
3005,1544573734653,1
3005,1544573734917,1
3005,1544573734919,1
3005,1544573735334,1
3005,1544573735436,1
3005,1544573735657,1
3005,1544573735922,1
3005,1544573735924,1
3005,1544573736338,1
3005,1544573736440,1
3005,1544573736659,1
3005,1544573736926,1
3005,1544573736929,1
3005,1544573737343,1
3005,1544573737443,1
3005,1544573737661,1
3005,1544573737930,1
3005,1544573737933,1
3005,1544573738346,1
3005,1544573738450,1
3005,1544573738665,1
3005,1544573738934,1
3005,1544573738937,1
3005,1544573739350,1
3005,1544573739454,1
3005,1544573739670,1
3005,1544573739939,1
3005,1544573739942,1
3005,1544573740349,1
3005,1544573740456,1
3005,1544573740674,1
3005,1544573740941,1
3005,1544573740945,1
3005,1544573741353,1
3005,1544573741455,1
3005,1544573741676,1
3005,1544573741941,1
3005,1544573741945,1
3005,1544573742357,1
3005,1544573742459,1
3005,1544573742678,1
3005,1544573742944,1
3005,1544573742947,1
3005,1544573743361,1
3005,1544573743459,1
3005,1544573743680,1
3005,1544573743945,1
3005,1544573743947,1
3005,1544573744364,1
3005,1544573744460,1
3005,1544573744680,1
3005,1544573744950,1
3005,1544573744953,1
3005,1544573745369,1
3005,1544573745464,1
3005,1544573745682,1
3005,1544573745951,1
3005,1544573745953,1
3005,1544573746373,1
3005,1544573746469,1
3005,1544573746686,1
3005,1544573746955,1
3005,1544573746962,1
3005,1544573747377,1
3005,1544573747474,1
3005,1544573747690,1
3005,1544573747959,1
3005,1544573747961,1
3005,1544573748380,1
3005,1544573748476,1
3005,1544573748695,1
3005,1544573748963,1
3005,1544573748965,1
3005,1544573749384,1
3005,1544573749477,1
3005,1544573749698,1
3005,1544573749967,1
3005,1544573749970,1
3005,1544573750385,1
3005,1544573750482,1
3005,1544573750703,1
3005,1544573750970,1
3005,1544573750972,1
3005,1544573751385,1
3005,1544573751484,1
3005,1544573751706,1
3005,1544573751976,1
3005,1544573751979,1
3005,1544573752385,1
3005,1544573752487,1
3005,1544573752710,1
3005,1544573752978,1
3005,1544573752981,1
3005,1544573753387,1
3005,1544573753492,1
3005,1544573753714,1
3005,1544573753983,1
3005,1544573753985,1
3005,1544573754390,1
3005,1544573754494,1
3005,1544573754719,1
3005,1544573754986,1
3005,1544573754989,1
3005,1544573755394,1
3005,1544573755499,1
3005,1544573755723,1
3005,1544573755987,1
3005,1544573755989,1
3005,1544573756398,1
3005,1544573756503,1
3005,1544573756727,1
3005,1544573756992,1
3005,1544573756994,1
3005,1544573757401,1
3005,1544573757505,1
3005,1544573757728,1
3005,1544573757995,1
3005,1544573757997,1
3005,1544573758404,1
3005,1544573758508,1
3005,1544573758727,1
3005,1544573758998,1
3005,1544573759001,1
3005,1544573759407,1
3005,1544573759512,1
3005,1544573759732,1
3005,1544573760003,1
3005,1544573760004,1
3005,1544573760409,1
3005,1544573760517,1
3005,1544573760739,1
3005,1544573761006,1
3005,1544573761009,1
3005,1544573761413,1
3005,1544573761518,1
3005,1544573761743,1
3005,1544573762007,1
3005,1544573762009,1
3005,1544573762417,1
3005,1544573762522,1
3005,1544573762745,1
3005,1544573763008,1
3005,1544573763010,1
3005,1544573763422,1
3005,1544573763526,1
3005,1544573763748,1
3005,1544573764007,1
3005,1544573764009,1
3005,1544573764426,1
3005,1544573764529,1
3005,1544573764751,1
3005,1544573765008,1
3005,1544573765011,1
3005,1544573765431,1
3005,1544573765534,1
3005,1544573765754,1
3005,1544573766008,1
3005,1544573766010,1
3005,1544573766431,1
3005,1544573766538,1
3005,1544573766758,1
3005,1544573767009,1
3005,1544573767011,1
3005,1544573767431,1
3005,1544573767539,1
3005,1544573767760,1
3005,1544573768011,1
3005,1544573768012,1
3005,1544573768433,1
3005,1544573768543,1
3005,1544573768760,1
3005,1544573769009,1
3005,1544573769011,1
3005,1544573769437,1
3005,1544573769544,1
3005,1544573769762,1
3005,1544573770009,1
3005,1544573770011,1
3005,1544573770441,1
3005,1544573770548,1
3005,1544573770767,1
3005,1544573771009,1
3005,1544573771011,1
3005,1544573771444,1
3005,1544573771547,1
3005,1544573771771,1
3005,1544573772009,1
3005,1544573772012,1
3005,1544573772444,1
3005,1544573772549,1
3005,1544573772774,1
3005,1544573773010,1
3005,1544573773013,1
3005,1544573773447,1
3005,1544573773552,1
3005,1544573773777,1
3005,1544573774012,1
3005,1544573774014,1
3005,1544573774451,1
3005,1544573774557,1
3005,1544573774777,1
3005,1544573775012,1
3005,1544573775015,1
3005,1544573775455,1
3005,1544573775561,1
3005,1544573775782,1
3005,1544573776013,1
3005,1544573776015,1
3005,1544573776460,1
3005,1544573776561,1
3005,1544573776782,1
3005,1544573777012,1
3005,1544573777014,1
3005,1544573777459,1
3005,1544573777564,1
3005,1544573777782,1
3005,1544573778012,1
3005,1544573778014,1
3005,1544573778462,1
3005,1544573778570,1
3005,1544573778787,1
3005,1544573779015,1
3005,1544573779018,1
3005,1544573779466,1
3005,1544573779574,1
3005,1544573779792,1
3005,1544573780017,1
3005,1544573780021,1
3005,1544573780470,1
3005,1544573780578,1
3005,1544573780795,1
3005,1544573781020,1
3005,1544573781023,1
3005,1544573781474,1
3005,1544573781582,1
3005,1544573781800,1
3005,1544573782022,1
3005,1544573782025,1
3005,1544573782477,1
3005,1544573782586,1
3005,1544573782806,1
3005,1544573783027,1
3005,1544573783029,1
3005,1544573783482,1
3005,1544573783590,1
3005,1544573783807,1
3005,1544573784030,1
3005,1544573784033,1
3005,1544573784485,1
3005,1544573784591,1
3005,1544573784812,1
3005,1544573785034,1
3005,1544573785037,1
3005,1544573785490,1
3005,1544573785594,1
3005,1544573785813,1
3005,1544573786032,1
3005,1544573786034,1
3005,1544573786494,1
3005,1544573786598,1
3005,1544573786818,1
3005,1544573787038,1
3005,1544573787040,1
3005,1544573787499,1
3005,1544573787598,1
3005,1544573787823,1
3005,1544573788041,1
3005,1544573788043,1
3005,1544573788503,1
3005,1544573788598,1
3005,1544573788825,1
3005,1544573789043,1
3005,1544573789045,1
3005,1544573789506,1
3005,1544573789603,1
3005,1544573789828,1
3005,1544573790046,1
3005,1544573790047,1
3005,1544573790510,1
3005,1544573790605,1
3005,1544573790829,1
3005,1544573791051,1
3005,1544573791053,1
3005,1544573791510,1
3005,1544573791608,1
3005,1544573791833,1
3005,1544573792056,1
3005,1544573792058,1
3005,1544573792515,1
3005,1544573792611,1
3005,1544573792835,1
3005,1544573793052,1
3005,1544573793058,1
3005,1544573793516,1
3005,1544573793616,1
3005,1544573793834,1
3005,1544573794058,1
3005,1544573794066,1
3005,1544573794516,1
3005,1544573794620,1
3005,1544573794839,1
3005,1544573795063,1
3005,1544573795070,1
3005,1544573795519,1
3005,1544573795621,1
3005,1544573795842,1
3005,1544573796067,1
3005,1544573796074,1
3005,1544573796523,1
3005,1544573796625,1
3005,1544573796848,1
3005,1544573797070,1
3005,1544573797072,1
3005,1544573797526,1
3005,1544573797629,1
3005,1544573797853,1
3005,1544573798075,1
3005,1544573798081,1
3005,1544573798531,1
3005,1544573798634,1
3005,1544573798857,1
3005,1544573799077,1
3005,1544573799081,1
3005,1544573799535,1
3005,1544573799636,1
3005,1544573799860,1
3005,1544573800079,1
3005,1544573800081,1
3005,1544573800538,1
3005,1544573800641,1
3005,1544573800864,1
3005,1544573801082,1
3005,1544573801085,1
3005,1544573801543,1
3005,1544573801645,1
3005,1544573801868,1
3005,1544573802085,1
3005,1544573802087,1
3005,1544573802548,1
3005,1544573802648,1
3005,1544573802866,1
3005,1544573803087,1
3005,1544573803089,1
3005,1544573803552,1
3005,1544573803654,1
3005,1544573803870,1
3005,1544573804093,1
3005,1544573804095,1
3005,1544573804556,1
3005,1544573804657,1
3005,1544573804873,1
3005,1544573805092,1
3005,1544573805095,1
3005,1544573805559,1
3005,1544573805660,1
3005,1544573805877,1
3005,1544573806095,1
3005,1544573806097,1
3005,1544573806563,1
3005,1544573806662,1
3005,1544573806879,1
3005,1544573807098,1
3005,1544573807100,1
3005,1544573807568,1
3005,1544573807664,1
3005,1544573807881,1
3005,1544573808102,1
3005,1544573808104,1
3005,1544573808571,1
3005,1544573808667,1
3005,1544573808881,1
3005,1544573809107,1
3005,1544573809111,1
3005,1544573809575,1
3005,1544573809670,1
3005,1544573809880,1
3005,1544573810111,1
3005,1544573810115,1
3005,1544573810579,1
3005,1544573810675,1
3005,1544573810878,1
3005,1544573811116,1
3005,1544573811118,1
3005,1544573811584,1
3005,1544573811678,1
3005,1544573811881,1
3005,1544573812119,1
3005,1544573812121,1
3005,1544573812588,1
3005,1544573812686,1
3005,1544573812882,1
3005,1544573813122,1
3005,1544573813125,1
3005,1544573813589,1
3005,1544573813692,1
3005,1544573813888,1
3005,1544573814124,1
3005,1544573814127,1
3005,1544573814592,1
3005,1544573814688,1
3005,1544573814887,1
3005,1544573815129,1
3005,1544573815132,1
3005,1544573815596,1
3005,1544573815690,1
3005,1544573815891,1
3005,1544573816130,1
3005,1544573816133,1
3005,1544573816599,1
3005,1544573816694,1
3005,1544573816894,1
3005,1544573817134,1
3005,1544573817137,1
3005,1544573817603,1
3005,1544573817698,1
3005,1544573817896,1
3005,1544573818138,1
3005,1544573818142,1
3005,1544573818606,1
3005,1544573818702,1
3005,1544573818905,1
3005,1544573819142,1
3005,1544573819145,1
3005,1544573819610,1
3005,1544573819707,1
3005,1544573819907,1
3005,1544573820145,1
3005,1544573820147,1
3005,1544573820613,1
3005,1544573820711,1
3005,1544573820910,1
3005,1544573821150,1
3005,1544573821152,1
3005,1544573821615,1
3005,1544573821716,1
3005,1544573821915,1
3005,1544573822154,1
3005,1544573822157,1
3005,1544573822618,1
3005,1544573822719,1
3005,1544573822920,1
3005,1544573823158,1
3005,1544573823160,1
3005,1544573823623,1
3005,1544573823722,1
3005,1544573823921,1
3005,1544573824162,1
3005,1544573824164,1
3005,1544573824627,1
3005,1544573824728,1
3005,1544573824926,1
3005,1544573825163,1
3005,1544573825166,1
3005,1544573825628,1
3005,1544573825733,1
3005,1544573825931,1
3005,1544573826164,1
3005,1544573826166,1
3005,1544573826632,1
3005,1544573826735,1
3005,1544573826934,1
3005,1544573827164,1
3005,1544573827171,1
3005,1544573827634,1
3005,1544573827737,1
3005,1544573827937,1
3005,1544573828168,1
3005,1544573828173,1
3005,1544573828635,1
3005,1544573828741,1
3005,1544573828945,1
3005,1544573829170,1
3005,1544573829177,1
3005,1544573829639,1
3005,1544573829743,1
3005,1544573829947,1
3005,1544573830174,1
3005,1544573830182,1
3005,1544573830643,1
3005,1544573830749,1
3005,1544573830949,1
3005,1544573831179,1
3005,1544573831185,1
3005,1544573831647,1
3005,1544573831752,1
3005,1544573831950,1
3005,1544573832183,1
3005,1544573832189,1
3005,1544573832651,1
3005,1544573832757,1
3005,1544573832952,1
3005,1544573833184,1
3005,1544573833189,1
3005,1544573833655,1
3005,1544573833760,1
3005,1544573833957,1
3005,1544573834185,1
3005,1544573834193,1
3005,1544573834660,1
3005,1544573834763,1
3005,1544573834960,1
3005,1544573835188,1
3005,1544573835194,1
3005,1544573835664,1
3005,1544573835766,1
3005,1544573835966,1
3005,1544573836191,1
3005,1544573836198,1
3005,1544573836667,1
3005,1544573836770,1
3005,1544573836970,1
3005,1544573837196,1
3005,1544573837203,1
3005,1544573837672,1
3005,1544573837773,1
3005,1544573837973,1
3005,1544573838200,1
3005,1544573838205,1
3005,1544573838676,1
3005,1544573838778,1
3005,1544573838977,1
3005,1544573839202,1
3005,1544573839206,1
3005,1544573839679,1
3005,1544573839780,1
3005,1544573839983,1
3005,1544573840205,1
3005,1544573840210,1
3005,1544573840683,1
3005,1544573840783,1
3005,1544573840986,1
3005,1544573841207,1
3005,1544573841210,1
3005,1544573841684,1
3005,1544573841787,1
3005,1544573841990,1
3005,1544573842210,1
3005,1544573842211,1
3005,1544573842685,1
3005,1544573842790,1
3005,1544573842990,1
3005,1544573843214,1
3005,1544573843217,1
3005,1544573843689,1
3005,1544573843794,1
3005,1544573843993,1
3005,1544573844214,1
3005,1544573844217,1
3005,1544573844694,1
3005,1544573844799,1
3005,1544573844995,1
3005,1544573845218,1
3005,1544573845220,1
3005,1544573845698,1
3005,1544573845801,1
3005,1544573846001,1
3005,1544573846222,1
3005,1544573846225,1
3005,1544573846702,1
3005,1544573846803,1
3005,1544573846999,1
3005,1544573847222,1
3005,1544573847224,1
3005,1544573847707,1
3005,1544573847807,1
3005,1544573847999,1
3005,1544573848224,1
3005,1544573848225,1
3005,1544573848711,1
3005,1544573848812,1
3005,1544573849007,1
3005,1544573849231,1
3005,1544573849232,1
3005,1544573849715,1
3005,1544573849816,1
3005,1544573850009,1
3005,1544573850231,1
3005,1544573850234,1
3005,1544573850718,1
3005,1544573850820,1
3005,1544573851012,1
3005,1544573851233,1
3005,1544573851234,1
3005,1544573851724,1
3005,1544573851820,1
3005,1544573852020,1
3005,1544573852235,1
3005,1544573852238,1
3005,1544573852728,1
3005,1544573852822,1
3005,1544573853022,1
3005,1544573853236,1
3005,1544573853237,1
3005,1544573853732,1
3005,1544573853827,1
3005,1544573854024,1
3005,1544573854239,1
3005,1544573854241,1
3005,1544573854733,1
3005,1544573854833,1
3005,1544573855028,1
3005,1544573855242,1
3005,1544573855244,1
3005,1544573855738,1
3005,1544573855837,1
3005,1544573856027,1
3005,1544573856246,1
3005,1544573856248,1
3005,1544573856742,1
3005,1544573856837,1
3005,1544573857028,1
3005,1544573857249,1
3005,1544573857253,1
3005,1544573857746,1
3005,1544573857839,1
3005,1544573858031,1
3005,1544573858253,1
3005,1544573858256,1
3005,1544573858751,1
3005,1544573858843,1
3005,1544573859036,1
3005,1544573859258,1
3005,1544573859260,1
3005,1544573859755,1
3005,1544573859845,1
3005,1544573860041,1
3005,1544573860261,1
3005,1544573860264,1
3005,1544573860758,1
3005,1544573860849,1
3005,1544573861039,1
3005,1544573861266,1
3005,1544573861267,1
3005,1544573861763,1
3005,1544573861853,1
3005,1544573862041,1
3005,1544573862268,1
3005,1544573862271,1
3005,1544573862767,1
3005,1544573862857,1
3005,1544573863046,1
3005,1544573863275,1
3005,1544573863277,1
3005,1544573863767,1
3005,1544573863864,1
3005,1544573864049,1
3005,1544573864275,1
3005,1544573864278,1
3005,1544573864769,1
3005,1544573864868,1
3005,1544573865053,1
3005,1544573865276,1
3005,1544573865278,1
3005,1544573865771,1
3005,1544573865871,1
3005,1544573866059,1
3005,1544573866281,1
3005,1544573866283,1
3005,1544573866772,1
3005,1544573866875,1
3005,1544573867061,1
3005,1544573867283,1
3005,1544573867286,1
3005,1544573867774,1
3005,1544573867879,1
3005,1544573868067,1
3005,1544573868289,1
3005,1544573868292,1
3005,1544573868778,1
3005,1544573868884,1
3005,1544573869070,1
3005,1544573869291,1
3005,1544573869293,1
3005,1544573869782,1
3005,1544573869888,1
3005,1544573870074,1
3005,1544573870295,1
3005,1544573870300,1
3005,1544573870782,1
3005,1544573870891,1
3005,1544573871078,1
3005,1544573871300,1
3005,1544573871303,1
3005,1544573871785,1
3005,1544573871892,1
3005,1544573872082,1
3005,1544573872304,1
3005,1544573872306,1
3005,1544573872787,1
3005,1544573872893,1
3005,1544573873086,1
3005,1544573873310,1
3005,1544573873312,1
3005,1544573873788,1
3005,1544573873898,1
3005,1544573874091,1
