3004,1544573275350,1
3004,1544573275932,1
3004,1544573276348,1
3004,1544573276491,1
3004,1544573276931,1
3004,1544573277001,1
3004,1544573277351,1
3004,1544573277490,1
3004,1544573277521,1
3004,1544573277937,1
3004,1544573278004,1
3004,1544573278077,1
3004,1544573278355,1
3004,1544573278493,1
3004,1544573278521,1
3004,1544573278938,1
3004,1544573279009,1
3004,1544573279073,1
3004,1544573279358,1
3004,1544573279497,1
3004,1544573279524,1
3004,1544573279940,1
3004,1544573280011,1
3004,1544573280073,1
3004,1544573280361,1
3004,1544573280499,1
3004,1544573280533,1
3004,1544573280945,1
3004,1544573281011,1
3004,1544573281081,1
3004,1544573281365,1
3004,1544573281504,1
3004,1544573281535,1
3004,1544573281948,1
3004,1544573282011,1
3004,1544573282080,1
3004,1544573282369,1
3004,1544573282506,1
3004,1544573282534,1
3004,1544573282952,1
3004,1544573283011,1
3004,1544573283083,1
3004,1544573283374,1
3004,1544573283511,1
3004,1544573283537,1
3004,1544573283954,1
3004,1544573284010,1
3004,1544573284084,1
3004,1544573284379,1
3004,1544573284513,1
3004,1544573284540,1
3004,1544573284958,1
3004,1544573285011,1
3004,1544573285089,1
3004,1544573285381,1
3004,1544573285520,1
3004,1544573285549,1
3004,1544573285962,1
3004,1544573286016,1
3004,1544573286093,1
3004,1544573286386,1
3004,1544573286521,1
3004,1544573286550,1
3004,1544573286963,1
3004,1544573287017,1
3004,1544573287096,1
3004,1544573287390,1
3004,1544573287523,1
3004,1544573287551,1
3004,1544573287967,1
3004,1544573288019,1
3004,1544573288101,1
3004,1544573288394,1
3004,1544573288526,1
3004,1544573288556,1
3004,1544573288970,1
3004,1544573289017,1
3004,1544573289106,1
3004,1544573289399,1
3004,1544573289530,1
3004,1544573289565,1
3004,1544573289973,1
3004,1544573290016,1
3004,1544573290106,1
3004,1544573290402,1
3004,1544573290534,1
3004,1544573290569,1
3004,1544573290977,1
3004,1544573291020,1
3004,1544573291112,1
3004,1544573291406,1
3004,1544573291537,1
3004,1544573291571,1
3004,1544573291979,1
3004,1544573292018,1
3004,1544573292112,1
3004,1544573292410,1
3004,1544573292542,1
3004,1544573292567,1
3004,1544573292984,1
3004,1544573293017,1
3004,1544573293116,1
3004,1544573293414,1
3004,1544573293545,1
3004,1544573293573,1
3004,1544573293986,1
3004,1544573294017,1
3004,1544573294116,1
3004,1544573294418,1
3004,1544573294550,1
3004,1544573294578,1
3004,1544573294990,1
3004,1544573295019,1
3004,1544573295121,1
3004,1544573295423,1
3004,1544573295553,1
3004,1544573295581,1
3004,1544573295993,1
3004,1544573296021,1
3004,1544573296128,1
3004,1544573296428,1
3004,1544573296558,1
3004,1544573296584,1
3004,1544573296997,1
3004,1544573297023,1
3004,1544573297132,1
3004,1544573297431,1
3004,1544573297564,1
3004,1544573297587,1
3004,1544573298002,1
3004,1544573298022,1
3004,1544573298135,1
3004,1544573298436,1
3004,1544573298564,1
3004,1544573298592,1
3004,1544573299008,1
3004,1544573299024,1
3004,1544573299140,1
3004,1544573299439,1
3004,1544573299563,1
3004,1544573299598,1
3004,1544573300007,1
3004,1544573300029,1
3004,1544573300145,1
3004,1544573300448,1
3004,1544573300569,1
3004,1544573300602,1
3004,1544573301010,1
3004,1544573301034,1
3004,1544573301148,1
3004,1544573301450,1
3004,1544573301573,1
3004,1544573301604,1
3004,1544573302011,1
3004,1544573302037,1
3004,1544573302151,1
3004,1544573302451,1
3004,1544573302576,1
3004,1544573302606,1
3004,1544573303012,1
3004,1544573303041,1
3004,1544573303156,1
3004,1544573303456,1
3004,1544573303581,1
3004,1544573303616,1
3004,1544573304014,1
3004,1544573304048,1
3004,1544573304158,1
3004,1544573304465,1
3004,1544573304586,1
3004,1544573304622,1
3004,1544573305014,1
3004,1544573305058,1
3004,1544573305164,1
3004,1544573305467,1
3004,1544573305587,1
3004,1544573305624,1
3004,1544573306015,1
3004,1544573306055,1
3004,1544573306170,1
3004,1544573306470,1
3004,1544573306587,1
3004,1544573306622,1
3004,1544573307016,1
3004,1544573307065,1
3004,1544573307174,1
3004,1544573307472,1
3004,1544573307591,1
3004,1544573307621,1
3004,1544573308017,1
3004,1544573308069,1
3004,1544573308178,1
3004,1544573308475,1
3004,1544573308595,1
3004,1544573308628,1
3004,1544573309018,1
3004,1544573309067,1
3004,1544573309174,1
3004,1544573309483,1
3004,1544573309599,1
3004,1544573309632,1
3004,1544573310017,1
3004,1544573310069,1
3004,1544573310182,1
3004,1544573310484,1
3004,1544573310603,1
3004,1544573310635,1
3004,1544573311020,1
3004,1544573311069,1
3004,1544573311185,1
3004,1544573311484,1
3004,1544573311605,1
3004,1544573311640,1
3004,1544573312023,1
3004,1544573312073,1
3004,1544573312188,1
3004,1544573312487,1
3004,1544573312611,1
3004,1544573312643,1
3004,1544573313024,1
3004,1544573313077,1
3004,1544573313192,1
3004,1544573313489,1
3004,1544573313616,1
3004,1544573313649,1
3004,1544573314029,1
3004,1544573314080,1
3004,1544573314193,1
3004,1544573314493,1
3004,1544573314619,1
3004,1544573314651,1
3004,1544573315036,1
3004,1544573315080,1
3004,1544573315199,1
3004,1544573315498,1
3004,1544573315622,1
3004,1544573315656,1
3004,1544573316036,1
3004,1544573316087,1
3004,1544573316204,1
3004,1544573316496,1
3004,1544573316627,1
3004,1544573316654,1
3004,1544573317039,1
3004,1544573317088,1
3004,1544573317203,1
3004,1544573317504,1
3004,1544573317632,1
3004,1544573317663,1
3004,1544573318042,1
3004,1544573318089,1
3004,1544573318206,1
3004,1544573318502,1
3004,1544573318639,1
3004,1544573318660,1
3004,1544573319046,1
3004,1544573319094,1
3004,1544573319208,1
3004,1544573319502,1
3004,1544573319638,1
3004,1544573319670,1
3004,1544573320048,1
3004,1544573320097,1
3004,1544573320213,1
3004,1544573320507,1
3004,1544573320643,1
3004,1544573320669,1
3004,1544573321047,1
3004,1544573321103,1
3004,1544573321218,1
3004,1544573321510,1
3004,1544573321649,1
3004,1544573321673,1
3004,1544573322054,1
3004,1544573322107,1
3004,1544573322222,1
3004,1544573322514,1
3004,1544573322651,1
3004,1544573322676,1
3004,1544573323057,1
3004,1544573323109,1
3004,1544573323226,1
3004,1544573323517,1
3004,1544573323657,1
3004,1544573323680,1
3004,1544573324060,1
3004,1544573324118,1
3004,1544573324227,1
3004,1544573324522,1
3004,1544573324661,1
3004,1544573324683,1
3004,1544573325063,1
3004,1544573325123,1
3004,1544573325233,1
3004,1544573325526,1
3004,1544573325664,1
3004,1544573325683,1
3004,1544573326070,1
3004,1544573326124,1
3004,1544573326231,1
3004,1544573326533,1
3004,1544573326665,1
3004,1544573326689,1
3004,1544573327074,1
3004,1544573327130,1
3004,1544573327236,1
3004,1544573327536,1
3004,1544573327674,1
3004,1544573327693,1
3004,1544573328077,1
3004,1544573328129,1
3004,1544573328238,1
3004,1544573328537,1
3004,1544573328677,1
3004,1544573328694,1
3004,1544573329080,1
3004,1544573329138,1
3004,1544573329237,1
3004,1544573329541,1
3004,1544573329682,1
3004,1544573329702,1
3004,1544573330084,1
3004,1544573330141,1
3004,1544573330242,1
3004,1544573330539,1
3004,1544573330683,1
3004,1544573330702,1
3004,1544573331088,1
3004,1544573331142,1
3004,1544573331246,1
3004,1544573331540,1
3004,1544573331688,1
3004,1544573331706,1
3004,1544573332088,1
3004,1544573332142,1
3004,1544573332250,1
3004,1544573332543,1
3004,1544573332692,1
3004,1544573332707,1
3004,1544573333091,1
3004,1544573333144,1
3004,1544573333253,1
3004,1544573333547,1
3004,1544573333694,1
3004,1544573333710,1
3004,1544573334095,1
3004,1544573334149,1
3004,1544573334258,1
3004,1544573334551,1
3004,1544573334696,1
3004,1544573334715,1
3004,1544573335096,1
3004,1544573335154,1
3004,1544573335264,1
3004,1544573335555,1
3004,1544573335699,1
3004,1544573335718,1
3004,1544573336097,1
3004,1544573336161,1
3004,1544573336267,1
3004,1544573336554,1
3004,1544573336702,1
3004,1544573336723,1
3004,1544573337102,1
3004,1544573337161,1
3004,1544573337271,1
3004,1544573337557,1
3004,1544573337708,1
3004,1544573337723,1
3004,1544573338106,1
3004,1544573338167,1
3004,1544573338268,1
3004,1544573338563,1
3004,1544573338712,1
3004,1544573338724,1
3004,1544573339110,1
3004,1544573339170,1
3004,1544573339273,1
3004,1544573339567,1
3004,1544573339716,1
3004,1544573339728,1
3004,1544573340113,1
3004,1544573340174,1
3004,1544573340277,1
3004,1544573340570,1
3004,1544573340719,1
3004,1544573340732,1
3004,1544573341118,1
3004,1544573341180,1
3004,1544573341284,1
3004,1544573341574,1
3004,1544573341724,1
3004,1544573341736,1
3004,1544573342122,1
3004,1544573342181,1
3004,1544573342281,1
3004,1544573342579,1
3004,1544573342726,1
3004,1544573342736,1
3004,1544573343127,1
3004,1544573343187,1
3004,1544573343286,1
3004,1544573343582,1
3004,1544573343731,1
3004,1544573343743,1
3004,1544573344129,1
3004,1544573344190,1
3004,1544573344287,1
3004,1544573344582,1
3004,1544573344735,1
3004,1544573344742,1
3004,1544573345133,1
3004,1544573345193,1
3004,1544573345286,1
3004,1544573345584,1
3004,1544573345739,1
3004,1544573345746,1
3004,1544573346138,1
3004,1544573346195,1
3004,1544573346295,1
3004,1544573346585,1
3004,1544573346743,1
3004,1544573346750,1
3004,1544573347142,1
3004,1544573347197,1
3004,1544573347295,1
3004,1544573347589,1
3004,1544573347749,1
3004,1544573347755,1
3004,1544573348146,1
3004,1544573348201,1
3004,1544573348302,1
3004,1544573348592,1
3004,1544573348751,1
3004,1544573348760,1
3004,1544573349150,1
3004,1544573349205,1
3004,1544573349303,1
3004,1544573349595,1
3004,1544573349755,1
3004,1544573349760,1
3004,1544573350154,1
3004,1544573350211,1
3004,1544573350300,1
3004,1544573350600,1
3004,1544573350759,1
3004,1544573350763,1
3004,1544573351157,1
3004,1544573351213,1
3004,1544573351304,1
3004,1544573351603,1
3004,1544573351760,1
3004,1544573351763,1
3004,1544573352162,1
3004,1544573352215,1
3004,1544573352307,1
3004,1544573352606,1
3004,1544573352762,1
3004,1544573352765,1
3004,1544573353166,1
3004,1544573353219,1
3004,1544573353311,1
3004,1544573353612,1
3004,1544573353765,1
3004,1544573353768,1
3004,1544573354171,1
3004,1544573354223,1
3004,1544573354316,1
3004,1544573354615,1
3004,1544573354771,1
3004,1544573354774,1
3004,1544573355174,1
3004,1544573355228,1
3004,1544573355316,1
3004,1544573355618,1
3004,1544573355775,1
3004,1544573355778,1
3004,1544573356179,1
3004,1544573356232,1
3004,1544573356319,1
3004,1544573356622,1
3004,1544573356778,1
3004,1544573356781,1
3004,1544573357182,1
3004,1544573357238,1
3004,1544573357321,1
3004,1544573357627,1
3004,1544573357781,1
3004,1544573357784,1
3004,1544573358186,1
3004,1544573358240,1
3004,1544573358325,1
3004,1544573358632,1
3004,1544573358786,1
3004,1544573358789,1
3004,1544573359191,1
3004,1544573359244,1
3004,1544573359328,1
3004,1544573359635,1
3004,1544573359789,1
3004,1544573359792,1
3004,1544573360192,1
3004,1544573360251,1
3004,1544573360332,1
3004,1544573360638,1
3004,1544573360794,1
3004,1544573360798,1
3004,1544573361198,1
3004,1544573361257,1
3004,1544573361339,1
3004,1544573361642,1
3004,1544573361797,1
3004,1544573361800,1
3004,1544573362203,1
3004,1544573362260,1
3004,1544573362340,1
3004,1544573362647,1
3004,1544573362801,1
3004,1544573362804,1
3004,1544573363203,1
3004,1544573363261,1
3004,1544573363341,1
3004,1544573363651,1
3004,1544573363807,1
3004,1544573363808,1
3004,1544573364205,1
3004,1544573364265,1
3004,1544573364342,1
3004,1544573364652,1
3004,1544573364809,1
3004,1544573364812,1
3004,1544573365209,1
3004,1544573365269,1
3004,1544573365345,1
3004,1544573365653,1
3004,1544573365814,1
3004,1544573365817,1
3004,1544573366212,1
3004,1544573366275,1
3004,1544573366351,1
3004,1544573366657,1
3004,1544573366818,1
3004,1544573366822,1
3004,1544573367212,1
3004,1544573367279,1
3004,1544573367349,1
3004,1544573367659,1
3004,1544573367823,1
3004,1544573367826,1
3004,1544573368217,1
3004,1544573368277,1
3004,1544573368352,1
3004,1544573368663,1
3004,1544573368827,1
3004,1544573368830,1
3004,1544573369220,1
3004,1544573369280,1
3004,1544573369359,1
3004,1544573369664,1
3004,1544573369830,1
3004,1544573369834,1
3004,1544573370224,1
3004,1544573370280,1
3004,1544573370357,1
3004,1544573370669,1
3004,1544573370829,1
3004,1544573370835,1
3004,1544573371227,1
3004,1544573371283,1
3004,1544573371364,1
3004,1544573371673,1
3004,1544573371833,1
3004,1544573371838,1
3004,1544573372232,1
3004,1544573372285,1
3004,1544573372367,1
3004,1544573372676,1
3004,1544573372837,1
3004,1544573372840,1
3004,1544573373235,1
3004,1544573373293,1
3004,1544573373372,1
3004,1544573373681,1
3004,1544573373842,1
3004,1544573373845,1
3004,1544573374240,1
3004,1544573374296,1
3004,1544573374375,1
3004,1544573374684,1
3004,1544573374846,1
3004,1544573374849,1
3004,1544573375243,1
3004,1544573375301,1
3004,1544573375376,1
3004,1544573375691,1
3004,1544573375847,1
3004,1544573375852,1
3004,1544573376244,1
3004,1544573376303,1
3004,1544573376378,1
3004,1544573376691,1
3004,1544573376854,1
3004,1544573376856,1
3004,1544573377249,1
3004,1544573377306,1
3004,1544573377385,1
3004,1544573377692,1
3004,1544573377856,1
3004,1544573377859,1
3004,1544573378252,1
3004,1544573378310,1
3004,1544573378388,1
3004,1544573378699,1
3004,1544573378861,1
3004,1544573378864,1
3004,1544573379258,1
3004,1544573379314,1
3004,1544573379393,1
3004,1544573379698,1
3004,1544573379866,1
3004,1544573379869,1
3004,1544573380259,1
3004,1544573380317,1
3004,1544573380393,1
3004,1544573380703,1
3004,1544573380869,1
3004,1544573380872,1
3004,1544573381261,1
3004,1544573381315,1
3004,1544573381400,1
3004,1544573381704,1
3004,1544573381873,1
3004,1544573381880,1
3004,1544573382266,1
3004,1544573382319,1
3004,1544573382402,1
3004,1544573382705,1
3004,1544573382877,1
3004,1544573382879,1
3004,1544573383270,1
3004,1544573383329,1
3004,1544573383406,1
3004,1544573383706,1
3004,1544573383879,1
3004,1544573383884,1
3004,1544573384273,1
3004,1544573384333,1
3004,1544573384409,1
3004,1544573384710,1
3004,1544573384879,1
3004,1544573384886,1
3004,1544573385276,1
3004,1544573385335,1
3004,1544573385415,1
3004,1544573385711,1
3004,1544573385883,1
3004,1544573385891,1
3004,1544573386279,1
3004,1544573386337,1
3004,1544573386417,1
3004,1544573386716,1
3004,1544573386888,1
3004,1544573386896,1
3004,1544573387282,1
3004,1544573387338,1
3004,1544573387421,1
3004,1544573387717,1
3004,1544573387894,1
3004,1544573387899,1
3004,1544573388284,1
3004,1544573388341,1
3004,1544573388422,1
3004,1544573388717,1
3004,1544573388899,1
3004,1544573388902,1
3004,1544573389289,1
3004,1544573389344,1
3004,1544573389422,1
3004,1544573389721,1
3004,1544573389904,1
3004,1544573389907,1
3004,1544573390293,1
3004,1544573390347,1
3004,1544573390427,1
3004,1544573390725,1
3004,1544573390904,1
3004,1544573390907,1
3004,1544573391296,1
3004,1544573391351,1
3004,1544573391431,1
3004,1544573391729,1
3004,1544573391908,1
3004,1544573391911,1
3004,1544573392296,1
3004,1544573392354,1
3004,1544573392436,1
3004,1544573392734,1
3004,1544573392912,1
3004,1544573392915,1
3004,1544573393299,1
3004,1544573393355,1
3004,1544573393438,1
3004,1544573393739,1
3004,1544573393917,1
3004,1544573393921,1
3004,1544573394304,1
3004,1544573394357,1
3004,1544573394444,1
3004,1544573394742,1
3004,1544573394920,1
3004,1544573394925,1
3004,1544573395307,1
3004,1544573395364,1
3004,1544573395446,1
3004,1544573395745,1
3004,1544573395924,1
3004,1544573395927,1
3004,1544573396311,1
3004,1544573396363,1
3004,1544573396451,1
3004,1544573396749,1
3004,1544573396927,1
3004,1544573396930,1
3004,1544573397314,1
3004,1544573397366,1
3004,1544573397454,1
3004,1544573397754,1
3004,1544573397931,1
3004,1544573397934,1
3004,1544573398320,1
3004,1544573398367,1
3004,1544573398460,1
3004,1544573398757,1
3004,1544573398933,1
3004,1544573398936,1
3004,1544573399324,1
3004,1544573399370,1
3004,1544573399463,1
3004,1544573399760,1
3004,1544573399934,1
3004,1544573399937,1
3004,1544573400327,1
3004,1544573400376,1
3004,1544573400466,1
3004,1544573400763,1
3004,1544573400935,1
3004,1544573400937,1
3004,1544573401331,1
3004,1544573401382,1
3004,1544573401468,1
3004,1544573401764,1
3004,1544573401940,1
3004,1544573401944,1
3004,1544573402336,1
3004,1544573402385,1
3004,1544573402475,1
3004,1544573402768,1
3004,1544573402941,1
3004,1544573402944,1
3004,1544573403339,1
3004,1544573403387,1
3004,1544573403480,1
3004,1544573403773,1
3004,1544573403944,1
3004,1544573403947,1
3004,1544573404347,1
3004,1544573404398,1
3004,1544573404487,1
3004,1544573404776,1
3004,1544573404949,1
3004,1544573404953,1
3004,1544573405347,1
3004,1544573405399,1
3004,1544573405489,1
3004,1544573405781,1
3004,1544573405953,1
3004,1544573405955,1
3004,1544573406350,1
3004,1544573406401,1
3004,1544573406491,1
3004,1544573406784,1
3004,1544573406957,1
3004,1544573406960,1
3004,1544573407350,1
3004,1544573407403,1
3004,1544573407495,1
3004,1544573407788,1
3004,1544573407960,1
3004,1544573407963,1
3004,1544573408352,1
3004,1544573408409,1
3004,1544573408497,1
3004,1544573408792,1
3004,1544573408965,1
3004,1544573408968,1
3004,1544573409355,1
3004,1544573409413,1
3004,1544573409503,1
3004,1544573409798,1
3004,1544573409968,1
3004,1544573409972,1
3004,1544573410357,1
3004,1544573410412,1
3004,1544573410501,1
3004,1544573410801,1
3004,1544573410971,1
3004,1544573410972,1
3004,1544573411361,1
3004,1544573411416,1
3004,1544573411504,1
3004,1544573411803,1
3004,1544573411975,1
3004,1544573411976,1
3004,1544573412359,1
3004,1544573412419,1
3004,1544573412508,1
3004,1544573412808,1
3004,1544573412975,1
3004,1544573412978,1
3004,1544573413365,1
3004,1544573413425,1
3004,1544573413516,1
3004,1544573413811,1
3004,1544573413978,1
3004,1544573413979,1
3004,1544573414367,1
3004,1544573414429,1
3004,1544573414518,1
3004,1544573414817,1
3004,1544573414982,1
3004,1544573414985,1
3004,1544573415370,1
3004,1544573415425,1
3004,1544573415522,1
3004,1544573415821,1
3004,1544573415986,1
3004,1544573415989,1
3004,1544573416373,1
3004,1544573416430,1
3004,1544573416525,1
3004,1544573416825,1
3004,1544573416991,1
3004,1544573416993,1
3004,1544573417374,1
3004,1544573417431,1
3004,1544573417531,1
3004,1544573417829,1
3004,1544573417996,1
3004,1544573417998,1
3004,1544573418375,1
3004,1544573418432,1
3004,1544573418532,1
3004,1544573418833,1
3004,1544573418999,1
3004,1544573419000,1
3004,1544573419378,1
3004,1544573419440,1
3004,1544573419538,1
3004,1544573419836,1
3004,1544573420004,1
3004,1544573420005,1
3004,1544573420381,1
3004,1544573420443,1
3004,1544573420543,1
3004,1544573420841,1
3004,1544573421006,1
3004,1544573421008,1
3004,1544573421383,1
3004,1544573421446,1
3004,1544573421545,1
3004,1544573421841,1
3004,1544573422009,1
3004,1544573422011,1
3004,1544573422387,1
3004,1544573422450,1
3004,1544573422551,1
3004,1544573422846,1
3004,1544573423008,1
3004,1544573423010,1
3004,1544573423387,1
3004,1544573423455,1
3004,1544573423553,1
3004,1544573423851,1
3004,1544573424009,1
3004,1544573424011,1
3004,1544573424394,1
3004,1544573424455,1
3004,1544573424555,1
3004,1544573424855,1
3004,1544573425010,1
3004,1544573425013,1
3004,1544573425392,1
3004,1544573425460,1
3004,1544573425561,1
3004,1544573425855,1
3004,1544573426011,1
3004,1544573426013,1
3004,1544573426399,1
3004,1544573426463,1
3004,1544573426565,1
3004,1544573426859,1
3004,1544573427011,1
3004,1544573427016,1
3004,1544573427402,1
3004,1544573427462,1
3004,1544573427570,1
3004,1544573427863,1
3004,1544573428012,1
3004,1544573428016,1
3004,1544573428408,1
3004,1544573428467,1
3004,1544573428574,1
3004,1544573428868,1
3004,1544573429010,1
3004,1544573429013,1
3004,1544573429408,1
3004,1544573429471,1
3004,1544573429575,1
3004,1544573429871,1
3004,1544573430011,1
3004,1544573430013,1
3004,1544573430412,1
3004,1544573430473,1
3004,1544573430582,1
3004,1544573430876,1
3004,1544573431013,1
3004,1544573431015,1
3004,1544573431416,1
3004,1544573431478,1
3004,1544573431586,1
3004,1544573431882,1
3004,1544573432013,1
3004,1544573432016,1
3004,1544573432420,1
3004,1544573432482,1
3004,1544573432590,1
3004,1544573432880,1
3004,1544573433016,1
3004,1544573433020,1
3004,1544573433420,1
3004,1544573433486,1
3004,1544573433593,1
3004,1544573433884,1
3004,1544573434019,1
3004,1544573434022,1
3004,1544573434426,1
3004,1544573434491,1
3004,1544573434596,1
3004,1544573434888,1
3004,1544573435018,1
3004,1544573435022,1
3004,1544573435424,1
3004,1544573435495,1
3004,1544573435597,1
3004,1544573435891,1
3004,1544573436019,1
3004,1544573436020,1
3004,1544573436425,1
3004,1544573436499,1
3004,1544573436601,1
3004,1544573436894,1
3004,1544573437020,1
3004,1544573437023,1
3004,1544573437426,1
3004,1544573437505,1
3004,1544573437605,1
3004,1544573437899,1
3004,1544573438022,1
3004,1544573438024,1
3004,1544573438434,1
3004,1544573438506,1
3004,1544573438610,1
3004,1544573438904,1
3004,1544573439022,1
3004,1544573439023,1
3004,1544573439434,1
3004,1544573439512,1
3004,1544573439613,1
3004,1544573439906,1
3004,1544573440023,1
3004,1544573440025,1
3004,1544573440436,1
3004,1544573440515,1
3004,1544573440617,1
3004,1544573440910,1
3004,1544573441022,1
3004,1544573441024,1
3004,1544573441440,1
3004,1544573441512,1
3004,1544573441622,1
3004,1544573441916,1
3004,1544573442022,1
3004,1544573442024,1
3004,1544573442441,1
3004,1544573442512,1
3004,1544573442626,1
3004,1544573442920,1
3004,1544573443022,1
3004,1544573443024,1
3004,1544573443443,1
3004,1544573443516,1
3004,1544573443630,1
3004,1544573443922,1
3004,1544573444027,1
3004,1544573444030,1
3004,1544573444448,1
3004,1544573444519,1
3004,1544573444633,1
3004,1544573444926,1
3004,1544573445030,1
3004,1544573445035,1
3004,1544573445451,1
3004,1544573445522,1
3004,1544573445640,1
3004,1544573445931,1
3004,1544573446031,1
3004,1544573446034,1
3004,1544573446458,1
3004,1544573446526,1
3004,1544573446643,1
3004,1544573446934,1
3004,1544573447040,1
3004,1544573447043,1
3004,1544573447461,1
3004,1544573447526,1
3004,1544573447646,1
3004,1544573447935,1
3004,1544573448041,1
3004,1544573448045,1
3004,1544573448462,1
3004,1544573448530,1
3004,1544573448656,1
3004,1544573448939,1
3004,1544573449042,1
3004,1544573449044,1
3004,1544573449465,1
3004,1544573449538,1
3004,1544573449657,1
3004,1544573449942,1
3004,1544573450046,1
3004,1544573450048,1
3004,1544573450467,1
3004,1544573450539,1
3004,1544573450658,1
3004,1544573450945,1
3004,1544573451051,1
3004,1544573451053,1
3004,1544573451471,1
3004,1544573451541,1
3004,1544573451662,1
3004,1544573451949,1
3004,1544573452053,1
3004,1544573452056,1
3004,1544573452475,1
3004,1544573452546,1
3004,1544573452662,1
3004,1544573452953,1
3004,1544573453057,1
3004,1544573453059,1
3004,1544573453478,1
3004,1544573453551,1
3004,1544573453670,1
3004,1544573453959,1
3004,1544573454063,1
3004,1544573454065,1
3004,1544573454482,1
3004,1544573454553,1
3004,1544573454669,1
3004,1544573454961,1
3004,1544573455067,1
3004,1544573455069,1
3004,1544573455485,1
3004,1544573455559,1
3004,1544573455670,1
3004,1544573455965,1
3004,1544573456070,1
3004,1544573456073,1
3004,1544573456488,1
3004,1544573456563,1
3004,1544573456673,1
3004,1544573456969,1
3004,1544573457072,1
3004,1544573457076,1
3004,1544573457493,1
3004,1544573457564,1
3004,1544573457671,1
3004,1544573457973,1
3004,1544573458077,1
3004,1544573458080,1
3004,1544573458496,1
3004,1544573458569,1
3004,1544573458677,1
3004,1544573458977,1
3004,1544573459080,1
3004,1544573459082,1
3004,1544573459502,1
3004,1544573459574,1
3004,1544573459678,1
3004,1544573459981,1
3004,1544573460084,1
3004,1544573460088,1
3004,1544573460508,1
3004,1544573460579,1
3004,1544573460686,1
3004,1544573460980,1
3004,1544573461087,1
3004,1544573461090,1
3004,1544573461510,1
3004,1544573461582,1
3004,1544573461689,1
3004,1544573461984,1
3004,1544573462093,1
3004,1544573462095,1
3004,1544573462511,1
3004,1544573462586,1
3004,1544573462692,1
3004,1544573462989,1
3004,1544573463092,1
3004,1544573463094,1
3004,1544573463511,1
3004,1544573463591,1
3004,1544573463700,1
3004,1544573463993,1
3004,1544573464095,1
3004,1544573464099,1
3004,1544573464515,1
3004,1544573464591,1
3004,1544573464700,1
3004,1544573464996,1
3004,1544573465098,1
3004,1544573465099,1
3004,1544573465518,1
3004,1544573465593,1
3004,1544573465707,1
3004,1544573466000,1
3004,1544573466103,1
3004,1544573466108,1
3004,1544573466525,1
3004,1544573466597,1
3004,1544573466709,1
3004,1544573467005,1
3004,1544573467106,1
3004,1544573467111,1
3004,1544573467523,1
3004,1544573467601,1
3004,1544573467713,1
3004,1544573468005,1
3004,1544573468111,1
3004,1544573468113,1
3004,1544573468527,1
3004,1544573468604,1
3004,1544573468720,1
3004,1544573469007,1
3004,1544573469114,1
3004,1544573469115,1
3004,1544573469531,1
3004,1544573469608,1
3004,1544573469715,1
3004,1544573470006,1
3004,1544573470121,1
3004,1544573470124,1
3004,1544573470534,1
3004,1544573470613,1
3004,1544573470722,1
3004,1544573471006,1
3004,1544573471122,1
3004,1544573471123,1
3004,1544573471537,1
3004,1544573471613,1
3004,1544573471722,1
3004,1544573472007,1
3004,1544573472126,1
3004,1544573472132,1
3004,1544573472536,1
3004,1544573472616,1
3004,1544573472720,1
3004,1544573473008,1
3004,1544573473131,1
3004,1544573473132,1
3004,1544573473536,1
3004,1544573473619,1
3004,1544573473726,1
3004,1544573474007,1
3004,1544573474135,1
3004,1544573474137,1
3004,1544573474538,1
3004,1544573474622,1
3004,1544573474729,1
3004,1544573475008,1
3004,1544573475129,1
3004,1544573475131,1
3004,1544573475539,1
3004,1544573475627,1
3004,1544573475733,1
3004,1544573476007,1
3004,1544573476130,1
3004,1544573476134,1
3004,1544573476545,1
3004,1544573476633,1
3004,1544573476735,1
3004,1544573477006,1
3004,1544573477136,1
3004,1544573477138,1
3004,1544573477551,1
3004,1544573477636,1
3004,1544573477739,1
3004,1544573478007,1
3004,1544573478139,1
3004,1544573478143,1
3004,1544573478551,1
3004,1544573478635,1
3004,1544573478743,1
3004,1544573479007,1
3004,1544573479144,1
3004,1544573479147,1
3004,1544573479554,1
3004,1544573479640,1
3004,1544573479745,1
3004,1544573480007,1
3004,1544573480148,1
3004,1544573480152,1
3004,1544573480557,1
3004,1544573480645,1
3004,1544573480749,1
3004,1544573481007,1
3004,1544573481153,1
3004,1544573481155,1
3004,1544573481560,1
3004,1544573481647,1
3004,1544573481752,1
3004,1544573482008,1
3004,1544573482155,1
3004,1544573482161,1
3004,1544573482565,1
3004,1544573482651,1
3004,1544573482758,1
3004,1544573483010,1
3004,1544573483160,1
3004,1544573483164,1
3004,1544573483567,1
3004,1544573483653,1
3004,1544573483762,1
3004,1544573484009,1
3004,1544573484163,1
3004,1544573484166,1
3004,1544573484568,1
3004,1544573484655,1
3004,1544573484767,1
3004,1544573485009,1
3004,1544573485162,1
3004,1544573485170,1
3004,1544573485572,1
3004,1544573485659,1
3004,1544573485770,1
3004,1544573486009,1
3004,1544573486168,1
3004,1544573486172,1
3004,1544573486577,1
3004,1544573486662,1
3004,1544573486774,1
3004,1544573487009,1
3004,1544573487170,1
3004,1544573487178,1
3004,1544573487581,1
3004,1544573487668,1
3004,1544573487787,1
3004,1544573488009,1
3004,1544573488173,1
3004,1544573488179,1
3004,1544573488585,1
3004,1544573488670,1
3004,1544573488789,1
3004,1544573489009,1
3004,1544573489177,1
3004,1544573489183,1
3004,1544573489588,1
3004,1544573489671,1
3004,1544573489790,1
3004,1544573490009,1
3004,1544573490179,1
3004,1544573490185,1
3004,1544573490592,1
3004,1544573490680,1
3004,1544573490788,1
3004,1544573491010,1
3004,1544573491184,1
3004,1544573491190,1
3004,1544573491593,1
3004,1544573491679,1
3004,1544573491793,1
3004,1544573492012,1
3004,1544573492184,1
3004,1544573492193,1
3004,1544573492595,1
3004,1544573492679,1
3004,1544573492795,1
3004,1544573493011,1
3004,1544573493186,1
3004,1544573493195,1
3004,1544573493597,1
3004,1544573493681,1
3004,1544573493793,1
3004,1544573494012,1
3004,1544573494185,1
3004,1544573494192,1
3004,1544573494599,1
3004,1544573494688,1
3004,1544573494801,1
3004,1544573495012,1
3004,1544573495190,1
3004,1544573495195,1
3004,1544573495602,1
3004,1544573495690,1
3004,1544573495805,1
3004,1544573496014,1
3004,1544573496191,1
3004,1544573496197,1
3004,1544573496605,1
3004,1544573496693,1
3004,1544573496808,1
3004,1544573497014,1
3004,1544573497195,1
3004,1544573497200,1
3004,1544573497609,1
3004,1544573497700,1
3004,1544573497812,1
3004,1544573498015,1
3004,1544573498197,1
3004,1544573498204,1
3004,1544573498614,1
3004,1544573498703,1
3004,1544573498816,1
3004,1544573499015,1
3004,1544573499200,1
3004,1544573499209,1
3004,1544573499617,1
3004,1544573499707,1
3004,1544573499819,1
3004,1544573500015,1
3004,1544573500205,1
3004,1544573500211,1
3004,1544573500620,1
3004,1544573500710,1
3004,1544573500823,1
3004,1544573501014,1
3004,1544573501208,1
3004,1544573501215,1
3004,1544573501623,1
3004,1544573501713,1
3004,1544573501826,1
3004,1544573502014,1
3004,1544573502211,1
3004,1544573502220,1
3004,1544573502630,1
3004,1544573502714,1
3004,1544573502832,1
3004,1544573503015,1
3004,1544573503216,1
3004,1544573503223,1
3004,1544573503632,1
3004,1544573503716,1
3004,1544573503836,1
3004,1544573504016,1
3004,1544573504221,1
3004,1544573504229,1
3004,1544573504638,1
3004,1544573504722,1
3004,1544573504841,1
3004,1544573505020,1
3004,1544573505224,1
3004,1544573505231,1
3004,1544573505640,1
3004,1544573505727,1
3004,1544573505845,1
3004,1544573506022,1
3004,1544573506230,1
3004,1544573506236,1
3004,1544573506642,1
3004,1544573506731,1
3004,1544573506850,1
3004,1544573507027,1
3004,1544573507234,1
3004,1544573507242,1
3004,1544573507645,1
3004,1544573507733,1
3004,1544573507852,1
3004,1544573508031,1
3004,1544573508237,1
3004,1544573508243,1
3004,1544573508648,1
3004,1544573508738,1
3004,1544573508857,1
3004,1544573509035,1
3004,1544573509243,1
3004,1544573509248,1
3004,1544573509653,1
3004,1544573509742,1
3004,1544573509859,1
3004,1544573510039,1
3004,1544573510247,1
3004,1544573510251,1
3004,1544573510656,1
3004,1544573510748,1
3004,1544573510863,1
3004,1544573511044,1
3004,1544573511249,1
3004,1544573511253,1
3004,1544573511659,1
3004,1544573511749,1
3004,1544573511868,1
3004,1544573512047,1
3004,1544573512253,1
3004,1544573512258,1
3004,1544573512663,1
3004,1544573512756,1
3004,1544573512872,1
3004,1544573513050,1
3004,1544573513256,1
3004,1544573513262,1
3004,1544573513667,1
3004,1544573513760,1
3004,1544573513877,1
3004,1544573514054,1
3004,1544573514261,1
3004,1544573514265,1
3004,1544573514673,1
3004,1544573514763,1
3004,1544573514882,1
3004,1544573515058,1
3004,1544573515265,1
3004,1544573515267,1
3004,1544573515678,1
3004,1544573515766,1
3004,1544573515884,1
3004,1544573516059,1
3004,1544573516265,1
3004,1544573516267,1
3004,1544573516680,1
3004,1544573516766,1
3004,1544573516885,1
3004,1544573517060,1
3004,1544573517270,1
3004,1544573517272,1
3004,1544573517685,1
3004,1544573517769,1
3004,1544573517890,1
3004,1544573518064,1
3004,1544573518272,1
3004,1544573518274,1
3004,1544573518688,1
3004,1544573518772,1
3004,1544573518892,1
3004,1544573519069,1
3004,1544573519275,1
3004,1544573519277,1
3004,1544573519695,1
3004,1544573519776,1
3004,1544573519898,1
3004,1544573520073,1
3004,1544573520277,1
3004,1544573520280,1
3004,1544573520695,1
3004,1544573520778,1
3004,1544573520899,1
3004,1544573521076,1
3004,1544573521279,1
3004,1544573521281,1
3004,1544573521698,1
3004,1544573521783,1
3004,1544573521904,1
3004,1544573522076,1
3004,1544573522282,1
3004,1544573522285,1
3004,1544573522702,1
3004,1544573522786,1
3004,1544573522910,1
3004,1544573523081,1
3004,1544573523283,1
3004,1544573523285,1
3004,1544573523702,1
3004,1544573523785,1
3004,1544573523911,1
3004,1544573524084,1
3004,1544573524284,1
3004,1544573524286,1
3004,1544573524707,1
3004,1544573524791,1
3004,1544573524916,1
3004,1544573525089,1
3004,1544573525291,1
3004,1544573525293,1
3004,1544573525710,1
3004,1544573525796,1
3004,1544573525918,1
3004,1544573526091,1
3004,1544573526293,1
3004,1544573526295,1
3004,1544573526715,1
3004,1544573526799,1
3004,1544573526921,1
3004,1544573527096,1
3004,1544573527298,1
3004,1544573527300,1
3004,1544573527720,1
3004,1544573527802,1
3004,1544573527926,1
3004,1544573528100,1
3004,1544573528305,1
3004,1544573528307,1
3004,1544573528723,1
3004,1544573528808,1
3004,1544573528931,1
3004,1544573529101,1
3004,1544573529305,1
3004,1544573529307,1
3004,1544573529728,1
3004,1544573529810,1
3004,1544573529936,1
3004,1544573530106,1
3004,1544573530310,1
3004,1544573530312,1
3004,1544573530731,1
3004,1544573530814,1
3004,1544573530938,1
3004,1544573531109,1
3004,1544573531312,1
3004,1544573531314,1
3004,1544573531735,1
3004,1544573531817,1
3004,1544573531940,1
3004,1544573532113,1
3004,1544573532316,1
3004,1544573532317,1
3004,1544573532738,1
3004,1544573532824,1
3004,1544573532943,1
3004,1544573533116,1
3004,1544573533318,1
3004,1544573533323,1
3004,1544573533743,1
3004,1544573533828,1
3004,1544573533947,1
3004,1544573534120,1
3004,1544573534321,1
3004,1544573534326,1
3004,1544573534745,1
3004,1544573534830,1
3004,1544573534948,1
3004,1544573535121,1
3004,1544573535324,1
3004,1544573535328,1
3004,1544573535752,1
3004,1544573535834,1
3004,1544573535955,1
3004,1544573536126,1
3004,1544573536330,1
3004,1544573536333,1
3004,1544573536756,1
3004,1544573536839,1
3004,1544573536954,1
3004,1544573537129,1
3004,1544573537333,1
3004,1544573537337,1
3004,1544573537761,1
3004,1544573537842,1
3004,1544573537957,1
3004,1544573538131,1
3004,1544573538335,1
3004,1544573538338,1
3004,1544573538763,1
3004,1544573538847,1
3004,1544573538961,1
3004,1544573539131,1
3004,1544573539341,1
3004,1544573539344,1
3004,1544573539765,1
3004,1544573539851,1
3004,1544573539966,1
3004,1544573540132,1
3004,1544573540343,1
3004,1544573540345,1
3004,1544573540767,1
3004,1544573540859,1
3004,1544573540969,1
3004,1544573541136,1
3004,1544573541351,1
3004,1544573541354,1
3004,1544573541769,1
3004,1544573541862,1
3004,1544573541975,1
3004,1544573542140,1
3004,1544573542356,1
3004,1544573542358,1
3004,1544573542774,1
3004,1544573542864,1
3004,1544573542978,1
3004,1544573543144,1
3004,1544573543358,1
3004,1544573543359,1
3004,1544573543777,1
3004,1544573543868,1
3004,1544573543982,1
3004,1544573544148,1
3004,1544573544359,1
3004,1544573544361,1
3004,1544573544778,1
3004,1544573544871,1
3004,1544573544985,1
3004,1544573545152,1
3004,1544573545366,1
3004,1544573545369,1
3004,1544573545781,1
3004,1544573545876,1
3004,1544573545985,1
3004,1544573546156,1
3004,1544573546367,1
3004,1544573546371,1
3004,1544573546787,1
3004,1544573546878,1
3004,1544573546991,1
3004,1544573547161,1
3004,1544573547372,1
3004,1544573547374,1
3004,1544573547791,1
3004,1544573547884,1
3004,1544573547992,1
3004,1544573548167,1
3004,1544573548374,1
3004,1544573548375,1
3004,1544573548795,1
3004,1544573548889,1
3004,1544573548993,1
3004,1544573549170,1
3004,1544573549373,1
3004,1544573549375,1
3004,1544573549798,1
3004,1544573549894,1
3004,1544573549999,1
3004,1544573550170,1
3004,1544573550376,1
3004,1544573550377,1
3004,1544573550801,1
3004,1544573550902,1
3004,1544573551003,1
3004,1544573551175,1
3004,1544573551380,1
3004,1544573551381,1
3004,1544573551804,1
3004,1544573551902,1
3004,1544573552007,1
3004,1544573552176,1
3004,1544573552382,1
3004,1544573552384,1
3004,1544573552810,1
3004,1544573552904,1
3004,1544573553008,1
3004,1544573553178,1
3004,1544573553385,1
3004,1544573553389,1
3004,1544573553812,1
3004,1544573553911,1
3004,1544573554012,1
3004,1544573554181,1
3004,1544573554393,1
3004,1544573554395,1
3004,1544573554815,1
3004,1544573554912,1
3004,1544573555015,1
3004,1544573555186,1
3004,1544573555395,1
3004,1544573555398,1
3004,1544573555819,1
3004,1544573555915,1
3004,1544573556015,1
3004,1544573556186,1
3004,1544573556397,1
3004,1544573556400,1
3004,1544573556824,1
3004,1544573556919,1
3004,1544573557018,1
3004,1544573557188,1
3004,1544573557398,1
3004,1544573557401,1
3004,1544573557828,1
3004,1544573557924,1
3004,1544573558025,1
3004,1544573558190,1
3004,1544573558403,1
3004,1544573558406,1
3004,1544573558832,1
3004,1544573558925,1
3004,1544573559025,1
3004,1544573559192,1
3004,1544573559408,1
3004,1544573559411,1
3004,1544573559836,1
3004,1544573559926,1
3004,1544573560027,1
3004,1544573560195,1
3004,1544573560411,1
3004,1544573560413,1
3004,1544573560841,1
3004,1544573560930,1
3004,1544573561029,1
3004,1544573561199,1
3004,1544573561411,1
3004,1544573561417,1
3004,1544573561845,1
3004,1544573561934,1
3004,1544573562030,1
3004,1544573562199,1
3004,1544573562415,1
3004,1544573562420,1
3004,1544573562849,1
3004,1544573562939,1
3004,1544573563037,1
3004,1544573563202,1
3004,1544573563418,1
3004,1544573563421,1
3004,1544573563852,1
3004,1544573563945,1
3004,1544573564042,1
3004,1544573564205,1
3004,1544573564424,1
3004,1544573564427,1
3004,1544573564856,1
3004,1544573564941,1
3004,1544573565046,1
3004,1544573565208,1
3004,1544573565426,1
3004,1544573565429,1
3004,1544573565857,1
3004,1544573565945,1
3004,1544573566046,1
3004,1544573566213,1
3004,1544573566432,1
3004,1544573566434,1
3004,1544573566858,1
3004,1544573566949,1
3004,1544573567050,1
3004,1544573567217,1
3004,1544573567435,1
3004,1544573567437,1
3004,1544573567863,1
3004,1544573567954,1
3004,1544573568054,1
3004,1544573568222,1
3004,1544573568439,1
3004,1544573568440,1
3004,1544573568864,1
3004,1544573568957,1
3004,1544573569058,1
3004,1544573569225,1
3004,1544573569442,1
3004,1544573569442,1
3004,1544573569865,1
3004,1544573569962,1
3004,1544573570061,1
3004,1544573570229,1
3004,1544573570440,1
3004,1544573570442,1
3004,1544573570864,1
3004,1544573570966,1
3004,1544573571068,1
3004,1544573571229,1
3004,1544573571441,1
3004,1544573571443,1
3004,1544573571868,1
3004,1544573571970,1
3004,1544573572071,1
3004,1544573572231,1
3004,1544573572443,1
3004,1544573572446,1
3004,1544573572872,1
3004,1544573572973,1
3004,1544573573073,1
3004,1544573573236,1
3004,1544573573449,1
3004,1544573573452,1
3004,1544573573877,1
3004,1544573573977,1
3004,1544573574079,1
3004,1544573574239,1
3004,1544573574452,1
3004,1544573574457,1
3004,1544573574880,1
3004,1544573574982,1
3004,1544573575083,1
3004,1544573575244,1
3004,1544573575460,1
3004,1544573575463,1
3004,1544573575883,1
3004,1544573575986,1
3004,1544573576084,1
3004,1544573576248,1
3004,1544573576460,1
3004,1544573576462,1
3004,1544573576887,1
3004,1544573576989,1
3004,1544573577087,1
3004,1544573577253,1
3004,1544573577458,1
3004,1544573577460,1
3004,1544573577890,1
3004,1544573577992,1
3004,1544573578092,1
3004,1544573578256,1
3004,1544573578465,1
3004,1544573578468,1
3004,1544573578892,1
3004,1544573578999,1
3004,1544573579093,1
3004,1544573579261,1
3004,1544573579466,1
3004,1544573579468,1
3004,1544573579894,1
3004,1544573580001,1
3004,1544573580098,1
3004,1544573580263,1
3004,1544573580468,1
3004,1544573580470,1
3004,1544573580898,1
3004,1544573581008,1
3004,1544573581104,1
3004,1544573581267,1
3004,1544573581470,1
3004,1544573581472,1
3004,1544573581899,1
3004,1544573582013,1
3004,1544573582106,1
3004,1544573582272,1
3004,1544573582477,1
3004,1544573582479,1
3004,1544573582900,1
3004,1544573583015,1
3004,1544573583112,1
3004,1544573583272,1
3004,1544573583480,1
3004,1544573583482,1
3004,1544573583902,1
3004,1544573584015,1
3004,1544573584116,1
3004,1544573584274,1
3004,1544573584479,1
3004,1544573584481,1
3004,1544573584906,1
3004,1544573585011,1
3004,1544573585121,1
3004,1544573585275,1
3004,1544573585479,1
3004,1544573585481,1
3004,1544573585907,1
3004,1544573586012,1
3004,1544573586122,1
3004,1544573586277,1
3004,1544573586484,1
3004,1544573586485,1
3004,1544573586911,1
3004,1544573587016,1
3004,1544573587125,1
3004,1544573587278,1
3004,1544573587485,1
3004,1544573587486,1
3004,1544573587914,1
3004,1544573588014,1
3004,1544573588129,1
3004,1544573588282,1
3004,1544573588488,1
3004,1544573588489,1
3004,1544573588918,1
3004,1544573589017,1
3004,1544573589133,1
3004,1544573589286,1
3004,1544573589489,1
3004,1544573589490,1
3004,1544573589922,1
3004,1544573590019,1
3004,1544573590139,1
3004,1544573590290,1
3004,1544573590492,1
3004,1544573590495,1
3004,1544573590928,1
3004,1544573591021,1
3004,1544573591145,1
3004,1544573591291,1
3004,1544573591493,1
3004,1544573591494,1
3004,1544573591932,1
3004,1544573592020,1
3004,1544573592145,1
3004,1544573592295,1
3004,1544573592496,1
3004,1544573592498,1
3004,1544573592935,1
3004,1544573593024,1
3004,1544573593151,1
3004,1544573593299,1
3004,1544573593501,1
3004,1544573593503,1
3004,1544573593937,1
3004,1544573594024,1
3004,1544573594153,1
3004,1544573594303,1
3004,1544573594502,1
3004,1544573594505,1
3004,1544573594939,1
3004,1544573595028,1
3004,1544573595155,1
3004,1544573595307,1
3004,1544573595506,1
3004,1544573595509,1
3004,1544573595940,1
3004,1544573596029,1
3004,1544573596159,1
3004,1544573596313,1
3004,1544573596508,1
3004,1544573596509,1
3004,1544573596945,1
3004,1544573597034,1
3004,1544573597163,1
3004,1544573597316,1
3004,1544573597511,1
3004,1544573597512,1
3004,1544573597946,1
3004,1544573598038,1
3004,1544573598169,1
3004,1544573598316,1
3004,1544573598513,1
3004,1544573598515,1
3004,1544573598949,1
3004,1544573599044,1
3004,1544573599169,1
3004,1544573599317,1
3004,1544573599514,1
3004,1544573599517,1
3004,1544573599950,1
3004,1544573600047,1
3004,1544573600171,1
3004,1544573600322,1
3004,1544573600518,1
3004,1544573600523,1
3004,1544573600953,1
3004,1544573601052,1
3004,1544573601174,1
3004,1544573601322,1
3004,1544573601523,1
3004,1544573601524,1
3004,1544573601956,1
3004,1544573602055,1
3004,1544573602180,1
3004,1544573602323,1
3004,1544573602524,1
3004,1544573602528,1
3004,1544573602958,1
3004,1544573603054,1
3004,1544573603183,1
3004,1544573603327,1
3004,1544573603527,1
3004,1544573603530,1
3004,1544573603958,1
3004,1544573604056,1
3004,1544573604187,1
3004,1544573604329,1
3004,1544573604532,1
3004,1544573604535,1
3004,1544573604958,1
3004,1544573605061,1
3004,1544573605187,1
3004,1544573605330,1
3004,1544573605537,1
3004,1544573605540,1
3004,1544573605963,1
3004,1544573606063,1
3004,1544573606192,1
3004,1544573606334,1
3004,1544573606541,1
3004,1544573606543,1
3004,1544573606970,1
3004,1544573607064,1
3004,1544573607194,1
3004,1544573607338,1
3004,1544573607544,1
3004,1544573607546,1
3004,1544573607969,1
3004,1544573608067,1
3004,1544573608198,1
3004,1544573608343,1
3004,1544573608550,1
3004,1544573608551,1
3004,1544573608971,1
3004,1544573609072,1
3004,1544573609204,1
3004,1544573609343,1
3004,1544573609554,1
3004,1544573609557,1
3004,1544573609972,1
3004,1544573610076,1
3004,1544573610208,1
3004,1544573610345,1
3004,1544573610554,1
3004,1544573610557,1
3004,1544573610974,1
3004,1544573611079,1
3004,1544573611210,1
3004,1544573611348,1
3004,1544573611561,1
3004,1544573611563,1
3004,1544573611978,1
3004,1544573612082,1
3004,1544573612215,1
3004,1544573612353,1
3004,1544573612564,1
3004,1544573612565,1
3004,1544573612980,1
3004,1544573613084,1
3004,1544573613218,1
3004,1544573613358,1
3004,1544573613565,1
3004,1544573613566,1
3004,1544573613987,1
3004,1544573614089,1
3004,1544573614223,1
3004,1544573614361,1
3004,1544573614569,1
3004,1544573614570,1
3004,1544573614988,1
3004,1544573615094,1
3004,1544573615227,1
3004,1544573615365,1
3004,1544573615571,1
3004,1544573615572,1
3004,1544573615993,1
3004,1544573616092,1
3004,1544573616231,1
3004,1544573616369,1
3004,1544573616565,1
3004,1544573616567,1
3004,1544573616993,1
3004,1544573617099,1
3004,1544573617233,1
3004,1544573617372,1
3004,1544573617568,1
3004,1544573617571,1
3004,1544573617995,1
3004,1544573618102,1
3004,1544573618241,1
3004,1544573618376,1
3004,1544573618573,1
3004,1544573618575,1
3004,1544573618999,1
3004,1544573619107,1
3004,1544573619244,1
3004,1544573619380,1
3004,1544573619577,1
3004,1544573619581,1
3004,1544573620004,1
3004,1544573620115,1
3004,1544573620247,1
3004,1544573620382,1
3004,1544573620581,1
3004,1544573620583,1
3004,1544573621004,1
3004,1544573621113,1
3004,1544573621251,1
3004,1544573621385,1
3004,1544573621586,1
3004,1544573621588,1
3004,1544573622005,1
3004,1544573622119,1
3004,1544573622255,1
3004,1544573622390,1
3004,1544573622588,1
3004,1544573622591,1
3004,1544573623006,1
3004,1544573623124,1
3004,1544573623256,1
3004,1544573623391,1
3004,1544573623591,1
3004,1544573623593,1
3004,1544573624007,1
3004,1544573624122,1
3004,1544573624259,1
3004,1544573624395,1
3004,1544573624594,1
3004,1544573624600,1
3004,1544573625007,1
3004,1544573625125,1
3004,1544573625261,1
3004,1544573625397,1
3004,1544573625597,1
3004,1544573625600,1
3004,1544573626008,1
3004,1544573626129,1
3004,1544573626267,1
3004,1544573626398,1
3004,1544573626598,1
3004,1544573626601,1
3004,1544573627009,1
3004,1544573627136,1
3004,1544573627270,1
3004,1544573627400,1
3004,1544573627598,1
3004,1544573627604,1
3004,1544573628010,1
3004,1544573628134,1
3004,1544573628274,1
3004,1544573628404,1
3004,1544573628598,1
3004,1544573628606,1
3004,1544573629011,1
3004,1544573629140,1
3004,1544573629277,1
3004,1544573629406,1
3004,1544573629603,1
3004,1544573629608,1
3004,1544573630011,1
3004,1544573630141,1
3004,1544573630283,1
3004,1544573630409,1
3004,1544573630606,1
3004,1544573630609,1
3004,1544573631012,1
3004,1544573631143,1
3004,1544573631288,1
3004,1544573631411,1
3004,1544573631612,1
3004,1544573631614,1
3004,1544573632011,1
3004,1544573632153,1
3004,1544573632290,1
3004,1544573632411,1
3004,1544573632612,1
3004,1544573632615,1
3004,1544573633013,1
3004,1544573633148,1
3004,1544573633296,1
3004,1544573633411,1
3004,1544573633614,1
3004,1544573633618,1
3004,1544573634012,1
3004,1544573634150,1
3004,1544573634298,1
3004,1544573634411,1
3004,1544573634619,1
3004,1544573634622,1
3004,1544573635013,1
3004,1544573635153,1
3004,1544573635298,1
3004,1544573635412,1
3004,1544573635620,1
3004,1544573635622,1
3004,1544573636016,1
3004,1544573636156,1
3004,1544573636303,1
3004,1544573636416,1
3004,1544573636623,1
3004,1544573636626,1
3004,1544573637018,1
3004,1544573637166,1
3004,1544573637305,1
3004,1544573637421,1
3004,1544573637626,1
3004,1544573637628,1
3004,1544573638021,1
3004,1544573638167,1
3004,1544573638308,1
3004,1544573638424,1
3004,1544573638628,1
3004,1544573638631,1
3004,1544573639023,1
3004,1544573639163,1
3004,1544573639311,1
3004,1544573639425,1
3004,1544573639630,1
3004,1544573639633,1
3004,1544573640022,1
3004,1544573640166,1
3004,1544573640315,1
3004,1544573640425,1
3004,1544573640633,1
3004,1544573640635,1
3004,1544573641024,1
3004,1544573641166,1
3004,1544573641315,1
3004,1544573641431,1
3004,1544573641638,1
3004,1544573641641,1
3004,1544573642028,1
3004,1544573642172,1
3004,1544573642319,1
3004,1544573642436,1
3004,1544573642641,1
3004,1544573642644,1
3004,1544573643033,1
3004,1544573643176,1
3004,1544573643325,1
3004,1544573643439,1
3004,1544573643644,1
3004,1544573643646,1
3004,1544573644036,1
3004,1544573644179,1
3004,1544573644324,1
3004,1544573644442,1
3004,1544573644645,1
3004,1544573644651,1
3004,1544573645041,1
3004,1544573645183,1
3004,1544573645327,1
3004,1544573645445,1
3004,1544573645648,1
3004,1544573645653,1
3004,1544573646046,1
3004,1544573646186,1
3004,1544573646330,1
3004,1544573646445,1
3004,1544573646650,1
3004,1544573646658,1
3004,1544573647047,1
3004,1544573647191,1
3004,1544573647334,1
3004,1544573647447,1
3004,1544573647656,1
3004,1544573647661,1
3004,1544573648048,1
3004,1544573648194,1
3004,1544573648335,1
3004,1544573648451,1
3004,1544573648660,1
3004,1544573648664,1
3004,1544573649051,1
3004,1544573649193,1
3004,1544573649340,1
3004,1544573649456,1
3004,1544573649664,1
3004,1544573649667,1
3004,1544573650056,1
3004,1544573650197,1
3004,1544573650344,1
3004,1544573650460,1
3004,1544573650666,1
3004,1544573650669,1
3004,1544573651055,1
3004,1544573651201,1
3004,1544573651346,1
3004,1544573651463,1
3004,1544573651665,1
3004,1544573651669,1
3004,1544573652059,1
3004,1544573652206,1
3004,1544573652355,1
3004,1544573652466,1
3004,1544573652667,1
3004,1544573652669,1
3004,1544573653062,1
3004,1544573653209,1
3004,1544573653354,1
3004,1544573653468,1
3004,1544573653670,1
3004,1544573653673,1
3004,1544573654067,1
3004,1544573654213,1
3004,1544573654357,1
3004,1544573654473,1
3004,1544573654675,1
3004,1544573654676,1
3004,1544573655070,1
3004,1544573655218,1
3004,1544573655359,1
3004,1544573655475,1
3004,1544573655679,1
3004,1544573655680,1
3004,1544573656071,1
3004,1544573656219,1
3004,1544573656363,1
3004,1544573656477,1
3004,1544573656678,1
3004,1544573656680,1
3004,1544573657074,1
3004,1544573657222,1
3004,1544573657369,1
3004,1544573657479,1
3004,1544573657678,1
3004,1544573657680,1
3004,1544573658078,1
3004,1544573658226,1
3004,1544573658375,1
3004,1544573658484,1
3004,1544573658682,1
3004,1544573658685,1
3004,1544573659081,1
3004,1544573659231,1
3004,1544573659377,1
3004,1544573659485,1
3004,1544573659686,1
3004,1544573659690,1
3004,1544573660084,1
3004,1544573660231,1
3004,1544573660381,1
3004,1544573660490,1
3004,1544573660691,1
3004,1544573660693,1
3004,1544573661089,1
3004,1544573661231,1
3004,1544573661384,1
3004,1544573661493,1
3004,1544573661694,1
3004,1544573661696,1
3004,1544573662092,1
3004,1544573662236,1
3004,1544573662390,1
3004,1544573662497,1
3004,1544573662699,1
3004,1544573662704,1
3004,1544573663096,1
3004,1544573663239,1
3004,1544573663392,1
3004,1544573663498,1
3004,1544573663702,1
3004,1544573663703,1
3004,1544573664099,1
3004,1544573664243,1
3004,1544573664399,1
3004,1544573664499,1
3004,1544573664703,1
3004,1544573664707,1
3004,1544573665105,1
3004,1544573665246,1
3004,1544573665399,1
3004,1544573665501,1
3004,1544573665707,1
3004,1544573665708,1
3004,1544573666108,1
3004,1544573666251,1
3004,1544573666404,1
3004,1544573666501,1
3004,1544573666711,1
3004,1544573666713,1
3004,1544573667113,1
3004,1544573667255,1
3004,1544573667406,1
3004,1544573667505,1
3004,1544573667713,1
3004,1544573667714,1
3004,1544573668117,1
3004,1544573668258,1
3004,1544573668407,1
3004,1544573668506,1
3004,1544573668715,1
3004,1544573668717,1
3004,1544573669120,1
3004,1544573669262,1
3004,1544573669412,1
3004,1544573669508,1
3004,1544573669720,1
3004,1544573669723,1
3004,1544573670125,1
3004,1544573670267,1
3004,1544573670416,1
3004,1544573670512,1
3004,1544573670724,1
3004,1544573670726,1
3004,1544573671128,1
3004,1544573671270,1
3004,1544573671419,1
3004,1544573671512,1
3004,1544573671725,1
3004,1544573671726,1
3004,1544573672131,1
3004,1544573672272,1
3004,1544573672423,1
3004,1544573672514,1
3004,1544573672728,1
3004,1544573672730,1
3004,1544573673136,1
3004,1544573673272,1
3004,1544573673424,1
3004,1544573673518,1
3004,1544573673731,1
3004,1544573673734,1
3004,1544573674137,1
3004,1544573674278,1
3004,1544573674431,1
3004,1544573674523,1
3004,1544573674735,1
3004,1544573674738,1
3004,1544573675138,1
3004,1544573675279,1
3004,1544573675433,1
3004,1544573675527,1
3004,1544573675738,1
3004,1544573675740,1
3004,1544573676144,1
3004,1544573676280,1
3004,1544573676440,1
3004,1544573676529,1
3004,1544573676747,1
3004,1544573676748,1
3004,1544573677147,1
3004,1544573677284,1
3004,1544573677442,1
3004,1544573677535,1
3004,1544573677748,1
3004,1544573677750,1
3004,1544573678152,1
3004,1544573678284,1
3004,1544573678449,1
3004,1544573678539,1
3004,1544573678747,1
3004,1544573678749,1
3004,1544573679156,1
3004,1544573679285,1
3004,1544573679450,1
3004,1544573679543,1
3004,1544573679752,1
3004,1544573679754,1
3004,1544573680158,1
3004,1544573680288,1
3004,1544573680456,1
3004,1544573680549,1
3004,1544573680754,1
3004,1544573680756,1
3004,1544573681162,1
3004,1544573681288,1
3004,1544573681462,1
3004,1544573681549,1
3004,1544573681758,1
3004,1544573681762,1
3004,1544573682164,1
3004,1544573682290,1
3004,1544573682466,1
3004,1544573682550,1
3004,1544573682763,1
3004,1544573682765,1
3004,1544573683168,1
3004,1544573683290,1
3004,1544573683470,1
3004,1544573683553,1
3004,1544573683762,1
3004,1544573683765,1
3004,1544573684170,1
3004,1544573684295,1
3004,1544573684473,1
3004,1544573684556,1
3004,1544573684764,1
3004,1544573684765,1
3004,1544573685175,1
3004,1544573685298,1
3004,1544573685477,1
3004,1544573685560,1
3004,1544573685769,1
3004,1544573685771,1
3004,1544573686177,1
3004,1544573686302,1
3004,1544573686474,1
3004,1544573686559,1
3004,1544573686773,1
3004,1544573686774,1
3004,1544573687183,1
3004,1544573687307,1
3004,1544573687478,1
3004,1544573687562,1
3004,1544573687777,1
3004,1544573687780,1
3004,1544573688186,1
3004,1544573688312,1
3004,1544573688482,1
3004,1544573688567,1
3004,1544573688780,1
3004,1544573688783,1
3004,1544573689186,1
3004,1544573689315,1
3004,1544573689487,1
3004,1544573689571,1
3004,1544573689783,1
3004,1544573689787,1
3004,1544573690187,1
3004,1544573690321,1
3004,1544573690492,1
3004,1544573690576,1
3004,1544573690787,1
3004,1544573690789,1
3004,1544573691189,1
3004,1544573691322,1
3004,1544573691493,1
3004,1544573691576,1
3004,1544573691787,1
3004,1544573691792,1
3004,1544573692194,1
3004,1544573692328,1
3004,1544573692498,1
3004,1544573692578,1
3004,1544573692790,1
3004,1544573692796,1
3004,1544573693198,1
3004,1544573693327,1
3004,1544573693502,1
3004,1544573693582,1
3004,1544573693793,1
3004,1544573693800,1
3004,1544573694200,1
3004,1544573694331,1
3004,1544573694508,1
3004,1544573694583,1
3004,1544573694797,1
3004,1544573694803,1
3004,1544573695204,1
3004,1544573695337,1
3004,1544573695510,1
3004,1544573695588,1
3004,1544573695800,1
3004,1544573695804,1
3004,1544573696206,1
3004,1544573696335,1
3004,1544573696514,1
3004,1544573696589,1
3004,1544573696803,1
3004,1544573696808,1
3004,1544573697211,1
3004,1544573697335,1
3004,1544573697517,1
3004,1544573697592,1
3004,1544573697804,1
3004,1544573697809,1
3004,1544573698214,1
3004,1544573698339,1
3004,1544573698522,1
3004,1544573698597,1
3004,1544573698807,1
3004,1544573698813,1
3004,1544573699219,1
3004,1544573699343,1
3004,1544573699526,1
3004,1544573699600,1
3004,1544573699813,1
3004,1544573699816,1
3004,1544573700223,1
3004,1544573700343,1
3004,1544573700531,1
3004,1544573700605,1
3004,1544573700817,1
3004,1544573700819,1
3004,1544573701227,1
3004,1544573701342,1
3004,1544573701534,1
3004,1544573701609,1
3004,1544573701819,1
3004,1544573701821,1
3004,1544573702233,1
3004,1544573702345,1
3004,1544573702538,1
3004,1544573702612,1
3004,1544573702823,1
3004,1544573702825,1
3004,1544573703231,1
3004,1544573703347,1
3004,1544573703543,1
3004,1544573703617,1
3004,1544573703829,1
3004,1544573703830,1
3004,1544573704233,1
3004,1544573704353,1
3004,1544573704547,1
3004,1544573704620,1
3004,1544573704831,1
3004,1544573704832,1
3004,1544573705238,1
3004,1544573705354,1
3004,1544573705552,1
3004,1544573705620,1
3004,1544573705832,1
3004,1544573705835,1
3004,1544573706238,1
3004,1544573706353,1
3004,1544573706554,1
3004,1544573706624,1
3004,1544573706833,1
3004,1544573706834,1
3004,1544573707238,1
3004,1544573707355,1
3004,1544573707558,1
3004,1544573707627,1
3004,1544573707833,1
3004,1544573707835,1
3004,1544573708243,1
3004,1544573708359,1
3004,1544573708561,1
3004,1544573708631,1
3004,1544573708838,1
3004,1544573708841,1
3004,1544573709248,1
3004,1544573709360,1
3004,1544573709564,1
3004,1544573709636,1
3004,1544573709840,1
3004,1544573709842,1
3004,1544573710253,1
3004,1544573710360,1
3004,1544573710570,1
3004,1544573710639,1
3004,1544573710839,1
3004,1544573710840,1
3004,1544573711255,1
3004,1544573711364,1
3004,1544573711569,1
3004,1544573711642,1
3004,1544573711843,1
3004,1544573711845,1
3004,1544573712257,1
3004,1544573712362,1
3004,1544573712572,1
3004,1544573712643,1
3004,1544573712848,1
3004,1544573712852,1
3004,1544573713259,1
3004,1544573713366,1
3004,1544573713574,1
3004,1544573713646,1
3004,1544573713854,1
3004,1544573713856,1
3004,1544573714262,1
3004,1544573714370,1
3004,1544573714576,1
3004,1544573714651,1
3004,1544573714856,1
3004,1544573714859,1
3004,1544573715267,1
3004,1544573715375,1
3004,1544573715579,1
3004,1544573715654,1
3004,1544573715861,1
3004,1544573715863,1
3004,1544573716270,1
3004,1544573716377,1
3004,1544573716583,1
3004,1544573716658,1
3004,1544573716865,1
3004,1544573716867,1
3004,1544573717276,1
3004,1544573717381,1
3004,1544573717588,1
3004,1544573717662,1
3004,1544573717869,1
3004,1544573717873,1
3004,1544573718277,1
3004,1544573718386,1
3004,1544573718591,1
3004,1544573718665,1
3004,1544573718874,1
3004,1544573718877,1
3004,1544573719282,1
3004,1544573719387,1
3004,1544573719595,1
3004,1544573719670,1
3004,1544573719878,1
3004,1544573719880,1
3004,1544573720286,1
3004,1544573720391,1
3004,1544573720600,1
3004,1544573720674,1
3004,1544573720881,1
3004,1544573720882,1
3004,1544573721288,1
3004,1544573721389,1
3004,1544573721605,1
3004,1544573721678,1
3004,1544573721884,1
3004,1544573721886,1
3004,1544573722289,1
3004,1544573722393,1
3004,1544573722610,1
3004,1544573722681,1
3004,1544573722889,1
3004,1544573722892,1
3004,1544573723292,1
3004,1544573723398,1
3004,1544573723612,1
3004,1544573723683,1
3004,1544573723891,1
3004,1544573723894,1
3004,1544573724297,1
3004,1544573724401,1
3004,1544573724616,1
3004,1544573724684,1
3004,1544573724894,1
3004,1544573724896,1
3004,1544573725302,1
3004,1544573725405,1
3004,1544573725619,1
3004,1544573725685,1
3004,1544573725893,1
3004,1544573725895,1
3004,1544573726304,1
3004,1544573726410,1
3004,1544573726624,1
3004,1544573726690,1
3004,1544573726898,1
3004,1544573726898,1
3004,1544573727304,1
3004,1544573727413,1
3004,1544573727628,1
3004,1544573727695,1
3004,1544573727902,1
3004,1544573727903,1
3004,1544573728307,1
3004,1544573728417,1
3004,1544573728633,1
3004,1544573728700,1
3004,1544573728900,1
3004,1544573728903,1
3004,1544573729307,1
3004,1544573729422,1
3004,1544573729633,1
3004,1544573729699,1
3004,1544573729905,1
3004,1544573729907,1
3004,1544573730313,1
3004,1544573730422,1
3004,1544573730639,1
3004,1544573730699,1
3004,1544573730908,1
3004,1544573730910,1
3004,1544573731316,1
3004,1544573731423,1
3004,1544573731642,1
3004,1544573731702,1
3004,1544573731913,1
3004,1544573731915,1
3004,1544573732322,1
3004,1544573732427,1
3004,1544573732645,1
3004,1544573732705,1
3004,1544573732916,1
3004,1544573732918,1
3004,1544573733325,1
3004,1544573733429,1
3004,1544573733651,1
3004,1544573733709,1
3004,1544573733918,1
3004,1544573733920,1
3004,1544573734332,1
3004,1544573734433,1
3004,1544573734655,1
3004,1544573734711,1
3004,1544573734918,1
3004,1544573734920,1
3004,1544573735336,1
3004,1544573735437,1
3004,1544573735658,1
3004,1544573735712,1
3004,1544573735923,1
3004,1544573735925,1
3004,1544573736340,1
3004,1544573736441,1
3004,1544573736660,1
3004,1544573736716,1
3004,1544573736928,1
3004,1544573736930,1
3004,1544573737345,1
3004,1544573737444,1
3004,1544573737662,1
3004,1544573737720,1
3004,1544573737931,1
3004,1544573737934,1
3004,1544573738347,1
3004,1544573738451,1
3004,1544573738666,1
3004,1544573738722,1
3004,1544573738935,1
3004,1544573738938,1
3004,1544573739351,1
3004,1544573739455,1
3004,1544573739671,1
3004,1544573739727,1
3004,1544573739940,1
3004,1544573739943,1
3004,1544573740350,1
3004,1544573740457,1
3004,1544573740675,1
3004,1544573740732,1
3004,1544573740942,1
3004,1544573740946,1
3004,1544573741354,1
3004,1544573741456,1
3004,1544573741677,1
3004,1544573741735,1
3004,1544573741943,1
3004,1544573741945,1
3004,1544573742358,1
3004,1544573742460,1
3004,1544573742679,1
3004,1544573742739,1
3004,1544573742946,1
3004,1544573742948,1
3004,1544573743362,1
3004,1544573743461,1
3004,1544573743682,1
3004,1544573743744,1
3004,1544573743946,1
3004,1544573743948,1
3004,1544573744365,1
3004,1544573744461,1
3004,1544573744681,1
3004,1544573744747,1
3004,1544573744951,1
3004,1544573744955,1
3004,1544573745371,1
3004,1544573745465,1
3004,1544573745683,1
3004,1544573745753,1
3004,1544573745952,1
3004,1544573745954,1
3004,1544573746374,1
3004,1544573746470,1
3004,1544573746687,1
3004,1544573746755,1
3004,1544573746957,1
3004,1544573746963,1
3004,1544573747378,1
3004,1544573747475,1
3004,1544573747691,1
3004,1544573747755,1
3004,1544573747960,1
3004,1544573747962,1
3004,1544573748382,1
3004,1544573748477,1
3004,1544573748696,1
3004,1544573748759,1
3004,1544573748964,1
3004,1544573748967,1
3004,1544573749386,1
3004,1544573749478,1
3004,1544573749699,1
3004,1544573749762,1
3004,1544573749969,1
3004,1544573749971,1
3004,1544573750386,1
3004,1544573750483,1
3004,1544573750704,1
3004,1544573750766,1
3004,1544573750971,1
3004,1544573750973,1
3004,1544573751386,1
3004,1544573751485,1
3004,1544573751707,1
3004,1544573751767,1
3004,1544573751977,1
3004,1544573751980,1
3004,1544573752386,1
3004,1544573752488,1
3004,1544573752711,1
3004,1544573752770,1
3004,1544573752980,1
3004,1544573752981,1
3004,1544573753388,1
3004,1544573753493,1
3004,1544573753715,1
3004,1544573753769,1
3004,1544573753984,1
3004,1544573753985,1
3004,1544573754391,1
3004,1544573754495,1
3004,1544573754720,1
3004,1544573754773,1
3004,1544573754988,1
3004,1544573754990,1
3004,1544573755396,1
3004,1544573755501,1
3004,1544573755724,1
3004,1544573755774,1
3004,1544573755988,1
3004,1544573755991,1
3004,1544573756399,1
3004,1544573756504,1
3004,1544573756728,1
3004,1544573756776,1
3004,1544573756994,1
3004,1544573756995,1
3004,1544573757402,1
3004,1544573757507,1
3004,1544573757729,1
3004,1544573757780,1
3004,1544573757996,1
3004,1544573757998,1
3004,1544573758405,1
3004,1544573758510,1
3004,1544573758728,1
3004,1544573758782,1
3004,1544573758999,1
3004,1544573759002,1
3004,1544573759409,1
3004,1544573759513,1
3004,1544573759733,1
3004,1544573759782,1
3004,1544573760004,1
3004,1544573760004,1
3004,1544573760410,1
3004,1544573760518,1
3004,1544573760740,1
3004,1544573760786,1
3004,1544573761007,1
3004,1544573761010,1
3004,1544573761415,1
3004,1544573761519,1
3004,1544573761744,1
3004,1544573761788,1
3004,1544573762008,1
3004,1544573762010,1
3004,1544573762419,1
3004,1544573762522,1
3004,1544573762746,1
3004,1544573762787,1
3004,1544573763009,1
3004,1544573763011,1
3004,1544573763423,1
3004,1544573763527,1
3004,1544573763749,1
3004,1544573763791,1
3004,1544573764008,1
3004,1544573764010,1
3004,1544573764427,1
3004,1544573764531,1
3004,1544573764752,1
3004,1544573764792,1
3004,1544573765009,1
3004,1544573765013,1
3004,1544573765432,1
3004,1544573765535,1
3004,1544573765755,1
3004,1544573765792,1
3004,1544573766009,1
3004,1544573766010,1
3004,1544573766432,1
3004,1544573766539,1
3004,1544573766759,1
3004,1544573766794,1
3004,1544573767011,1
3004,1544573767012,1
3004,1544573767434,1
3004,1544573767540,1
3004,1544573767761,1
3004,1544573767798,1
3004,1544573768012,1
3004,1544573768013,1
3004,1544573768435,1
3004,1544573768544,1
3004,1544573768761,1
3004,1544573768803,1
3004,1544573769010,1
3004,1544573769012,1
3004,1544573769438,1
3004,1544573769545,1
3004,1544573769763,1
3004,1544573769808,1
3004,1544573770010,1
3004,1544573770012,1
3004,1544573770442,1
3004,1544573770549,1
3004,1544573770768,1
3004,1544573770812,1
3004,1544573771010,1
3004,1544573771012,1
3004,1544573771445,1
3004,1544573771548,1
3004,1544573771772,1
3004,1544573771816,1
3004,1544573772011,1
3004,1544573772012,1
3004,1544573772446,1
3004,1544573772550,1
3004,1544573772775,1
3004,1544573772819,1
3004,1544573773011,1
3004,1544573773014,1
3004,1544573773449,1
3004,1544573773554,1
3004,1544573773778,1
3004,1544573773824,1
3004,1544573774013,1
3004,1544573774015,1
3004,1544573774452,1
3004,1544573774558,1
3004,1544573774778,1
3004,1544573774823,1
3004,1544573775013,1
3004,1544573775016,1
3004,1544573775457,1
3004,1544573775562,1
3004,1544573775783,1
3004,1544573775824,1
3004,1544573776014,1
3004,1544573776016,1
3004,1544573776462,1
3004,1544573776562,1
3004,1544573776783,1
3004,1544573776826,1
3004,1544573777014,1
3004,1544573777015,1
3004,1544573777460,1
3004,1544573777565,1
3004,1544573777783,1
3004,1544573777829,1
3004,1544573778013,1
3004,1544573778016,1
3004,1544573778463,1
3004,1544573778571,1
3004,1544573778788,1
3004,1544573778830,1
3004,1544573779017,1
3004,1544573779019,1
3004,1544573779467,1
3004,1544573779575,1
3004,1544573779793,1
3004,1544573779833,1
3004,1544573780018,1
3004,1544573780022,1
3004,1544573780472,1
3004,1544573780579,1
3004,1544573780796,1
3004,1544573780836,1
3004,1544573781021,1
3004,1544573781024,1
3004,1544573781475,1
3004,1544573781583,1
3004,1544573781801,1
3004,1544573781839,1
3004,1544573782024,1
3004,1544573782026,1
3004,1544573782478,1
3004,1544573782587,1
3004,1544573782807,1
3004,1544573782843,1
3004,1544573783029,1
3004,1544573783030,1
3004,1544573783483,1
3004,1544573783591,1
3004,1544573783808,1
3004,1544573783846,1
3004,1544573784032,1
3004,1544573784034,1
3004,1544573784487,1
3004,1544573784592,1
3004,1544573784813,1
3004,1544573784851,1
3004,1544573785036,1
3004,1544573785038,1
3004,1544573785491,1
3004,1544573785596,1
3004,1544573785814,1
3004,1544573785855,1
3004,1544573786034,1
3004,1544573786035,1
3004,1544573786495,1
3004,1544573786599,1
3004,1544573786819,1
3004,1544573786856,1
3004,1544573787040,1
3004,1544573787041,1
3004,1544573787500,1
3004,1544573787599,1
3004,1544573787824,1
3004,1544573787860,1
3004,1544573788043,1
3004,1544573788044,1
3004,1544573788504,1
3004,1544573788599,1
3004,1544573788826,1
3004,1544573788866,1
3004,1544573789044,1
3004,1544573789046,1
3004,1544573789507,1
3004,1544573789604,1
3004,1544573789829,1
3004,1544573789868,1
3004,1544573790047,1
3004,1544573790048,1
3004,1544573790511,1
3004,1544573790606,1
3004,1544573790830,1
3004,1544573790871,1
3004,1544573791052,1
3004,1544573791054,1
3004,1544573791512,1
3004,1544573791609,1
3004,1544573791834,1
3004,1544573791877,1
3004,1544573792057,1
3004,1544573792059,1
3004,1544573792517,1
3004,1544573792612,1
3004,1544573792836,1
3004,1544573792878,1
3004,1544573793053,1
3004,1544573793059,1
3004,1544573793517,1
3004,1544573793617,1
3004,1544573793835,1
3004,1544573793882,1
3004,1544573794063,1
3004,1544573794067,1
3004,1544573794518,1
3004,1544573794621,1
3004,1544573794840,1
3004,1544573794886,1
3004,1544573795069,1
3004,1544573795071,1
3004,1544573795520,1
3004,1544573795622,1
3004,1544573795843,1
3004,1544573795889,1
3004,1544573796073,1
3004,1544573796075,1
3004,1544573796525,1
3004,1544573796626,1
3004,1544573796849,1
3004,1544573796894,1
3004,1544573797072,1
3004,1544573797077,1
3004,1544573797528,1
3004,1544573797630,1
3004,1544573797854,1
3004,1544573797893,1
3004,1544573798076,1
3004,1544573798082,1
3004,1544573798532,1
3004,1544573798635,1
3004,1544573798858,1
3004,1544573798896,1
3004,1544573799079,1
3004,1544573799085,1
3004,1544573799536,1
3004,1544573799637,1
3004,1544573799861,1
3004,1544573799900,1
3004,1544573800081,1
3004,1544573800082,1
3004,1544573800540,1
3004,1544573800642,1
3004,1544573800865,1
3004,1544573800901,1
3004,1544573801084,1
3004,1544573801086,1
3004,1544573801544,1
3004,1544573801646,1
3004,1544573801869,1
3004,1544573801904,1
3004,1544573802086,1
3004,1544573802090,1
3004,1544573802549,1
3004,1544573802649,1
3004,1544573802867,1
3004,1544573802907,1
3004,1544573803088,1
3004,1544573803090,1
3004,1544573803553,1
3004,1544573803655,1
3004,1544573803872,1
3004,1544573803911,1
3004,1544573804094,1
3004,1544573804097,1
3004,1544573804557,1
3004,1544573804658,1
3004,1544573804875,1
3004,1544573804914,1
3004,1544573805093,1
3004,1544573805096,1
3004,1544573805561,1
3004,1544573805661,1
3004,1544573805878,1
3004,1544573805915,1
3004,1544573806096,1
3004,1544573806098,1
3004,1544573806564,1
3004,1544573806663,1
3004,1544573806880,1
3004,1544573806917,1
3004,1544573807101,1
3004,1544573807102,1
3004,1544573807569,1
3004,1544573807665,1
3004,1544573807883,1
3004,1544573807920,1
3004,1544573808103,1
3004,1544573808105,1
3004,1544573808572,1
3004,1544573808668,1
3004,1544573808882,1
3004,1544573808924,1
3004,1544573809109,1
3004,1544573809112,1
3004,1544573809576,1
3004,1544573809671,1
3004,1544573809881,1
3004,1544573809925,1
3004,1544573810112,1
3004,1544573810116,1
3004,1544573810580,1
3004,1544573810677,1
3004,1544573810879,1
3004,1544573810928,1
3004,1544573811117,1
3004,1544573811119,1
3004,1544573811585,1
3004,1544573811680,1
3004,1544573811882,1
3004,1544573811932,1
3004,1544573812120,1
3004,1544573812123,1
3004,1544573812589,1
3004,1544573812687,1
3004,1544573812883,1
3004,1544573812933,1
3004,1544573813123,1
3004,1544573813126,1
3004,1544573813590,1
3004,1544573813694,1
3004,1544573813890,1
3004,1544573813933,1
3004,1544573814126,1
3004,1544573814128,1
3004,1544573814594,1
3004,1544573814689,1
3004,1544573814888,1
3004,1544573814939,1
3004,1544573815131,1
3004,1544573815133,1
3004,1544573815597,1
3004,1544573815691,1
3004,1544573815893,1
3004,1544573815942,1
3004,1544573816131,1
3004,1544573816134,1
3004,1544573816600,1
3004,1544573816695,1
3004,1544573816895,1
3004,1544573816946,1
3004,1544573817135,1
3004,1544573817138,1
3004,1544573817605,1
3004,1544573817700,1
3004,1544573817897,1
3004,1544573817952,1
3004,1544573818139,1
3004,1544573818143,1
3004,1544573818608,1
3004,1544573818703,1
3004,1544573818906,1
3004,1544573818951,1
3004,1544573819144,1
3004,1544573819146,1
3004,1544573819612,1
3004,1544573819708,1
3004,1544573819907,1
3004,1544573819956,1
3004,1544573820146,1
3004,1544573820147,1
3004,1544573820615,1
3004,1544573820712,1
3004,1544573820910,1
3004,1544573820958,1
3004,1544573821151,1
3004,1544573821152,1
3004,1544573821617,1
3004,1544573821717,1
3004,1544573821916,1
3004,1544573821962,1
3004,1544573822155,1
3004,1544573822158,1
3004,1544573822619,1
3004,1544573822720,1
3004,1544573822921,1
3004,1544573822966,1
3004,1544573823159,1
3004,1544573823161,1
3004,1544573823625,1
3004,1544573823723,1
3004,1544573823922,1
3004,1544573823972,1
3004,1544573824163,1
3004,1544573824165,1
3004,1544573824628,1
3004,1544573824729,1
3004,1544573824926,1
3004,1544573824976,1
3004,1544573825164,1
3004,1544573825167,1
3004,1544573825629,1
3004,1544573825734,1
3004,1544573825932,1
3004,1544573825978,1
3004,1544573826165,1
3004,1544573826168,1
3004,1544573826634,1
3004,1544573826736,1
3004,1544573826935,1
3004,1544573826982,1
3004,1544573827165,1
3004,1544573827172,1
3004,1544573827635,1
3004,1544573827738,1
3004,1544573827938,1
3004,1544573827984,1
3004,1544573828169,1
3004,1544573828174,1
3004,1544573828636,1
3004,1544573828742,1
3004,1544573828946,1
3004,1544573828988,1
3004,1544573829171,1
3004,1544573829178,1
3004,1544573829640,1
3004,1544573829744,1
3004,1544573829948,1
3004,1544573829990,1
3004,1544573830175,1
3004,1544573830183,1
3004,1544573830645,1
3004,1544573830750,1
3004,1544573830950,1
3004,1544573830994,1
3004,1544573831180,1
3004,1544573831186,1
3004,1544573831648,1
3004,1544573831753,1
3004,1544573831950,1
3004,1544573832001,1
3004,1544573832185,1
3004,1544573832189,1
3004,1544573832652,1
3004,1544573832758,1
3004,1544573832953,1
3004,1544573833003,1
3004,1544573833185,1
3004,1544573833190,1
3004,1544573833656,1
3004,1544573833761,1
3004,1544573833958,1
3004,1544573834003,1
3004,1544573834186,1
3004,1544573834194,1
3004,1544573834661,1
3004,1544573834764,1
3004,1544573834960,1
3004,1544573835006,1
3004,1544573835189,1
3004,1544573835195,1
3004,1544573835665,1
3004,1544573835767,1
3004,1544573835966,1
3004,1544573836006,1
3004,1544573836192,1
3004,1544573836199,1
3004,1544573836669,1
3004,1544573836771,1
3004,1544573836971,1
3004,1544573837006,1
3004,1544573837197,1
3004,1544573837204,1
3004,1544573837673,1
3004,1544573837774,1
3004,1544573837974,1
3004,1544573838008,1
3004,1544573838202,1
3004,1544573838206,1
3004,1544573838677,1
3004,1544573838779,1
3004,1544573838978,1
3004,1544573839007,1
3004,1544573839204,1
3004,1544573839207,1
3004,1544573839681,1
3004,1544573839781,1
3004,1544573839984,1
3004,1544573840007,1
3004,1544573840206,1
3004,1544573840211,1
3004,1544573840685,1
3004,1544573840784,1
3004,1544573840987,1
3004,1544573841008,1
3004,1544573841208,1
3004,1544573841211,1
3004,1544573841685,1
3004,1544573841788,1
3004,1544573841991,1
3004,1544573842008,1
3004,1544573842211,1
3004,1544573842212,1
3004,1544573842686,1
3004,1544573842791,1
3004,1544573842990,1
3004,1544573843010,1
3004,1544573843216,1
3004,1544573843218,1
3004,1544573843691,1
3004,1544573843795,1
3004,1544573843993,1
3004,1544573844010,1
3004,1544573844215,1
3004,1544573844218,1
3004,1544573844696,1
3004,1544573844800,1
3004,1544573844996,1
3004,1544573845013,1
3004,1544573845219,1
3004,1544573845221,1
3004,1544573845700,1
3004,1544573845802,1
3004,1544573846002,1
3004,1544573846014,1
3004,1544573846223,1
3004,1544573846225,1
3004,1544573846703,1
3004,1544573846804,1
3004,1544573847000,1
3004,1544573847015,1
3004,1544573847223,1
3004,1544573847225,1
3004,1544573847708,1
3004,1544573847808,1
3004,1544573848000,1
3004,1544573848014,1
3004,1544573848225,1
3004,1544573848226,1
3004,1544573848713,1
3004,1544573848813,1
3004,1544573849008,1
3004,1544573849014,1
3004,1544573849232,1
3004,1544573849233,1
3004,1544573849716,1
3004,1544573849817,1
3004,1544573850010,1
3004,1544573850014,1
3004,1544573850233,1
3004,1544573850235,1
3004,1544573850720,1
3004,1544573850821,1
3004,1544573851012,1
3004,1544573851014,1
3004,1544573851234,1
3004,1544573851235,1
3004,1544573851725,1
3004,1544573851821,1
3004,1544573852015,1
3004,1544573852021,1
3004,1544573852237,1
3004,1544573852239,1
3004,1544573852729,1
3004,1544573852823,1
3004,1544573853016,1
3004,1544573853023,1
3004,1544573853237,1
3004,1544573853238,1
3004,1544573853733,1
3004,1544573853828,1
3004,1544573854018,1
3004,1544573854024,1
3004,1544573854240,1
3004,1544573854242,1
3004,1544573854735,1
3004,1544573854834,1
3004,1544573855021,1
3004,1544573855029,1
3004,1544573855244,1
3004,1544573855246,1
3004,1544573855740,1
3004,1544573855838,1
3004,1544573856022,1
3004,1544573856028,1
3004,1544573856247,1
3004,1544573856249,1
3004,1544573856744,1
3004,1544573856838,1
3004,1544573857022,1
3004,1544573857029,1
3004,1544573857251,1
3004,1544573857254,1
3004,1544573857747,1
3004,1544573857840,1
3004,1544573858025,1
3004,1544573858032,1
3004,1544573858254,1
3004,1544573858257,1
3004,1544573858752,1
3004,1544573858844,1
3004,1544573859030,1
3004,1544573859038,1
3004,1544573859259,1
3004,1544573859261,1
3004,1544573859756,1
3004,1544573859846,1
3004,1544573860034,1
3004,1544573860042,1
3004,1544573860263,1
3004,1544573860265,1
3004,1544573860760,1
3004,1544573860850,1
3004,1544573861037,1
3004,1544573861040,1
3004,1544573861267,1
3004,1544573861268,1
3004,1544573861764,1
3004,1544573861854,1
3004,1544573862040,1
3004,1544573862042,1
3004,1544573862270,1
3004,1544573862272,1
3004,1544573862768,1
3004,1544573862859,1
3004,1544573863046,1
3004,1544573863047,1
3004,1544573863276,1
3004,1544573863278,1
3004,1544573863770,1
3004,1544573863865,1
3004,1544573864048,1
3004,1544573864050,1
3004,1544573864276,1
3004,1544573864279,1
3004,1544573864770,1
3004,1544573864869,1
3004,1544573865053,1
3004,1544573865054,1
3004,1544573865277,1
3004,1544573865279,1
3004,1544573865773,1
3004,1544573865872,1
3004,1544573866057,1
3004,1544573866060,1
3004,1544573866283,1
3004,1544573866284,1
3004,1544573866774,1
3004,1544573866876,1
3004,1544573867060,1
3004,1544573867062,1
3004,1544573867285,1
3004,1544573867287,1
3004,1544573867775,1
3004,1544573867880,1
3004,1544573868064,1
3004,1544573868068,1
3004,1544573868290,1
3004,1544573868293,1
3004,1544573868779,1
3004,1544573868885,1
3004,1544573869068,1
3004,1544573869071,1
3004,1544573869292,1
3004,1544573869294,1
3004,1544573869783,1
3004,1544573869889,1
3004,1544573870069,1
3004,1544573870075,1
3004,1544573870296,1
3004,1544573870301,1
3004,1544573870784,1
3004,1544573870893,1
3004,1544573871072,1
3004,1544573871079,1
3004,1544573871301,1
3004,1544573871304,1
3004,1544573871786,1
3004,1544573871893,1
3004,1544573872077,1
3004,1544573872083,1
3004,1544573872305,1
3004,1544573872307,1
3004,1544573872788,1
3004,1544573872894,1
3004,1544573873081,1
3004,1544573873087,1
3004,1544573873311,1
3004,1544573873313,1
3004,1544573873790,1
3004,1544573873899,1
3004,1544573874085,1
3004,1544573874092,1
