3007,1544573276996,1
3007,1544573277517,1
3007,1544573278000,1
3007,1544573278073,1
3007,1544573278518,1
3007,1544573279004,1
3007,1544573279070,1
3007,1544573279521,1
3007,1544573280004,1
3007,1544573280070,1
3007,1544573280528,1
3007,1544573281006,1
3007,1544573281076,1
3007,1544573281531,1
3007,1544573282005,1
3007,1544573282077,1
3007,1544573282531,1
3007,1544573283006,1
3007,1544573283078,1
3007,1544573283533,1
3007,1544573284006,1
3007,1544573284080,1
3007,1544573284536,1
3007,1544573285007,1
3007,1544573285085,1
3007,1544573285541,1
3007,1544573286009,1
3007,1544573286089,1
3007,1544573286544,1
3007,1544573287011,1
3007,1544573287092,1
3007,1544573287548,1
3007,1544573288012,1
3007,1544573288096,1
3007,1544573288552,1
3007,1544573289011,1
3007,1544573289101,1
3007,1544573289558,1
3007,1544573290012,1
3007,1544573290101,1
3007,1544573290565,1
3007,1544573291014,1
3007,1544573291106,1
3007,1544573291566,1
3007,1544573292012,1
3007,1544573292107,1
3007,1544573292563,1
3007,1544573293012,1
3007,1544573293111,1
3007,1544573293569,1
3007,1544573294013,1
3007,1544573294113,1
3007,1544573294572,1
3007,1544573295015,1
3007,1544573295117,1
3007,1544573295574,1
3007,1544573296017,1
3007,1544573296123,1
3007,1544573296579,1
3007,1544573297017,1
3007,1544573297126,1
3007,1544573297583,1
3007,1544573298018,1
3007,1544573298129,1
3007,1544573298587,1
3007,1544573299020,1
3007,1544573299134,1
3007,1544573299592,1
3007,1544573300025,1
3007,1544573300139,1
3007,1544573300597,1
3007,1544573301029,1
3007,1544573301143,1
3007,1544573301600,1
3007,1544573302033,1
3007,1544573302148,1
3007,1544573302603,1
3007,1544573303037,1
3007,1544573303153,1
3007,1544573303609,1
3007,1544573304041,1
3007,1544573304155,1
3007,1544573304617,1
3007,1544573305050,1
3007,1544573305159,1
3007,1544573305620,1
3007,1544573306050,1
3007,1544573306165,1
3007,1544573306616,1
3007,1544573307055,1
3007,1544573307169,1
3007,1544573307618,1
3007,1544573308056,1
3007,1544573308173,1
3007,1544573308623,1
3007,1544573309062,1
3007,1544573309171,1
3007,1544573309626,1
3007,1544573310065,1
3007,1544573310177,1
3007,1544573310630,1
3007,1544573311065,1
3007,1544573311179,1
3007,1544573311636,1
3007,1544573312069,1
3007,1544573312183,1
3007,1544573312638,1
3007,1544573313072,1
3007,1544573313187,1
3007,1544573313643,1
3007,1544573314075,1
3007,1544573314189,1
3007,1544573314646,1
3007,1544573315076,1
3007,1544573315195,1
3007,1544573315652,1
3007,1544573316082,1
3007,1544573316200,1
3007,1544573316650,1
3007,1544573317084,1
3007,1544573317198,1
3007,1544573317656,1
3007,1544573318085,1
3007,1544573318202,1
3007,1544573318656,1
3007,1544573319090,1
3007,1544573319204,1
3007,1544573319662,1
3007,1544573320093,1
3007,1544573320209,1
3007,1544573320665,1
3007,1544573321098,1
3007,1544573321214,1
3007,1544573321669,1
3007,1544573322102,1
3007,1544573322218,1
3007,1544573322673,1
3007,1544573323106,1
3007,1544573323221,1
3007,1544573323676,1
3007,1544573324110,1
3007,1544573324222,1
3007,1544573324679,1
3007,1544573325118,1
3007,1544573325228,1
3007,1544573325679,1
3007,1544573326120,1
3007,1544573326227,1
3007,1544573326684,1
3007,1544573327124,1
3007,1544573327232,1
3007,1544573327689,1
3007,1544573328126,1
3007,1544573328234,1
3007,1544573328691,1
3007,1544573329132,1
3007,1544573329232,1
3007,1544573329695,1
3007,1544573330137,1
3007,1544573330238,1
3007,1544573330698,1
3007,1544573331137,1
3007,1544573331242,1
3007,1544573331702,1
3007,1544573332137,1
3007,1544573332245,1
3007,1544573332704,1
3007,1544573333141,1
3007,1544573333249,1
3007,1544573333707,1
3007,1544573334144,1
3007,1544573334253,1
3007,1544573334711,1
3007,1544573335149,1
3007,1544573335259,1
3007,1544573335714,1
3007,1544573336156,1
3007,1544573336263,1
3007,1544573336718,1
3007,1544573337158,1
3007,1544573337267,1
3007,1544573337720,1
3007,1544573338162,1
3007,1544573338265,1
3007,1544573338721,1
3007,1544573339166,1
3007,1544573339269,1
3007,1544573339725,1
3007,1544573340169,1
3007,1544573340273,1
3007,1544573340728,1
3007,1544573341175,1
3007,1544573341279,1
3007,1544573341733,1
3007,1544573342178,1
3007,1544573342277,1
3007,1544573342733,1
3007,1544573343183,1
3007,1544573343282,1
3007,1544573343737,1
3007,1544573344186,1
3007,1544573344283,1
3007,1544573344738,1
3007,1544573345189,1
3007,1544573345283,1
3007,1544573345742,1
3007,1544573346190,1
3007,1544573346291,1
3007,1544573346746,1
3007,1544573347192,1
3007,1544573347292,1
3007,1544573347750,1
3007,1544573348196,1
3007,1544573348291,1
3007,1544573348756,1
3007,1544573349201,1
3007,1544573349294,1
3007,1544573349755,1
3007,1544573350207,1
3007,1544573350295,1
3007,1544573350758,1
3007,1544573351209,1
3007,1544573351299,1
3007,1544573351758,1
3007,1544573352211,1
3007,1544573352302,1
3007,1544573352761,1
3007,1544573353215,1
3007,1544573353306,1
3007,1544573353764,1
3007,1544573354220,1
3007,1544573354312,1
3007,1544573354769,1
3007,1544573355224,1
3007,1544573355313,1
3007,1544573355774,1
3007,1544573356228,1
3007,1544573356316,1
3007,1544573356776,1
3007,1544573357233,1
3007,1544573357317,1
3007,1544573357780,1
3007,1544573358236,1
3007,1544573358321,1
3007,1544573358785,1
3007,1544573359240,1
3007,1544573359324,1
3007,1544573359788,1
3007,1544573360246,1
3007,1544573360328,1
3007,1544573360793,1
3007,1544573361250,1
3007,1544573361335,1
3007,1544573361796,1
3007,1544573362256,1
3007,1544573362335,1
3007,1544573362800,1
3007,1544573363256,1
3007,1544573363337,1
3007,1544573363804,1
3007,1544573364260,1
3007,1544573364338,1
3007,1544573364808,1
3007,1544573365264,1
3007,1544573365341,1
3007,1544573365812,1
3007,1544573366269,1
3007,1544573366347,1
3007,1544573366817,1
3007,1544573367273,1
3007,1544573367346,1
3007,1544573367821,1
3007,1544573368273,1
3007,1544573368349,1
3007,1544573368825,1
3007,1544573369276,1
3007,1544573369353,1
3007,1544573369829,1
3007,1544573370276,1
3007,1544573370354,1
3007,1544573370831,1
3007,1544573371279,1
3007,1544573371357,1
3007,1544573371834,1
3007,1544573372282,1
3007,1544573372362,1
3007,1544573372835,1
3007,1544573373287,1
3007,1544573373368,1
3007,1544573373840,1
3007,1544573374291,1
3007,1544573374371,1
3007,1544573374844,1
3007,1544573375295,1
3007,1544573375372,1
3007,1544573375846,1
3007,1544573376298,1
3007,1544573376375,1
3007,1544573376852,1
3007,1544573377302,1
3007,1544573377381,1
3007,1544573377855,1
3007,1544573378305,1
3007,1544573378385,1
3007,1544573378859,1
3007,1544573379308,1
3007,1544573379389,1
3007,1544573379864,1
3007,1544573380311,1
3007,1544573380389,1
3007,1544573380868,1
3007,1544573381311,1
3007,1544573381396,1
3007,1544573381872,1
3007,1544573382315,1
3007,1544573382398,1
3007,1544573382875,1
3007,1544573383323,1
3007,1544573383402,1
3007,1544573383879,1
3007,1544573384328,1
3007,1544573384405,1
3007,1544573384882,1
3007,1544573385330,1
3007,1544573385411,1
3007,1544573385887,1
3007,1544573386331,1
3007,1544573386414,1
3007,1544573386891,1
3007,1544573387333,1
3007,1544573387416,1
3007,1544573387894,1
3007,1544573388338,1
3007,1544573388418,1
3007,1544573388897,1
3007,1544573389339,1
3007,1544573389418,1
3007,1544573389902,1
3007,1544573390343,1
3007,1544573390423,1
3007,1544573390903,1
3007,1544573391346,1
3007,1544573391426,1
3007,1544573391906,1
3007,1544573392350,1
3007,1544573392431,1
3007,1544573392910,1
3007,1544573393351,1
3007,1544573393434,1
3007,1544573393915,1
3007,1544573394353,1
3007,1544573394440,1
3007,1544573394919,1
3007,1544573395360,1
3007,1544573395443,1
3007,1544573395922,1
3007,1544573396358,1
3007,1544573396447,1
3007,1544573396926,1
3007,1544573397362,1
3007,1544573397450,1
3007,1544573397930,1
3007,1544573398364,1
3007,1544573398453,1
3007,1544573398932,1
3007,1544573399366,1
3007,1544573399458,1
3007,1544573399933,1
3007,1544573400371,1
3007,1544573400462,1
3007,1544573400934,1
3007,1544573401377,1
3007,1544573401465,1
3007,1544573401939,1
3007,1544573402381,1
3007,1544573402471,1
3007,1544573402939,1
3007,1544573403383,1
3007,1544573403475,1
3007,1544573403943,1
3007,1544573404389,1
3007,1544573404479,1
3007,1544573404948,1
3007,1544573405394,1
3007,1544573405485,1
3007,1544573405951,1
3007,1544573406397,1
3007,1544573406487,1
3007,1544573406956,1
3007,1544573407399,1
3007,1544573407492,1
3007,1544573407958,1
3007,1544573408404,1
3007,1544573408493,1
3007,1544573408964,1
3007,1544573409408,1
3007,1544573409499,1
3007,1544573409968,1
3007,1544573410408,1
3007,1544573410498,1
3007,1544573410966,1
3007,1544573411412,1
3007,1544573411499,1
3007,1544573411969,1
3007,1544573412414,1
3007,1544573412505,1
3007,1544573412974,1
3007,1544573413420,1
3007,1544573413512,1
3007,1544573413976,1
3007,1544573414424,1
3007,1544573414514,1
3007,1544573414981,1
3007,1544573415421,1
3007,1544573415518,1
3007,1544573415985,1
3007,1544573416426,1
3007,1544573416522,1
3007,1544573416989,1
3007,1544573417428,1
3007,1544573417527,1
3007,1544573417994,1
3007,1544573418429,1
3007,1544573418529,1
3007,1544573418997,1
3007,1544573419435,1
3007,1544573419534,1
3007,1544573420002,1
3007,1544573420438,1
3007,1544573420538,1
3007,1544573421005,1
3007,1544573421442,1
3007,1544573421541,1
3007,1544573422008,1
3007,1544573422446,1
3007,1544573422545,1
3007,1544573423007,1
3007,1544573423450,1
3007,1544573423550,1
3007,1544573424007,1
3007,1544573424451,1
3007,1544573424552,1
3007,1544573425009,1
3007,1544573425455,1
3007,1544573425556,1
3007,1544573426009,1
3007,1544573426458,1
3007,1544573426561,1
3007,1544573427010,1
3007,1544573427458,1
3007,1544573427566,1
3007,1544573428012,1
3007,1544573428462,1
3007,1544573428570,1
3007,1544573429010,1
3007,1544573429466,1
3007,1544573429571,1
3007,1544573430010,1
3007,1544573430470,1
3007,1544573430577,1
3007,1544573431012,1
3007,1544573431473,1
3007,1544573431581,1
3007,1544573432012,1
3007,1544573432478,1
3007,1544573432586,1
3007,1544573433014,1
3007,1544573433482,1
3007,1544573433590,1
3007,1544573434017,1
3007,1544573434485,1
3007,1544573434592,1
3007,1544573435016,1
3007,1544573435490,1
3007,1544573435593,1
3007,1544573436016,1
3007,1544573436495,1
3007,1544573436596,1
3007,1544573437018,1
3007,1544573437499,1
3007,1544573437600,1
3007,1544573438020,1
3007,1544573438502,1
3007,1544573438605,1
3007,1544573439020,1
3007,1544573439507,1
3007,1544573439609,1
3007,1544573440021,1
3007,1544573440510,1
3007,1544573440612,1
3007,1544573441020,1
3007,1544573441509,1
3007,1544573441617,1
3007,1544573442021,1
3007,1544573442509,1
3007,1544573442622,1
3007,1544573443021,1
3007,1544573443512,1
3007,1544573443626,1
3007,1544573444025,1
3007,1544573444515,1
3007,1544573444629,1
3007,1544573445028,1
3007,1544573445519,1
3007,1544573445636,1
3007,1544573446030,1
3007,1544573446523,1
3007,1544573446639,1
3007,1544573447034,1
3007,1544573447522,1
3007,1544573447643,1
3007,1544573448039,1
3007,1544573448527,1
3007,1544573448652,1
3007,1544573449040,1
3007,1544573449532,1
3007,1544573449653,1
3007,1544573450044,1
3007,1544573450535,1
3007,1544573450655,1
3007,1544573451049,1
3007,1544573451536,1
3007,1544573451658,1
3007,1544573452052,1
3007,1544573452541,1
3007,1544573452659,1
3007,1544573453056,1
3007,1544573453546,1
3007,1544573453663,1
3007,1544573454061,1
3007,1544573454550,1
3007,1544573454666,1
3007,1544573455065,1
3007,1544573455554,1
3007,1544573455666,1
3007,1544573456068,1
3007,1544573456558,1
3007,1544573456669,1
3007,1544573457070,1
3007,1544573457560,1
3007,1544573457668,1
3007,1544573458076,1
3007,1544573458565,1
3007,1544573458673,1
3007,1544573459078,1
3007,1544573459570,1
3007,1544573459675,1
3007,1544573460083,1
3007,1544573460574,1
3007,1544573460681,1
3007,1544573461085,1
3007,1544573461577,1
3007,1544573461685,1
3007,1544573462090,1
3007,1544573462582,1
3007,1544573462688,1
3007,1544573463090,1
3007,1544573463586,1
3007,1544573463696,1
3007,1544573464094,1
3007,1544573464586,1
3007,1544573464697,1
3007,1544573465096,1
3007,1544573465589,1
3007,1544573465703,1
3007,1544573466101,1
3007,1544573466592,1
3007,1544573466705,1
3007,1544573467106,1
3007,1544573467595,1
3007,1544573467710,1
3007,1544573468109,1
3007,1544573468600,1
3007,1544573468714,1
3007,1544573469112,1
3007,1544573469604,1
3007,1544573469711,1
3007,1544573470117,1
3007,1544573470609,1
3007,1544573470716,1
3007,1544573471119,1
3007,1544573471609,1
3007,1544573471718,1
3007,1544573472127,1
3007,1544573472611,1
3007,1544573472717,1
3007,1544573473122,1
3007,1544573473615,1
3007,1544573473722,1
3007,1544573474128,1
3007,1544573474618,1
3007,1544573474725,1
3007,1544573475127,1
3007,1544573475624,1
3007,1544573475729,1
3007,1544573476130,1
3007,1544573476628,1
3007,1544573476732,1
3007,1544573477134,1
3007,1544573477631,1
3007,1544573477735,1
3007,1544573478139,1
3007,1544573478631,1
3007,1544573478740,1
3007,1544573479142,1
3007,1544573479635,1
3007,1544573479741,1
3007,1544573480147,1
3007,1544573480639,1
3007,1544573480745,1
3007,1544573481151,1
3007,1544573481644,1
3007,1544573481748,1
3007,1544573482157,1
3007,1544573482646,1
3007,1544573482754,1
3007,1544573483160,1
3007,1544573483649,1
3007,1544573483757,1
3007,1544573484162,1
3007,1544573484650,1
3007,1544573484763,1
3007,1544573485166,1
3007,1544573485654,1
3007,1544573485767,1
3007,1544573486169,1
3007,1544573486658,1
3007,1544573486770,1
3007,1544573487173,1
3007,1544573487663,1
3007,1544573487775,1
3007,1544573488175,1
3007,1544573488664,1
3007,1544573488782,1
3007,1544573489179,1
3007,1544573489667,1
3007,1544573489787,1
3007,1544573490182,1
3007,1544573490671,1
3007,1544573490785,1
3007,1544573491185,1
3007,1544573491672,1
3007,1544573491789,1
3007,1544573492188,1
3007,1544573492674,1
3007,1544573492790,1
3007,1544573493189,1
3007,1544573493677,1
3007,1544573493790,1
3007,1544573494189,1
3007,1544573494683,1
3007,1544573494797,1
3007,1544573495190,1
3007,1544573495685,1
3007,1544573495801,1
3007,1544573496192,1
3007,1544573496690,1
3007,1544573496804,1
3007,1544573497196,1
3007,1544573497695,1
3007,1544573497808,1
3007,1544573498201,1
3007,1544573498698,1
3007,1544573498813,1
3007,1544573499205,1
3007,1544573499702,1
3007,1544573499815,1
3007,1544573500208,1
3007,1544573500706,1
3007,1544573500819,1
3007,1544573501212,1
3007,1544573501710,1
3007,1544573501823,1
3007,1544573502216,1
3007,1544573502710,1
3007,1544573502828,1
3007,1544573503220,1
3007,1544573503712,1
3007,1544573503832,1
3007,1544573504226,1
3007,1544573504717,1
3007,1544573504838,1
3007,1544573505229,1
3007,1544573505722,1
3007,1544573505839,1
3007,1544573506232,1
3007,1544573506726,1
3007,1544573506844,1
3007,1544573507237,1
3007,1544573507729,1
3007,1544573507848,1
3007,1544573508239,1
3007,1544573508734,1
3007,1544573508852,1
3007,1544573509244,1
3007,1544573509737,1
3007,1544573509855,1
3007,1544573510248,1
3007,1544573510742,1
3007,1544573510859,1
3007,1544573511250,1
3007,1544573511746,1
3007,1544573511865,1
3007,1544573512254,1
3007,1544573512751,1
3007,1544573512868,1
3007,1544573513258,1
3007,1544573513755,1
3007,1544573513872,1
3007,1544573514261,1
3007,1544573514758,1
3007,1544573514877,1
3007,1544573515264,1
3007,1544573515761,1
3007,1544573515880,1
3007,1544573516264,1
3007,1544573516761,1
3007,1544573516881,1
3007,1544573517268,1
3007,1544573517766,1
3007,1544573517886,1
3007,1544573518271,1
3007,1544573518769,1
3007,1544573518889,1
3007,1544573519274,1
3007,1544573519772,1
3007,1544573519894,1
3007,1544573520276,1
3007,1544573520774,1
3007,1544573520896,1
3007,1544573521278,1
3007,1544573521777,1
3007,1544573521901,1
3007,1544573522280,1
3007,1544573522782,1
3007,1544573522905,1
3007,1544573523282,1
3007,1544573523782,1
3007,1544573523907,1
3007,1544573524283,1
3007,1544573524786,1
3007,1544573524911,1
3007,1544573525290,1
3007,1544573525791,1
3007,1544573525914,1
3007,1544573526292,1
3007,1544573526794,1
3007,1544573526917,1
3007,1544573527296,1
3007,1544573527798,1
3007,1544573527922,1
3007,1544573528302,1
3007,1544573528802,1
3007,1544573528927,1
3007,1544573529303,1
3007,1544573529805,1
3007,1544573529932,1
3007,1544573530308,1
3007,1544573530809,1
3007,1544573530934,1
3007,1544573531310,1
3007,1544573531814,1
3007,1544573531937,1
3007,1544573532314,1
3007,1544573532821,1
3007,1544573532939,1
3007,1544573533319,1
3007,1544573533823,1
3007,1544573533943,1
3007,1544573534322,1
3007,1544573534826,1
3007,1544573534945,1
3007,1544573535322,1
3007,1544573535831,1
3007,1544573535950,1
3007,1544573536329,1
3007,1544573536835,1
3007,1544573536951,1
3007,1544573537333,1
3007,1544573537838,1
3007,1544573537953,1
3007,1544573538334,1
3007,1544573538843,1
3007,1544573538957,1
3007,1544573539340,1
3007,1544573539847,1
3007,1544573539961,1
3007,1544573540342,1
3007,1544573540852,1
3007,1544573540965,1
3007,1544573541348,1
3007,1544573541857,1
3007,1544573541970,1
3007,1544573542353,1
3007,1544573542860,1
3007,1544573542974,1
3007,1544573543356,1
3007,1544573543864,1
3007,1544573543978,1
3007,1544573544358,1
3007,1544573544867,1
3007,1544573544980,1
3007,1544573545365,1
3007,1544573545871,1
3007,1544573545981,1
3007,1544573546366,1
3007,1544573546875,1
3007,1544573546987,1
3007,1544573547370,1
3007,1544573547880,1
3007,1544573547989,1
3007,1544573548371,1
3007,1544573548884,1
3007,1544573548990,1
3007,1544573549371,1
3007,1544573549889,1
3007,1544573549995,1
3007,1544573550373,1
3007,1544573550898,1
3007,1544573550999,1
3007,1544573551375,1
3007,1544573551898,1
3007,1544573552004,1
3007,1544573552379,1
3007,1544573552899,1
3007,1544573553005,1
3007,1544573553384,1
3007,1544573553907,1
3007,1544573554008,1
3007,1544573554390,1
3007,1544573554908,1
3007,1544573555010,1
3007,1544573555394,1
3007,1544573555911,1
3007,1544573556012,1
3007,1544573556396,1
3007,1544573556915,1
3007,1544573557015,1
3007,1544573557397,1
3007,1544573557920,1
3007,1544573558021,1
3007,1544573558402,1
3007,1544573558922,1
3007,1544573559021,1
3007,1544573559406,1
3007,1544573559922,1
3007,1544573560024,1
3007,1544573560409,1
3007,1544573560925,1
3007,1544573561025,1
3007,1544573561413,1
3007,1544573561929,1
3007,1544573562026,1
3007,1544573562417,1
3007,1544573562934,1
3007,1544573563034,1
3007,1544573563418,1
3007,1544573563939,1
3007,1544573564035,1
3007,1544573564422,1
3007,1544573564937,1
3007,1544573565042,1
3007,1544573565425,1
3007,1544573565941,1
3007,1544573566041,1
3007,1544573566430,1
3007,1544573566945,1
3007,1544573567047,1
3007,1544573567433,1
3007,1544573567949,1
3007,1544573568049,1
3007,1544573568435,1
3007,1544573568952,1
3007,1544573569054,1
3007,1544573569437,1
3007,1544573569957,1
3007,1544573570057,1
3007,1544573570439,1
3007,1544573570961,1
3007,1544573571063,1
3007,1544573571439,1
3007,1544573571965,1
3007,1544573572067,1
3007,1544573572442,1
3007,1544573572969,1
3007,1544573573069,1
3007,1544573573447,1
3007,1544573573974,1
3007,1544573574074,1
3007,1544573574451,1
3007,1544573574977,1
3007,1544573575080,1
3007,1544573575458,1
3007,1544573575981,1
3007,1544573576079,1
3007,1544573576459,1
3007,1544573576986,1
3007,1544573577083,1
3007,1544573577456,1
3007,1544573577989,1
3007,1544573578087,1
3007,1544573578463,1
3007,1544573578994,1
3007,1544573579089,1
3007,1544573579465,1
3007,1544573579997,1
3007,1544573580094,1
3007,1544573580466,1
3007,1544573581003,1
3007,1544573581100,1
3007,1544573581469,1
3007,1544573582005,1
3007,1544573582102,1
3007,1544573582474,1
3007,1544573583008,1
3007,1544573583109,1
3007,1544573583479,1
3007,1544573584008,1
3007,1544573584111,1
3007,1544573584477,1
3007,1544573585007,1
3007,1544573585117,1
3007,1544573585477,1
3007,1544573586008,1
3007,1544573586119,1
3007,1544573586478,1
3007,1544573587010,1
3007,1544573587122,1
3007,1544573587482,1
3007,1544573588010,1
3007,1544573588125,1
3007,1544573588484,1
3007,1544573589012,1
3007,1544573589130,1
3007,1544573589484,1
3007,1544573590015,1
3007,1544573590135,1
3007,1544573590489,1
3007,1544573591015,1
3007,1544573591141,1
3007,1544573591491,1
3007,1544573592016,1
3007,1544573592142,1
3007,1544573592494,1
3007,1544573593018,1
3007,1544573593147,1
3007,1544573593499,1
3007,1544573594020,1
3007,1544573594149,1
3007,1544573594501,1
3007,1544573595023,1
3007,1544573595152,1
3007,1544573595505,1
3007,1544573596025,1
3007,1544573596156,1
3007,1544573596507,1
3007,1544573597030,1
3007,1544573597160,1
3007,1544573597509,1
3007,1544573598034,1
3007,1544573598166,1
3007,1544573598512,1
3007,1544573599039,1
3007,1544573599165,1
3007,1544573599514,1
3007,1544573600043,1
3007,1544573600167,1
3007,1544573600516,1
3007,1544573601048,1
3007,1544573601171,1
3007,1544573601519,1
3007,1544573602051,1
3007,1544573602176,1
3007,1544573602525,1
3007,1544573603050,1
3007,1544573603179,1
3007,1544573603526,1
3007,1544573604053,1
3007,1544573604182,1
3007,1544573604531,1
3007,1544573605057,1
3007,1544573605183,1
3007,1544573605536,1
3007,1544573606058,1
3007,1544573606187,1
3007,1544573606539,1
3007,1544573607061,1
3007,1544573607191,1
3007,1544573607543,1
3007,1544573608064,1
3007,1544573608194,1
3007,1544573608548,1
3007,1544573609067,1
3007,1544573609200,1
3007,1544573609553,1
3007,1544573610072,1
3007,1544573610204,1
3007,1544573610553,1
3007,1544573611074,1
3007,1544573611207,1
3007,1544573611560,1
3007,1544573612077,1
3007,1544573612212,1
3007,1544573612560,1
3007,1544573613080,1
3007,1544573613215,1
3007,1544573613561,1
3007,1544573614084,1
3007,1544573614219,1
3007,1544573614562,1
3007,1544573615088,1
3007,1544573615223,1
3007,1544573615561,1
3007,1544573616089,1
3007,1544573616228,1
3007,1544573616564,1
3007,1544573617095,1
3007,1544573617230,1
3007,1544573617566,1
3007,1544573618098,1
3007,1544573618236,1
3007,1544573618571,1
3007,1544573619103,1
3007,1544573619240,1
3007,1544573619577,1
3007,1544573620108,1
3007,1544573620243,1
3007,1544573620579,1
3007,1544573621110,1
3007,1544573621247,1
3007,1544573621584,1
3007,1544573622114,1
3007,1544573622251,1
3007,1544573622588,1
3007,1544573623117,1
3007,1544573623252,1
3007,1544573623590,1
3007,1544573624119,1
3007,1544573624255,1
3007,1544573624595,1
3007,1544573625121,1
3007,1544573625257,1
3007,1544573625597,1
3007,1544573626125,1
3007,1544573626263,1
3007,1544573626598,1
3007,1544573627129,1
3007,1544573627266,1
3007,1544573627601,1
3007,1544573628131,1
3007,1544573628270,1
3007,1544573628604,1
3007,1544573629136,1
3007,1544573629274,1
3007,1544573629604,1
3007,1544573630137,1
3007,1544573630279,1
3007,1544573630606,1
3007,1544573631139,1
3007,1544573631284,1
3007,1544573631610,1
3007,1544573632145,1
3007,1544573632286,1
3007,1544573632611,1
3007,1544573633144,1
3007,1544573633292,1
3007,1544573633613,1
3007,1544573634146,1
3007,1544573634294,1
3007,1544573634617,1
3007,1544573635149,1
3007,1544573635294,1
3007,1544573635618,1
3007,1544573636153,1
3007,1544573636300,1
3007,1544573636621,1
3007,1544573637159,1
3007,1544573637301,1
3007,1544573637624,1
3007,1544573638158,1
3007,1544573638304,1
3007,1544573638627,1
3007,1544573639159,1
3007,1544573639308,1
3007,1544573639628,1
3007,1544573640161,1
3007,1544573640311,1
3007,1544573640631,1
3007,1544573641163,1
3007,1544573641311,1
3007,1544573641636,1
3007,1544573642168,1
3007,1544573642315,1
3007,1544573642640,1
3007,1544573643172,1
3007,1544573643320,1
3007,1544573643642,1
3007,1544573644175,1
3007,1544573644321,1
3007,1544573644647,1
3007,1544573645179,1
3007,1544573645323,1
3007,1544573645650,1
3007,1544573646183,1
3007,1544573646326,1
3007,1544573646654,1
3007,1544573647188,1
3007,1544573647331,1
3007,1544573647657,1
3007,1544573648189,1
3007,1544573648332,1
3007,1544573648661,1
3007,1544573649190,1
3007,1544573649336,1
3007,1544573649663,1
3007,1544573650193,1
3007,1544573650341,1
3007,1544573650665,1
3007,1544573651197,1
3007,1544573651343,1
3007,1544573651664,1
3007,1544573652202,1
3007,1544573652351,1
3007,1544573652665,1
3007,1544573653206,1
3007,1544573653351,1
3007,1544573653669,1
3007,1544573654210,1
3007,1544573654354,1
3007,1544573654673,1
3007,1544573655214,1
3007,1544573655356,1
3007,1544573655676,1
3007,1544573656216,1
3007,1544573656360,1
3007,1544573656676,1
3007,1544573657219,1
3007,1544573657365,1
3007,1544573657677,1
3007,1544573658223,1
3007,1544573658372,1
3007,1544573658680,1
3007,1544573659227,1
3007,1544573659373,1
3007,1544573659684,1
3007,1544573660227,1
3007,1544573660377,1
3007,1544573660689,1
3007,1544573661227,1
3007,1544573661381,1
3007,1544573661692,1
3007,1544573662231,1
3007,1544573662387,1
3007,1544573662700,1
3007,1544573663235,1
3007,1544573663388,1
3007,1544573663700,1
3007,1544573664239,1
3007,1544573664395,1
3007,1544573664702,1
3007,1544573665242,1
3007,1544573665396,1
3007,1544573665703,1
3007,1544573666247,1
3007,1544573666401,1
3007,1544573666708,1
3007,1544573667250,1
3007,1544573667402,1
3007,1544573667709,1
3007,1544573668254,1
3007,1544573668403,1
3007,1544573668715,1
3007,1544573669258,1
3007,1544573669408,1
3007,1544573669719,1
3007,1544573670263,1
3007,1544573670413,1
3007,1544573670723,1
3007,1544573671266,1
3007,1544573671415,1
3007,1544573671721,1
3007,1544573672268,1
3007,1544573672419,1
3007,1544573672726,1
3007,1544573673269,1
3007,1544573673421,1
3007,1544573673730,1
3007,1544573674273,1
3007,1544573674427,1
3007,1544573674734,1
3007,1544573675275,1
3007,1544573675430,1
3007,1544573675737,1
3007,1544573676276,1
3007,1544573676436,1
3007,1544573676744,1
3007,1544573677280,1
3007,1544573677438,1
3007,1544573677746,1
3007,1544573678280,1
3007,1544573678444,1
3007,1544573678746,1
3007,1544573679281,1
3007,1544573679447,1
3007,1544573679751,1
3007,1544573680285,1
3007,1544573680452,1
3007,1544573680753,1
3007,1544573681285,1
3007,1544573681459,1
3007,1544573681758,1
3007,1544573682286,1
3007,1544573682463,1
3007,1544573682761,1
3007,1544573683287,1
3007,1544573683467,1
3007,1544573683761,1
3007,1544573684292,1
3007,1544573684466,1
3007,1544573684762,1
3007,1544573685293,1
3007,1544573685470,1
3007,1544573685768,1
3007,1544573686298,1
3007,1544573686471,1
3007,1544573686770,1
3007,1544573687303,1
3007,1544573687474,1
3007,1544573687775,1
3007,1544573688307,1
3007,1544573688478,1
3007,1544573688779,1
3007,1544573689311,1
3007,1544573689483,1
3007,1544573689783,1
3007,1544573690315,1
3007,1544573690488,1
3007,1544573690786,1
3007,1544573691319,1
3007,1544573691490,1
3007,1544573691790,1
3007,1544573692323,1
3007,1544573692494,1
3007,1544573692793,1
3007,1544573693323,1
3007,1544573693499,1
3007,1544573693797,1
3007,1544573694327,1
3007,1544573694504,1
3007,1544573694800,1
3007,1544573695330,1
3007,1544573695506,1
3007,1544573695800,1
3007,1544573696331,1
3007,1544573696510,1
3007,1544573696804,1
3007,1544573697331,1
3007,1544573697514,1
3007,1544573697806,1
3007,1544573698335,1
3007,1544573698518,1
3007,1544573698810,1
3007,1544573699340,1
3007,1544573699522,1
3007,1544573699813,1
3007,1544573700339,1
3007,1544573700527,1
3007,1544573700815,1
3007,1544573701339,1
3007,1544573701531,1
3007,1544573701818,1
3007,1544573702340,1
3007,1544573702533,1
3007,1544573702822,1
3007,1544573703343,1
3007,1544573703540,1
3007,1544573703825,1
3007,1544573704348,1
3007,1544573704543,1
3007,1544573704827,1
3007,1544573705349,1
3007,1544573705548,1
3007,1544573705831,1
3007,1544573706350,1
3007,1544573706551,1
3007,1544573706831,1
3007,1544573707351,1
3007,1544573707555,1
3007,1544573707832,1
3007,1544573708355,1
3007,1544573708558,1
3007,1544573708836,1
3007,1544573709357,1
3007,1544573709561,1
3007,1544573709838,1
3007,1544573710357,1
3007,1544573710566,1
3007,1544573710837,1
3007,1544573711358,1
3007,1544573711566,1
3007,1544573711842,1
3007,1544573712358,1
3007,1544573712569,1
3007,1544573712848,1
3007,1544573713362,1
3007,1544573713570,1
3007,1544573713851,1
3007,1544573714365,1
3007,1544573714573,1
3007,1544573714855,1
3007,1544573715371,1
3007,1544573715575,1
3007,1544573715860,1
3007,1544573716373,1
3007,1544573716579,1
3007,1544573716864,1
3007,1544573717378,1
3007,1544573717585,1
3007,1544573717868,1
3007,1544573718380,1
3007,1544573718588,1
3007,1544573718872,1
3007,1544573719383,1
3007,1544573719592,1
3007,1544573719877,1
3007,1544573720386,1
3007,1544573720596,1
3007,1544573720879,1
3007,1544573721386,1
3007,1544573721601,1
3007,1544573721883,1
3007,1544573722390,1
3007,1544573722607,1
3007,1544573722888,1
3007,1544573723393,1
3007,1544573723608,1
3007,1544573723890,1
3007,1544573724397,1
3007,1544573724611,1
3007,1544573724893,1
3007,1544573725401,1
3007,1544573725615,1
3007,1544573725892,1
3007,1544573726406,1
3007,1544573726621,1
3007,1544573726894,1
3007,1544573727410,1
3007,1544573727625,1
3007,1544573727897,1
3007,1544573728414,1
3007,1544573728628,1
3007,1544573728899,1
3007,1544573729418,1
3007,1544573729630,1
3007,1544573729904,1
3007,1544573730418,1
3007,1544573730635,1
3007,1544573730907,1
3007,1544573731419,1
3007,1544573731639,1
3007,1544573731911,1
3007,1544573732423,1
3007,1544573732642,1
3007,1544573732915,1
3007,1544573733425,1
3007,1544573733647,1
3007,1544573733917,1
3007,1544573734429,1
3007,1544573734651,1
3007,1544573734917,1
3007,1544573735433,1
3007,1544573735655,1
3007,1544573735922,1
3007,1544573736437,1
3007,1544573736657,1
3007,1544573736926,1
3007,1544573737441,1
3007,1544573737659,1
3007,1544573737931,1
3007,1544573738447,1
3007,1544573738663,1
3007,1544573738934,1
3007,1544573739451,1
3007,1544573739668,1
3007,1544573739940,1
3007,1544573740453,1
3007,1544573740671,1
3007,1544573740943,1
3007,1544573741453,1
3007,1544573741674,1
3007,1544573741941,1
3007,1544573742457,1
3007,1544573742676,1
3007,1544573742944,1
3007,1544573743457,1
3007,1544573743678,1
3007,1544573743945,1
3007,1544573744458,1
3007,1544573744678,1
3007,1544573744950,1
3007,1544573745462,1
3007,1544573745679,1
3007,1544573745951,1
3007,1544573746466,1
3007,1544573746684,1
3007,1544573746958,1
3007,1544573747471,1
3007,1544573747688,1
3007,1544573747959,1
3007,1544573748473,1
3007,1544573748692,1
3007,1544573748963,1
3007,1544573749474,1
3007,1544573749696,1
3007,1544573749968,1
3007,1544573750478,1
3007,1544573750700,1
3007,1544573750970,1
3007,1544573751481,1
3007,1544573751703,1
3007,1544573751976,1
3007,1544573752484,1
3007,1544573752708,1
3007,1544573752979,1
3007,1544573753489,1
3007,1544573753712,1
3007,1544573753983,1
3007,1544573754492,1
3007,1544573754717,1
3007,1544573754987,1
3007,1544573755496,1
3007,1544573755721,1
3007,1544573755987,1
3007,1544573756500,1
3007,1544573756724,1
3007,1544573756992,1
3007,1544573757503,1
3007,1544573757726,1
3007,1544573757995,1
3007,1544573758505,1
3007,1544573758725,1
3007,1544573758998,1
3007,1544573759509,1
3007,1544573759730,1
3007,1544573760002,1
3007,1544573760514,1
3007,1544573760736,1
3007,1544573761006,1
3007,1544573761515,1
3007,1544573761740,1
3007,1544573762007,1
3007,1544573762519,1
3007,1544573762743,1
3007,1544573763008,1
3007,1544573763523,1
3007,1544573763746,1
3007,1544573764007,1
3007,1544573764527,1
3007,1544573764749,1
3007,1544573765009,1
3007,1544573765531,1
3007,1544573765752,1
3007,1544573766008,1
3007,1544573766535,1
3007,1544573766756,1
3007,1544573767009,1
3007,1544573767536,1
3007,1544573767758,1
3007,1544573768010,1
3007,1544573768540,1
3007,1544573768758,1
3007,1544573769009,1
3007,1544573769542,1
3007,1544573769759,1
3007,1544573770009,1
3007,1544573770545,1
3007,1544573770764,1
3007,1544573771009,1
3007,1544573771545,1
3007,1544573771769,1
3007,1544573772009,1
3007,1544573772547,1
3007,1544573772771,1
3007,1544573773011,1
3007,1544573773549,1
3007,1544573773775,1
3007,1544573774012,1
3007,1544573774555,1
3007,1544573774774,1
3007,1544573775012,1
3007,1544573775557,1
3007,1544573775780,1
3007,1544573776013,1
3007,1544573776559,1
3007,1544573776779,1
3007,1544573777013,1
3007,1544573777562,1
3007,1544573777780,1
3007,1544573778012,1
3007,1544573778567,1
3007,1544573778785,1
3007,1544573779015,1
3007,1544573779571,1
3007,1544573779789,1
3007,1544573780017,1
3007,1544573780576,1
3007,1544573780793,1
3007,1544573781020,1
3007,1544573781579,1
3007,1544573781797,1
3007,1544573782022,1
3007,1544573782583,1
3007,1544573782802,1
3007,1544573783026,1
3007,1544573783588,1
3007,1544573783805,1
3007,1544573784030,1
3007,1544573784588,1
3007,1544573784810,1
3007,1544573785034,1
3007,1544573785591,1
3007,1544573785811,1
3007,1544573786032,1
3007,1544573786595,1
3007,1544573786816,1
3007,1544573787038,1
3007,1544573787596,1
3007,1544573787820,1
3007,1544573788040,1
3007,1544573788596,1
3007,1544573788823,1
3007,1544573789043,1
3007,1544573789600,1
3007,1544573789825,1
3007,1544573790046,1
3007,1544573790603,1
3007,1544573790827,1
3007,1544573791051,1
3007,1544573791605,1
3007,1544573791831,1
3007,1544573792055,1
3007,1544573792609,1
3007,1544573792833,1
3007,1544573793053,1
3007,1544573793613,1
3007,1544573793832,1
3007,1544573794064,1
3007,1544573794617,1
3007,1544573794837,1
3007,1544573795063,1
3007,1544573795618,1
3007,1544573795840,1
3007,1544573796067,1
3007,1544573796622,1
3007,1544573796846,1
3007,1544573797070,1
3007,1544573797626,1
3007,1544573797851,1
3007,1544573798075,1
3007,1544573798631,1
3007,1544573798855,1
3007,1544573799078,1
3007,1544573799634,1
3007,1544573799858,1
3007,1544573800079,1
3007,1544573800639,1
3007,1544573800862,1
3007,1544573801081,1
3007,1544573801642,1
3007,1544573801866,1
3007,1544573802085,1
3007,1544573802645,1
3007,1544573802864,1
3007,1544573803087,1
3007,1544573803650,1
3007,1544573803868,1
3007,1544573804092,1
3007,1544573804654,1
3007,1544573804871,1
3007,1544573805092,1
3007,1544573805657,1
3007,1544573805874,1
3007,1544573806095,1
3007,1544573806660,1
3007,1544573806877,1
3007,1544573807098,1
3007,1544573807661,1
3007,1544573807878,1
3007,1544573808102,1
3007,1544573808664,1
3007,1544573808878,1
3007,1544573809107,1
3007,1544573809667,1
3007,1544573809878,1
3007,1544573810111,1
3007,1544573810672,1
3007,1544573810877,1
3007,1544573811116,1
3007,1544573811676,1
3007,1544573811879,1
3007,1544573812119,1
3007,1544573812682,1
3007,1544573812880,1
3007,1544573813123,1
3007,1544573813686,1
3007,1544573813886,1
3007,1544573814124,1
3007,1544573814684,1
3007,1544573814885,1
3007,1544573815129,1
3007,1544573815687,1
3007,1544573815888,1
3007,1544573816130,1
3007,1544573816691,1
3007,1544573816892,1
3007,1544573817134,1
3007,1544573817695,1
3007,1544573817894,1
3007,1544573818139,1
3007,1544573818700,1
3007,1544573818903,1
3007,1544573819142,1
3007,1544573819705,1
3007,1544573819905,1
3007,1544573820145,1
3007,1544573820710,1
3007,1544573820907,1
3007,1544573821150,1
3007,1544573821713,1
3007,1544573821913,1
3007,1544573822154,1
3007,1544573822716,1
3007,1544573822918,1
3007,1544573823157,1
3007,1544573823720,1
3007,1544573823919,1
3007,1544573824162,1
3007,1544573824725,1
3007,1544573824924,1
3007,1544573825163,1
3007,1544573825730,1
3007,1544573825929,1
3007,1544573826164,1
3007,1544573826733,1
3007,1544573826932,1
3007,1544573827168,1
3007,1544573827735,1
3007,1544573827935,1
3007,1544573828171,1
3007,1544573828737,1
3007,1544573828942,1
3007,1544573829176,1
3007,1544573829740,1
3007,1544573829945,1
3007,1544573830180,1
3007,1544573830745,1
3007,1544573830947,1
3007,1544573831182,1
3007,1544573831749,1
3007,1544573831947,1
3007,1544573832186,1
3007,1544573832753,1
3007,1544573832950,1
3007,1544573833186,1
3007,1544573833757,1
3007,1544573833955,1
3007,1544573834190,1
3007,1544573834760,1
3007,1544573834958,1
3007,1544573835193,1
3007,1544573835764,1
3007,1544573835963,1
3007,1544573836196,1
3007,1544573836768,1
3007,1544573836968,1
3007,1544573837200,1
3007,1544573837771,1
3007,1544573837971,1
3007,1544573838203,1
3007,1544573838775,1
3007,1544573838975,1
3007,1544573839204,1
3007,1544573839778,1
3007,1544573839980,1
3007,1544573840207,1
3007,1544573840780,1
3007,1544573840983,1
3007,1544573841208,1
3007,1544573841784,1
3007,1544573841988,1
3007,1544573842209,1
3007,1544573842788,1
3007,1544573842988,1
3007,1544573843214,1
3007,1544573843792,1
3007,1544573843991,1
3007,1544573844214,1
3007,1544573844795,1
3007,1544573844993,1
3007,1544573845218,1
3007,1544573845798,1
3007,1544573845999,1
3007,1544573846222,1
3007,1544573846801,1
3007,1544573846997,1
3007,1544573847222,1
3007,1544573847805,1
3007,1544573847997,1
3007,1544573848224,1
3007,1544573848809,1
3007,1544573849005,1
3007,1544573849227,1
3007,1544573849813,1
3007,1544573850007,1
3007,1544573850231,1
3007,1544573850817,1
3007,1544573851010,1
3007,1544573851231,1
3007,1544573851817,1
3007,1544573852016,1
3007,1544573852235,1
3007,1544573852820,1
3007,1544573853019,1
3007,1544573853235,1
3007,1544573853825,1
3007,1544573854021,1
3007,1544573854239,1
3007,1544573854830,1
3007,1544573855025,1
3007,1544573855242,1
3007,1544573855835,1
3007,1544573856025,1
3007,1544573856246,1
3007,1544573856835,1
3007,1544573857026,1
3007,1544573857249,1
3007,1544573857836,1
3007,1544573858029,1
3007,1544573858254,1
3007,1544573858840,1
3007,1544573859033,1
3007,1544573859258,1
3007,1544573859842,1
3007,1544573860039,1
3007,1544573860261,1
3007,1544573860846,1
3007,1544573861037,1
3007,1544573861265,1
3007,1544573861850,1
3007,1544573862039,1
3007,1544573862269,1
3007,1544573862855,1
3007,1544573863044,1
3007,1544573863275,1
3007,1544573863861,1
3007,1544573864047,1
3007,1544573864276,1
3007,1544573864866,1
3007,1544573865051,1
3007,1544573865275,1
3007,1544573865868,1
3007,1544573866056,1
3007,1544573866280,1
3007,1544573866872,1
3007,1544573867059,1
3007,1544573867284,1
3007,1544573867876,1
3007,1544573868064,1
3007,1544573868290,1
3007,1544573868882,1
3007,1544573869068,1
3007,1544573869291,1
3007,1544573869886,1
3007,1544573870072,1
3007,1544573870298,1
3007,1544573870889,1
3007,1544573871075,1
3007,1544573871300,1
3007,1544573871889,1
3007,1544573872080,1
3007,1544573872304,1
3007,1544573872891,1
3007,1544573873084,1
3007,1544573873310,1
3007,1544573873895,1
3007,1544573874088,1
