3003,1544573274829,1
3003,1544573275352,1
3003,1544573275827,1
3003,1544573275933,1
3003,1544573276349,1
3003,1544573276492,1
3003,1544573276827,1
3003,1544573276933,1
3003,1544573277002,1
3003,1544573277352,1
3003,1544573277491,1
3003,1544573277523,1
3003,1544573277831,1
3003,1544573277938,1
3003,1544573278005,1
3003,1544573278078,1
3003,1544573278356,1
3003,1544573278495,1
3003,1544573278522,1
3003,1544573278835,1
3003,1544573278939,1
3003,1544573279011,1
3003,1544573279077,1
3003,1544573279359,1
3003,1544573279498,1
3003,1544573279526,1
3003,1544573279840,1
3003,1544573279941,1
3003,1544573280012,1
3003,1544573280074,1
3003,1544573280362,1
3003,1544573280500,1
3003,1544573280534,1
3003,1544573280843,1
3003,1544573280946,1
3003,1544573281012,1
3003,1544573281082,1
3003,1544573281367,1
3003,1544573281505,1
3003,1544573281536,1
3003,1544573281847,1
3003,1544573281950,1
3003,1544573282013,1
3003,1544573282081,1
3003,1544573282370,1
3003,1544573282508,1
3003,1544573282535,1
3003,1544573282852,1
3003,1544573282954,1
3003,1544573283013,1
3003,1544573283085,1
3003,1544573283375,1
3003,1544573283513,1
3003,1544573283538,1
3003,1544573283857,1
3003,1544573283956,1
3003,1544573284012,1
3003,1544573284085,1
3003,1544573284380,1
3003,1544573284514,1
3003,1544573284542,1
3003,1544573284860,1
3003,1544573284959,1
3003,1544573285013,1
3003,1544573285092,1
3003,1544573285383,1
3003,1544573285522,1
3003,1544573285550,1
3003,1544573285864,1
3003,1544573285964,1
3003,1544573286017,1
3003,1544573286094,1
3003,1544573286387,1
3003,1544573286522,1
3003,1544573286551,1
3003,1544573286868,1
3003,1544573286964,1
3003,1544573287019,1
3003,1544573287098,1
3003,1544573287391,1
3003,1544573287524,1
3003,1544573287553,1
3003,1544573287872,1
3003,1544573287968,1
3003,1544573288020,1
3003,1544573288102,1
3003,1544573288395,1
3003,1544573288528,1
3003,1544573288557,1
3003,1544573288875,1
3003,1544573288971,1
3003,1544573289018,1
3003,1544573289108,1
3003,1544573289400,1
3003,1544573289532,1
3003,1544573289566,1
3003,1544573289875,1
3003,1544573289975,1
3003,1544573290018,1
3003,1544573290107,1
3003,1544573290403,1
3003,1544573290535,1
3003,1544573290571,1
3003,1544573290879,1
3003,1544573290979,1
3003,1544573291021,1
3003,1544573291113,1
3003,1544573291408,1
3003,1544573291539,1
3003,1544573291572,1
3003,1544573291881,1
3003,1544573291981,1
3003,1544573292019,1
3003,1544573292113,1
3003,1544573292411,1
3003,1544573292544,1
3003,1544573292568,1
3003,1544573292881,1
3003,1544573292986,1
3003,1544573293019,1
3003,1544573293117,1
3003,1544573293415,1
3003,1544573293546,1
3003,1544573293574,1
3003,1544573293886,1
3003,1544573293987,1
3003,1544573294018,1
3003,1544573294118,1
3003,1544573294420,1
3003,1544573294552,1
3003,1544573294580,1
3003,1544573294889,1
3003,1544573294991,1
3003,1544573295020,1
3003,1544573295123,1
3003,1544573295424,1
3003,1544573295555,1
3003,1544573295583,1
3003,1544573295892,1
3003,1544573295994,1
3003,1544573296022,1
3003,1544573296129,1
3003,1544573296429,1
3003,1544573296560,1
3003,1544573296585,1
3003,1544573296898,1
3003,1544573296999,1
3003,1544573297025,1
3003,1544573297133,1
3003,1544573297432,1
3003,1544573297566,1
3003,1544573297589,1
3003,1544573297901,1
3003,1544573298004,1
3003,1544573298023,1
3003,1544573298136,1
3003,1544573298438,1
3003,1544573298566,1
3003,1544573298595,1
3003,1544573298904,1
3003,1544573299010,1
3003,1544573299025,1
3003,1544573299141,1
3003,1544573299440,1
3003,1544573299564,1
3003,1544573299600,1
3003,1544573299906,1
3003,1544573300008,1
3003,1544573300030,1
3003,1544573300146,1
3003,1544573300451,1
3003,1544573300570,1
3003,1544573300604,1
3003,1544573300908,1
3003,1544573301013,1
3003,1544573301036,1
3003,1544573301149,1
3003,1544573301451,1
3003,1544573301575,1
3003,1544573301605,1
3003,1544573301912,1
3003,1544573302013,1
3003,1544573302038,1
3003,1544573302153,1
3003,1544573302452,1
3003,1544573302577,1
3003,1544573302608,1
3003,1544573302915,1
3003,1544573303014,1
3003,1544573303043,1
3003,1544573303157,1
3003,1544573303458,1
3003,1544573303583,1
3003,1544573303618,1
3003,1544573303919,1
3003,1544573304016,1
3003,1544573304050,1
3003,1544573304160,1
3003,1544573304467,1
3003,1544573304587,1
3003,1544573304623,1
3003,1544573304919,1
3003,1544573305016,1
3003,1544573305059,1
3003,1544573305165,1
3003,1544573305468,1
3003,1544573305588,1
3003,1544573305625,1
3003,1544573305921,1
3003,1544573306017,1
3003,1544573306058,1
3003,1544573306171,1
3003,1544573306471,1
3003,1544573306588,1
3003,1544573306623,1
3003,1544573306926,1
3003,1544573307018,1
3003,1544573307067,1
3003,1544573307176,1
3003,1544573307473,1
3003,1544573307592,1
3003,1544573307623,1
3003,1544573307930,1
3003,1544573308019,1
3003,1544573308070,1
3003,1544573308180,1
3003,1544573308476,1
3003,1544573308597,1
3003,1544573308630,1
3003,1544573308933,1
3003,1544573309020,1
3003,1544573309072,1
3003,1544573309176,1
3003,1544573309485,1
3003,1544573309600,1
3003,1544573309634,1
3003,1544573309939,1
3003,1544573310018,1
3003,1544573310070,1
3003,1544573310183,1
3003,1544573310486,1
3003,1544573310605,1
3003,1544573310636,1
3003,1544573310942,1
3003,1544573311022,1
3003,1544573311071,1
3003,1544573311186,1
3003,1544573311485,1
3003,1544573311606,1
3003,1544573311641,1
3003,1544573311946,1
3003,1544573312025,1
3003,1544573312074,1
3003,1544573312189,1
3003,1544573312489,1
3003,1544573312612,1
3003,1544573312644,1
3003,1544573312950,1
3003,1544573313026,1
3003,1544573313079,1
3003,1544573313193,1
3003,1544573313491,1
3003,1544573313618,1
3003,1544573313651,1
3003,1544573313954,1
3003,1544573314031,1
3003,1544573314082,1
3003,1544573314195,1
3003,1544573314497,1
3003,1544573314621,1
3003,1544573314652,1
3003,1544573314956,1
3003,1544573315038,1
3003,1544573315081,1
3003,1544573315200,1
3003,1544573315500,1
3003,1544573315623,1
3003,1544573315658,1
3003,1544573315959,1
3003,1544573316037,1
3003,1544573316089,1
3003,1544573316205,1
3003,1544573316498,1
3003,1544573316629,1
3003,1544573316656,1
3003,1544573316961,1
3003,1544573317041,1
3003,1544573317089,1
3003,1544573317204,1
3003,1544573317506,1
3003,1544573317634,1
3003,1544573317665,1
3003,1544573317965,1
3003,1544573318046,1
3003,1544573318090,1
3003,1544573318208,1
3003,1544573318504,1
3003,1544573318641,1
3003,1544573318662,1
3003,1544573318968,1
3003,1544573319048,1
3003,1544573319096,1
3003,1544573319210,1
3003,1544573319504,1
3003,1544573319640,1
3003,1544573319672,1
3003,1544573319972,1
3003,1544573320050,1
3003,1544573320098,1
3003,1544573320215,1
3003,1544573320509,1
3003,1544573320645,1
3003,1544573320670,1
3003,1544573320975,1
3003,1544573321048,1
3003,1544573321106,1
3003,1544573321220,1
3003,1544573321516,1
3003,1544573321650,1
3003,1544573321674,1
3003,1544573321979,1
3003,1544573322055,1
3003,1544573322108,1
3003,1544573322224,1
3003,1544573322515,1
3003,1544573322653,1
3003,1544573322677,1
3003,1544573322982,1
3003,1544573323058,1
3003,1544573323111,1
3003,1544573323227,1
3003,1544573323518,1
3003,1544573323658,1
3003,1544573323682,1
3003,1544573323986,1
3003,1544573324062,1
3003,1544573324119,1
3003,1544573324228,1
3003,1544573324523,1
3003,1544573324663,1
3003,1544573324685,1
3003,1544573324992,1
3003,1544573325065,1
3003,1544573325124,1
3003,1544573325234,1
3003,1544573325528,1
3003,1544573325666,1
3003,1544573325684,1
3003,1544573325991,1
3003,1544573326072,1
3003,1544573326125,1
3003,1544573326233,1
3003,1544573326535,1
3003,1544573326666,1
3003,1544573326690,1
3003,1544573326995,1
3003,1544573327075,1
3003,1544573327131,1
3003,1544573327237,1
3003,1544573327537,1
3003,1544573327675,1
3003,1544573327695,1
3003,1544573327999,1
3003,1544573328078,1
3003,1544573328131,1
3003,1544573328240,1
3003,1544573328539,1
3003,1544573328678,1
3003,1544573328695,1
3003,1544573329004,1
3003,1544573329082,1
3003,1544573329139,1
3003,1544573329238,1
3003,1544573329543,1
3003,1544573329683,1
3003,1544573329703,1
3003,1544573330007,1
3003,1544573330086,1
3003,1544573330142,1
3003,1544573330243,1
3003,1544573330541,1
3003,1544573330684,1
3003,1544573330703,1
3003,1544573331007,1
3003,1544573331090,1
3003,1544573331143,1
3003,1544573331247,1
3003,1544573331541,1
3003,1544573331690,1
3003,1544573331707,1
3003,1544573332008,1
3003,1544573332089,1
3003,1544573332143,1
3003,1544573332251,1
3003,1544573332545,1
3003,1544573332693,1
3003,1544573332708,1
3003,1544573333010,1
3003,1544573333092,1
3003,1544573333145,1
3003,1544573333254,1
3003,1544573333548,1
3003,1544573333695,1
3003,1544573333712,1
3003,1544573334010,1
3003,1544573334097,1
3003,1544573334150,1
3003,1544573334259,1
3003,1544573334552,1
3003,1544573334697,1
3003,1544573334716,1
3003,1544573335010,1
3003,1544573335097,1
3003,1544573335155,1
3003,1544573335265,1
3003,1544573335557,1
3003,1544573335700,1
3003,1544573335720,1
3003,1544573336013,1
3003,1544573336099,1
3003,1544573336162,1
3003,1544573336269,1
3003,1544573336555,1
3003,1544573336704,1
3003,1544573336724,1
3003,1544573337014,1
3003,1544573337104,1
3003,1544573337162,1
3003,1544573337272,1
3003,1544573337559,1
3003,1544573337709,1
3003,1544573337724,1
3003,1544573338013,1
3003,1544573338108,1
3003,1544573338168,1
3003,1544573338269,1
3003,1544573338566,1
3003,1544573338713,1
3003,1544573338725,1
3003,1544573339016,1
3003,1544573339112,1
3003,1544573339171,1
3003,1544573339274,1
3003,1544573339568,1
3003,1544573339718,1
3003,1544573339729,1
3003,1544573340015,1
3003,1544573340114,1
3003,1544573340175,1
3003,1544573340279,1
3003,1544573340571,1
3003,1544573340720,1
3003,1544573340733,1
3003,1544573341016,1
3003,1544573341119,1
3003,1544573341181,1
3003,1544573341285,1
3003,1544573341576,1
3003,1544573341725,1
3003,1544573341737,1
3003,1544573342017,1
3003,1544573342123,1
3003,1544573342183,1
3003,1544573342282,1
3003,1544573342582,1
3003,1544573342728,1
3003,1544573342737,1
3003,1544573343021,1
3003,1544573343129,1
3003,1544573343188,1
3003,1544573343287,1
3003,1544573343583,1
3003,1544573343733,1
3003,1544573343744,1
3003,1544573344023,1
3003,1544573344131,1
3003,1544573344191,1
3003,1544573344288,1
3003,1544573344583,1
3003,1544573344737,1
3003,1544573344743,1
3003,1544573345026,1
3003,1544573345135,1
3003,1544573345194,1
3003,1544573345287,1
3003,1544573345585,1
3003,1544573345740,1
3003,1544573345747,1
3003,1544573346031,1
3003,1544573346139,1
3003,1544573346196,1
3003,1544573346297,1
3003,1544573346587,1
3003,1544573346744,1
3003,1544573346752,1
3003,1544573347036,1
3003,1544573347144,1
3003,1544573347199,1
3003,1544573347296,1
3003,1544573347591,1
3003,1544573347750,1
3003,1544573347756,1
3003,1544573348039,1
3003,1544573348147,1
3003,1544573348202,1
3003,1544573348304,1
3003,1544573348594,1
3003,1544573348752,1
3003,1544573348761,1
3003,1544573349040,1
3003,1544573349152,1
3003,1544573349206,1
3003,1544573349304,1
3003,1544573349596,1
3003,1544573349756,1
3003,1544573349761,1
3003,1544573350044,1
3003,1544573350156,1
3003,1544573350212,1
3003,1544573350301,1
3003,1544573350603,1
3003,1544573350760,1
3003,1544573350765,1
3003,1544573351044,1
3003,1544573351158,1
3003,1544573351215,1
3003,1544573351305,1
3003,1544573351604,1
3003,1544573351763,1
3003,1544573351764,1
3003,1544573352051,1
3003,1544573352164,1
3003,1544573352216,1
3003,1544573352308,1
3003,1544573352608,1
3003,1544573352764,1
3003,1544573352767,1
3003,1544573353054,1
3003,1544573353167,1
3003,1544573353220,1
3003,1544573353312,1
3003,1544573353614,1
3003,1544573353767,1
3003,1544573353770,1
3003,1544573354056,1
3003,1544573354172,1
3003,1544573354224,1
3003,1544573354317,1
3003,1544573354620,1
3003,1544573354772,1
3003,1544573354775,1
3003,1544573355059,1
3003,1544573355176,1
3003,1544573355230,1
3003,1544573355317,1
3003,1544573355620,1
3003,1544573355777,1
3003,1544573355779,1
3003,1544573356061,1
3003,1544573356180,1
3003,1544573356234,1
3003,1544573356321,1
3003,1544573356624,1
3003,1544573356780,1
3003,1544573356782,1
3003,1544573357063,1
3003,1544573357183,1
3003,1544573357239,1
3003,1544573357322,1
3003,1544573357628,1
3003,1544573357783,1
3003,1544573357785,1
3003,1544573358070,1
3003,1544573358187,1
3003,1544573358241,1
3003,1544573358326,1
3003,1544573358636,1
3003,1544573358788,1
3003,1544573358790,1
3003,1544573359073,1
3003,1544573359193,1
3003,1544573359245,1
3003,1544573359329,1
3003,1544573359638,1
3003,1544573359791,1
3003,1544573359793,1
3003,1544573360074,1
3003,1544573360193,1
3003,1544573360253,1
3003,1544573360333,1
3003,1544573360640,1
3003,1544573360796,1
3003,1544573360799,1
3003,1544573361080,1
3003,1544573361200,1
3003,1544573361258,1
3003,1544573361340,1
3003,1544573361643,1
3003,1544573361799,1
3003,1544573361802,1
3003,1544573362084,1
3003,1544573362204,1
3003,1544573362262,1
3003,1544573362341,1
3003,1544573362649,1
3003,1544573362803,1
3003,1544573362806,1
3003,1544573363087,1
3003,1544573363204,1
3003,1544573363262,1
3003,1544573363342,1
3003,1544573363653,1
3003,1544573363808,1
3003,1544573363809,1
3003,1544573364087,1
3003,1544573364209,1
3003,1544573364267,1
3003,1544573364343,1
3003,1544573364653,1
3003,1544573364811,1
3003,1544573364814,1
3003,1544573365091,1
3003,1544573365210,1
3003,1544573365270,1
3003,1544573365347,1
3003,1544573365654,1
3003,1544573365816,1
3003,1544573365818,1
3003,1544573366096,1
3003,1544573366213,1
3003,1544573366277,1
3003,1544573366352,1
3003,1544573366658,1
3003,1544573366820,1
3003,1544573366823,1
3003,1544573367093,1
3003,1544573367213,1
3003,1544573367281,1
3003,1544573367350,1
3003,1544573367660,1
3003,1544573367825,1
3003,1544573367827,1
3003,1544573368097,1
3003,1544573368220,1
3003,1544573368278,1
3003,1544573368353,1
3003,1544573368664,1
3003,1544573368829,1
3003,1544573368832,1
3003,1544573369101,1
3003,1544573369221,1
3003,1544573369281,1
3003,1544573369360,1
3003,1544573369665,1
3003,1544573369832,1
3003,1544573369835,1
3003,1544573370101,1
3003,1544573370225,1
3003,1544573370282,1
3003,1544573370358,1
3003,1544573370673,1
3003,1544573370831,1
3003,1544573370837,1
3003,1544573371104,1
3003,1544573371228,1
3003,1544573371284,1
3003,1544573371365,1
3003,1544573371674,1
3003,1544573371834,1
3003,1544573371839,1
3003,1544573372108,1
3003,1544573372233,1
3003,1544573372287,1
3003,1544573372368,1
3003,1544573372677,1
3003,1544573372839,1
3003,1544573372843,1
3003,1544573373112,1
3003,1544573373236,1
3003,1544573373294,1
3003,1544573373374,1
3003,1544573373682,1
3003,1544573373844,1
3003,1544573373847,1
3003,1544573374115,1
3003,1544573374242,1
3003,1544573374298,1
3003,1544573374376,1
3003,1544573374688,1
3003,1544573374847,1
3003,1544573374851,1
3003,1544573375120,1
3003,1544573375244,1
3003,1544573375302,1
3003,1544573375378,1
3003,1544573375693,1
3003,1544573375849,1
3003,1544573375853,1
3003,1544573376123,1
3003,1544573376247,1
3003,1544573376305,1
3003,1544573376379,1
3003,1544573376693,1
3003,1544573376855,1
3003,1544573376858,1
3003,1544573377123,1
3003,1544573377250,1
3003,1544573377307,1
3003,1544573377386,1
3003,1544573377693,1
3003,1544573377858,1
3003,1544573377861,1
3003,1544573378128,1
3003,1544573378254,1
3003,1544573378311,1
3003,1544573378389,1
3003,1544573378701,1
3003,1544573378863,1
3003,1544573378865,1
3003,1544573379132,1
3003,1544573379259,1
3003,1544573379315,1
3003,1544573379395,1
3003,1544573379699,1
3003,1544573379869,1
3003,1544573379870,1
3003,1544573380137,1
3003,1544573380260,1
3003,1544573380318,1
3003,1544573380394,1
3003,1544573380707,1
3003,1544573380871,1
3003,1544573380873,1
3003,1544573381139,1
3003,1544573381263,1
3003,1544573381316,1
3003,1544573381402,1
3003,1544573381706,1
3003,1544573381875,1
3003,1544573381881,1
3003,1544573382142,1
3003,1544573382267,1
3003,1544573382320,1
3003,1544573382404,1
3003,1544573382706,1
3003,1544573382878,1
3003,1544573382880,1
3003,1544573383146,1
3003,1544573383273,1
3003,1544573383330,1
3003,1544573383408,1
3003,1544573383707,1
3003,1544573383881,1
3003,1544573383886,1
3003,1544573384147,1
3003,1544573384275,1
3003,1544573384334,1
3003,1544573384410,1
3003,1544573384711,1
3003,1544573384881,1
3003,1544573384887,1
3003,1544573385151,1
3003,1544573385278,1
3003,1544573385336,1
3003,1544573385416,1
3003,1544573385712,1
3003,1544573385885,1
3003,1544573385891,1
3003,1544573386153,1
3003,1544573386281,1
3003,1544573386338,1
3003,1544573386419,1
3003,1544573386718,1
3003,1544573386889,1
3003,1544573386897,1
3003,1544573387156,1
3003,1544573387283,1
3003,1544573387339,1
3003,1544573387423,1
3003,1544573387719,1
3003,1544573387896,1
3003,1544573387900,1
3003,1544573388159,1
3003,1544573388286,1
3003,1544573388342,1
3003,1544573388423,1
3003,1544573388719,1
3003,1544573388900,1
3003,1544573388903,1
3003,1544573389159,1
3003,1544573389291,1
3003,1544573389345,1
3003,1544573389423,1
3003,1544573389722,1
3003,1544573389905,1
3003,1544573389908,1
3003,1544573390159,1
3003,1544573390294,1
3003,1544573390348,1
3003,1544573390428,1
3003,1544573390727,1
3003,1544573390906,1
3003,1544573390908,1
3003,1544573391161,1
3003,1544573391297,1
3003,1544573391352,1
3003,1544573391432,1
3003,1544573391730,1
3003,1544573391909,1
3003,1544573391912,1
3003,1544573392164,1
3003,1544573392297,1
3003,1544573392355,1
3003,1544573392437,1
3003,1544573392736,1
3003,1544573392913,1
3003,1544573392916,1
3003,1544573393168,1
3003,1544573393301,1
3003,1544573393357,1
3003,1544573393439,1
3003,1544573393740,1
3003,1544573393919,1
3003,1544573393922,1
3003,1544573394174,1
3003,1544573394305,1
3003,1544573394358,1
3003,1544573394445,1
3003,1544573394743,1
3003,1544573394922,1
3003,1544573394926,1
3003,1544573395177,1
3003,1544573395309,1
3003,1544573395365,1
3003,1544573395448,1
3003,1544573395746,1
3003,1544573395926,1
3003,1544573395928,1
3003,1544573396181,1
3003,1544573396312,1
3003,1544573396364,1
3003,1544573396452,1
3003,1544573396751,1
3003,1544573396929,1
3003,1544573396932,1
3003,1544573397186,1
3003,1544573397316,1
3003,1544573397367,1
3003,1544573397457,1
3003,1544573397755,1
3003,1544573397933,1
3003,1544573397935,1
3003,1544573398188,1
3003,1544573398321,1
3003,1544573398368,1
3003,1544573398461,1
3003,1544573398758,1
3003,1544573398935,1
3003,1544573398937,1
3003,1544573399194,1
3003,1544573399326,1
3003,1544573399371,1
3003,1544573399464,1
3003,1544573399761,1
3003,1544573399935,1
3003,1544573399939,1
3003,1544573400197,1
3003,1544573400329,1
3003,1544573400377,1
3003,1544573400467,1
3003,1544573400764,1
3003,1544573400936,1
3003,1544573400939,1
3003,1544573401201,1
3003,1544573401332,1
3003,1544573401383,1
3003,1544573401469,1
3003,1544573401765,1
3003,1544573401942,1
3003,1544573401946,1
3003,1544573402206,1
3003,1544573402337,1
3003,1544573402386,1
3003,1544573402476,1
3003,1544573402770,1
3003,1544573402942,1
3003,1544573402945,1
3003,1544573403209,1
3003,1544573403341,1
3003,1544573403389,1
3003,1544573403481,1
3003,1544573403774,1
3003,1544573403946,1
3003,1544573403948,1
3003,1544573404209,1
3003,1544573404349,1
3003,1544573404399,1
3003,1544573404488,1
3003,1544573404777,1
3003,1544573404951,1
3003,1544573404954,1
3003,1544573405212,1
3003,1544573405349,1
3003,1544573405400,1
3003,1544573405491,1
3003,1544573405782,1
3003,1544573405954,1
3003,1544573405957,1
3003,1544573406216,1
3003,1544573406352,1
3003,1544573406402,1
3003,1544573406492,1
3003,1544573406785,1
3003,1544573406959,1
3003,1544573406961,1
3003,1544573407220,1
3003,1544573407352,1
3003,1544573407404,1
3003,1544573407497,1
3003,1544573407789,1
3003,1544573407961,1
3003,1544573407964,1
3003,1544573408225,1
3003,1544573408354,1
3003,1544573408410,1
3003,1544573408498,1
3003,1544573408794,1
3003,1544573408967,1
3003,1544573408970,1
3003,1544573409225,1
3003,1544573409356,1
3003,1544573409415,1
3003,1544573409504,1
3003,1544573409799,1
3003,1544573409970,1
3003,1544573409974,1
3003,1544573410227,1
3003,1544573410359,1
3003,1544573410413,1
3003,1544573410502,1
3003,1544573410803,1
3003,1544573411071,1
3003,1544573411073,1
3003,1544573411230,1
3003,1544573411362,1
3003,1544573411419,1
3003,1544573411505,1
3003,1544573411804,1
3003,1544573411977,1
3003,1544573411979,1
3003,1544573412234,1
3003,1544573412360,1
3003,1544573412421,1
3003,1544573412509,1
3003,1544573412810,1
3003,1544573412977,1
3003,1544573412979,1
3003,1544573413239,1
3003,1544573413366,1
3003,1544573413426,1
3003,1544573413517,1
3003,1544573413813,1
3003,1544573413979,1
3003,1544573413980,1
3003,1544573414241,1
3003,1544573414368,1
3003,1544573414430,1
3003,1544573414519,1
3003,1544573414818,1
3003,1544573414984,1
3003,1544573414986,1
3003,1544573415245,1
3003,1544573415371,1
3003,1544573415426,1
3003,1544573415523,1
3003,1544573415822,1
3003,1544573415988,1
3003,1544573415991,1
3003,1544573416253,1
3003,1544573416374,1
3003,1544573416432,1
3003,1544573416527,1
3003,1544573416826,1
3003,1544573416992,1
3003,1544573416995,1
3003,1544573417253,1
3003,1544573417375,1
3003,1544573417432,1
3003,1544573417532,1
3003,1544573417831,1
3003,1544573417997,1
3003,1544573418002,1
3003,1544573418255,1
3003,1544573418377,1
3003,1544573418434,1
3003,1544573418533,1
3003,1544573418835,1
3003,1544573419000,1
3003,1544573419002,1
3003,1544573419256,1
3003,1544573419380,1
3003,1544573419441,1
3003,1544573419539,1
3003,1544573419837,1
3003,1544573420005,1
3003,1544573420006,1
3003,1544573420261,1
3003,1544573420382,1
3003,1544573420444,1
3003,1544573420544,1
3003,1544573420842,1
3003,1544573421008,1
3003,1544573421009,1
3003,1544573421265,1
3003,1544573421385,1
3003,1544573421447,1
3003,1544573421546,1
3003,1544573421842,1
3003,1544573422010,1
3003,1544573422012,1
3003,1544573422267,1
3003,1544573422388,1
3003,1544573422451,1
3003,1544573422553,1
3003,1544573422847,1
3003,1544573423009,1
3003,1544573423011,1
3003,1544573423268,1
3003,1544573423388,1
3003,1544573423456,1
3003,1544573423555,1
3003,1544573423853,1
3003,1544573424010,1
3003,1544573424012,1
3003,1544573424271,1
3003,1544573424396,1
3003,1544573424457,1
3003,1544573424556,1
3003,1544573424856,1
3003,1544573425012,1
3003,1544573425014,1
3003,1544573425274,1
3003,1544573425393,1
3003,1544573425461,1
3003,1544573425562,1
3003,1544573425857,1
3003,1544573426012,1
3003,1544573426014,1
3003,1544573426279,1
3003,1544573426400,1
3003,1544573426465,1
3003,1544573426566,1
3003,1544573426860,1
3003,1544573427012,1
3003,1544573427017,1
3003,1544573427286,1
3003,1544573427404,1
3003,1544573427463,1
3003,1544573427571,1
3003,1544573427864,1
3003,1544573428014,1
3003,1544573428017,1
3003,1544573428287,1
3003,1544573428409,1
3003,1544573428469,1
3003,1544573428576,1
3003,1544573428869,1
3003,1544573429012,1
3003,1544573429015,1
3003,1544573429291,1
3003,1544573429410,1
3003,1544573429472,1
3003,1544573429576,1
3003,1544573429872,1
3003,1544573430012,1
3003,1544573430014,1
3003,1544573430293,1
3003,1544573430414,1
3003,1544573430475,1
3003,1544573430583,1
3003,1544573430876,1
3003,1544573431014,1
3003,1544573431016,1
3003,1544573431297,1
3003,1544573431417,1
3003,1544573431479,1
3003,1544573431587,1
3003,1544573431883,1
3003,1544573432015,1
3003,1544573432017,1
3003,1544573432303,1
3003,1544573432421,1
3003,1544573432483,1
3003,1544573432591,1
3003,1544573432881,1
3003,1544573433018,1
3003,1544573433021,1
3003,1544573433302,1
3003,1544573433421,1
3003,1544573433488,1
3003,1544573433594,1
3003,1544573433890,1
3003,1544573434021,1
3003,1544573434023,1
3003,1544573434305,1
3003,1544573434427,1
3003,1544573434492,1
3003,1544573434597,1
3003,1544573434889,1
3003,1544573435021,1
3003,1544573435023,1
3003,1544573435309,1
3003,1544573435425,1
3003,1544573435497,1
3003,1544573435598,1
3003,1544573435892,1
3003,1544573436020,1
3003,1544573436022,1
3003,1544573436315,1
3003,1544573436427,1
3003,1544573436500,1
3003,1544573436602,1
3003,1544573436896,1
3003,1544573437022,1
3003,1544573437025,1
3003,1544573437317,1
3003,1544573437427,1
3003,1544573437506,1
3003,1544573437607,1
3003,1544573437901,1
3003,1544573438023,1
3003,1544573438024,1
3003,1544573438322,1
3003,1544573438435,1
3003,1544573438508,1
3003,1544573438612,1
3003,1544573438907,1
3003,1544573439023,1
3003,1544573439024,1
3003,1544573439323,1
3003,1544573439435,1
3003,1544573439513,1
3003,1544573439615,1
3003,1544573439907,1
3003,1544573440024,1
3003,1544573440026,1
3003,1544573440325,1
3003,1544573440438,1
3003,1544573440518,1
3003,1544573440618,1
3003,1544573440911,1
3003,1544573441023,1
3003,1544573441025,1
3003,1544573441329,1
3003,1544573441441,1
3003,1544573441513,1
3003,1544573441624,1
3003,1544573441917,1
3003,1544573442023,1
3003,1544573442025,1
3003,1544573442332,1
3003,1544573442442,1
3003,1544573442513,1
3003,1544573442629,1
3003,1544573442921,1
3003,1544573443023,1
3003,1544573443026,1
3003,1544573443337,1
3003,1544573443444,1
3003,1544573443518,1
3003,1544573443631,1
3003,1544573443924,1
3003,1544573444029,1
3003,1544573444031,1
3003,1544573444340,1
3003,1544573444450,1
3003,1544573444520,1
3003,1544573444634,1
3003,1544573444927,1
3003,1544573445033,1
3003,1544573445038,1
3003,1544573445344,1
3003,1544573445453,1
3003,1544573445523,1
3003,1544573445641,1
3003,1544573445932,1
3003,1544573446033,1
3003,1544573446035,1
3003,1544573446348,1
3003,1544573446459,1
3003,1544573446527,1
3003,1544573446644,1
3003,1544573446935,1
3003,1544573447042,1
3003,1544573447045,1
3003,1544573447348,1
3003,1544573447463,1
3003,1544573447527,1
3003,1544573447647,1
3003,1544573447936,1
3003,1544573448044,1
3003,1544573448046,1
3003,1544573448353,1
3003,1544573448463,1
3003,1544573448531,1
3003,1544573448657,1
3003,1544573448940,1
3003,1544573449043,1
3003,1544573449045,1
3003,1544573449355,1
3003,1544573449467,1
3003,1544573449540,1
3003,1544573449658,1
3003,1544573449943,1
3003,1544573450047,1
3003,1544573450049,1
3003,1544573450358,1
3003,1544573450468,1
3003,1544573450540,1
3003,1544573450659,1
3003,1544573450946,1
3003,1544573451052,1
3003,1544573451055,1
3003,1544573451363,1
3003,1544573451473,1
3003,1544573451543,1
3003,1544573451663,1
3003,1544573451950,1
3003,1544573452055,1
3003,1544573452057,1
3003,1544573452366,1
3003,1544573452476,1
3003,1544573452547,1
3003,1544573452663,1
3003,1544573452954,1
3003,1544573453058,1
3003,1544573453060,1
3003,1544573453370,1
3003,1544573453479,1
3003,1544573453552,1
3003,1544573453671,1
3003,1544573453960,1
3003,1544573454064,1
3003,1544573454066,1
3003,1544573454375,1
3003,1544573454483,1
3003,1544573454554,1
3003,1544573454671,1
3003,1544573454962,1
3003,1544573455069,1
3003,1544573455071,1
3003,1544573455379,1
3003,1544573455487,1
3003,1544573455560,1
3003,1544573455671,1
3003,1544573455966,1
3003,1544573456072,1
3003,1544573456074,1
3003,1544573456383,1
3003,1544573456489,1
3003,1544573456564,1
3003,1544573456674,1
3003,1544573456970,1
3003,1544573457074,1
3003,1544573457077,1
3003,1544573457387,1
3003,1544573457494,1
3003,1544573457565,1
3003,1544573457672,1
3003,1544573457975,1
3003,1544573458079,1
3003,1544573458081,1
3003,1544573458392,1
3003,1544573458497,1
3003,1544573458570,1
3003,1544573458678,1
3003,1544573458979,1
3003,1544573459081,1
3003,1544573459083,1
3003,1544573459396,1
3003,1544573459504,1
3003,1544573459576,1
3003,1544573459679,1
3003,1544573459982,1
3003,1544573460085,1
3003,1544573460089,1
3003,1544573460398,1
3003,1544573460509,1
3003,1544573460580,1
3003,1544573460687,1
3003,1544573460981,1
3003,1544573461088,1
3003,1544573461091,1
3003,1544573461403,1
3003,1544573461511,1
3003,1544573461585,1
3003,1544573461690,1
3003,1544573461985,1
3003,1544573462094,1
3003,1544573462097,1
3003,1544573462408,1
3003,1544573462512,1
3003,1544573462587,1
3003,1544573462693,1
3003,1544573462990,1
3003,1544573463094,1
3003,1544573463095,1
3003,1544573463412,1
3003,1544573463512,1
3003,1544573463593,1
3003,1544573463701,1
3003,1544573463995,1
3003,1544573464096,1
3003,1544573464100,1
3003,1544573464418,1
3003,1544573464517,1
3003,1544573464592,1
3003,1544573464701,1
3003,1544573464997,1
3003,1544573465100,1
3003,1544573465101,1
3003,1544573465422,1
3003,1544573465519,1
3003,1544573465594,1
3003,1544573465708,1
3003,1544573466001,1
3003,1544573466104,1
3003,1544573466109,1
3003,1544573466424,1
3003,1544573466526,1
3003,1544573466598,1
3003,1544573466710,1
3003,1544573467008,1
3003,1544573467108,1
3003,1544573467112,1
3003,1544573467427,1
3003,1544573467524,1
3003,1544573467602,1
3003,1544573467715,1
3003,1544573468009,1
3003,1544573468112,1
3003,1544573468114,1
3003,1544573468432,1
3003,1544573468528,1
3003,1544573468605,1
3003,1544573468721,1
3003,1544573469010,1
3003,1544573469115,1
3003,1544573469116,1
3003,1544573469436,1
3003,1544573469532,1
3003,1544573469609,1
3003,1544573469716,1
3003,1544573470008,1
3003,1544573470124,1
3003,1544573470126,1
3003,1544573470439,1
3003,1544573470535,1
3003,1544573470615,1
3003,1544573470723,1
3003,1544573471008,1
3003,1544573471123,1
3003,1544573471124,1
3003,1544573471440,1
3003,1544573471539,1
3003,1544573471614,1
3003,1544573471723,1
3003,1544573472009,1
3003,1544573472129,1
3003,1544573472133,1
3003,1544573472444,1
3003,1544573472536,1
3003,1544573472617,1
3003,1544573472721,1
3003,1544573473009,1
3003,1544573473133,1
3003,1544573473134,1
3003,1544573473447,1
3003,1544573473538,1
3003,1544573473620,1
3003,1544573473728,1
3003,1544573474008,1
3003,1544573474136,1
3003,1544573474138,1
3003,1544573474452,1
3003,1544573474539,1
3003,1544573474623,1
3003,1544573474730,1
3003,1544573475010,1
3003,1544573475131,1
3003,1544573475132,1
3003,1544573475456,1
3003,1544573475540,1
3003,1544573475628,1
3003,1544573475734,1
3003,1544573476009,1
3003,1544573476132,1
3003,1544573476135,1
3003,1544573476463,1
3003,1544573476546,1
3003,1544573476635,1
3003,1544573476736,1
3003,1544573477007,1
3003,1544573477137,1
3003,1544573477139,1
3003,1544573477465,1
3003,1544573477553,1
3003,1544573477637,1
3003,1544573477740,1
3003,1544573478009,1
3003,1544573478141,1
3003,1544573478144,1
3003,1544573478468,1
3003,1544573478552,1
3003,1544573478636,1
3003,1544573478744,1
3003,1544573479008,1
3003,1544573479145,1
3003,1544573479149,1
3003,1544573479471,1
3003,1544573479555,1
3003,1544573479641,1
3003,1544573479746,1
3003,1544573480008,1
3003,1544573480150,1
3003,1544573480153,1
3003,1544573480476,1
3003,1544573480558,1
3003,1544573480646,1
3003,1544573480750,1
3003,1544573481008,1
3003,1544573481154,1
3003,1544573481156,1
3003,1544573481480,1
3003,1544573481562,1
3003,1544573481648,1
3003,1544573481753,1
3003,1544573482009,1
3003,1544573482157,1
3003,1544573482162,1
3003,1544573482483,1
3003,1544573482567,1
3003,1544573482652,1
3003,1544573482759,1
3003,1544573483011,1
3003,1544573483161,1
3003,1544573483165,1
3003,1544573483486,1
3003,1544573483568,1
3003,1544573483656,1
3003,1544573483764,1
3003,1544573484010,1
3003,1544573484164,1
3003,1544573484167,1
3003,1544573484488,1
3003,1544573484570,1
3003,1544573484656,1
3003,1544573484769,1
3003,1544573485010,1
3003,1544573485164,1
3003,1544573485170,1
3003,1544573485493,1
3003,1544573485573,1
3003,1544573485660,1
3003,1544573485771,1
3003,1544573486011,1
3003,1544573486169,1
3003,1544573486173,1
3003,1544573486497,1
3003,1544573486578,1
3003,1544573486664,1
3003,1544573486775,1
3003,1544573487011,1
3003,1544573487172,1
3003,1544573487179,1
3003,1544573487500,1
3003,1544573487583,1
3003,1544573487669,1
3003,1544573487789,1
3003,1544573488011,1
3003,1544573488174,1
3003,1544573488180,1
3003,1544573488504,1
3003,1544573488587,1
3003,1544573488671,1
3003,1544573488790,1
3003,1544573489010,1
3003,1544573489179,1
3003,1544573489185,1
3003,1544573489509,1
3003,1544573489590,1
3003,1544573489672,1
3003,1544573489792,1
3003,1544573490010,1
3003,1544573490181,1
3003,1544573490187,1
3003,1544573490510,1
3003,1544573490595,1
3003,1544573490682,1
3003,1544573490789,1
3003,1544573491014,1
3003,1544573491185,1
3003,1544573491193,1
3003,1544573491519,1
3003,1544573491595,1
3003,1544573491682,1
3003,1544573491797,1
3003,1544573492014,1
3003,1544573492186,1
3003,1544573492194,1
3003,1544573492516,1
3003,1544573492597,1
3003,1544573492681,1
3003,1544573492797,1
3003,1544573493016,1
3003,1544573493189,1
3003,1544573493197,1
3003,1544573493521,1
3003,1544573493599,1
3003,1544573493682,1
3003,1544573493795,1
3003,1544573494013,1
3003,1544573494186,1
3003,1544573494193,1
3003,1544573494523,1
3003,1544573494602,1
3003,1544573494689,1
3003,1544573494802,1
3003,1544573495013,1
3003,1544573495192,1
3003,1544573495195,1
3003,1544573495529,1
3003,1544573495604,1
3003,1544573495691,1
3003,1544573495807,1
3003,1544573496015,1
3003,1544573496192,1
3003,1544573496198,1
3003,1544573496533,1
3003,1544573496607,1
3003,1544573496695,1
3003,1544573496810,1
3003,1544573497016,1
3003,1544573497196,1
3003,1544573497201,1
3003,1544573497537,1
3003,1544573497610,1
3003,1544573497701,1
3003,1544573497813,1
3003,1544573498016,1
3003,1544573498198,1
3003,1544573498206,1
3003,1544573498541,1
3003,1544573498615,1
3003,1544573498704,1
3003,1544573498817,1
3003,1544573499016,1
3003,1544573499202,1
3003,1544573499210,1
3003,1544573499546,1
3003,1544573499618,1
3003,1544573499708,1
3003,1544573499820,1
3003,1544573500016,1
3003,1544573500206,1
3003,1544573500212,1
3003,1544573500549,1
3003,1544573500622,1
3003,1544573500712,1
3003,1544573500824,1
3003,1544573501015,1
3003,1544573501209,1
3003,1544573501216,1
3003,1544573501553,1
3003,1544573501624,1
3003,1544573501714,1
3003,1544573501828,1
3003,1544573502015,1
3003,1544573502212,1
3003,1544573502221,1
3003,1544573502558,1
3003,1544573502631,1
3003,1544573502715,1
3003,1544573502833,1
3003,1544573503016,1
3003,1544573503218,1
3003,1544573503224,1
3003,1544573503562,1
3003,1544573503633,1
3003,1544573503717,1
3003,1544573503837,1
3003,1544573504017,1
3003,1544573504223,1
3003,1544573504230,1
3003,1544573504566,1
3003,1544573504639,1
3003,1544573504724,1
3003,1544573504842,1
3003,1544573505021,1
3003,1544573505225,1
3003,1544573505232,1
3003,1544573505569,1
3003,1544573505641,1
3003,1544573505728,1
3003,1544573505846,1
3003,1544573506023,1
3003,1544573506231,1
3003,1544573506237,1
3003,1544573506575,1
3003,1544573506643,1
3003,1544573506732,1
3003,1544573506850,1
3003,1544573507029,1
3003,1544573507235,1
3003,1544573507243,1
3003,1544573507578,1
3003,1544573507647,1
3003,1544573507735,1
3003,1544573507853,1
3003,1544573508032,1
3003,1544573508238,1
3003,1544573508244,1
3003,1544573508585,1
3003,1544573508649,1
3003,1544573508739,1
3003,1544573508858,1
3003,1544573509037,1
3003,1544573509244,1
3003,1544573509248,1
3003,1544573509586,1
3003,1544573509654,1
3003,1544573509743,1
3003,1544573509860,1
3003,1544573510040,1
3003,1544573510248,1
3003,1544573510252,1
3003,1544573510590,1
3003,1544573510657,1
3003,1544573510749,1
3003,1544573510864,1
3003,1544573511045,1
3003,1544573511250,1
3003,1544573511255,1
3003,1544573511596,1
3003,1544573511660,1
3003,1544573511750,1
3003,1544573511869,1
3003,1544573512048,1
3003,1544573512254,1
3003,1544573512259,1
3003,1544573512599,1
3003,1544573512665,1
3003,1544573512757,1
3003,1544573512873,1
3003,1544573513051,1
3003,1544573513257,1
3003,1544573513263,1
3003,1544573513603,1
3003,1544573513668,1
3003,1544573513761,1
3003,1544573513878,1
3003,1544573514055,1
3003,1544573514263,1
3003,1544573514265,1
3003,1544573514605,1
3003,1544573514674,1
3003,1544573514764,1
3003,1544573514883,1
3003,1544573515059,1
3003,1544573515266,1
3003,1544573515268,1
3003,1544573515606,1
3003,1544573515679,1
3003,1544573515767,1
3003,1544573515886,1
3003,1544573516061,1
3003,1544573516266,1
3003,1544573516269,1
3003,1544573516608,1
3003,1544573516682,1
3003,1544573516767,1
3003,1544573516886,1
3003,1544573517061,1
3003,1544573517271,1
3003,1544573517273,1
3003,1544573517612,1
3003,1544573517686,1
3003,1544573517770,1
3003,1544573517891,1
3003,1544573518065,1
3003,1544573518273,1
3003,1544573518275,1
3003,1544573518613,1
3003,1544573518689,1
3003,1544573518773,1
3003,1544573518894,1
3003,1544573519070,1
3003,1544573519276,1
3003,1544573519279,1
3003,1544573519616,1
3003,1544573519696,1
3003,1544573519777,1
3003,1544573519899,1
3003,1544573520074,1
3003,1544573520279,1
3003,1544573520282,1
3003,1544573520619,1
3003,1544573520697,1
3003,1544573520779,1
3003,1544573520900,1
3003,1544573521078,1
3003,1544573521280,1
3003,1544573521282,1
3003,1544573521620,1
3003,1544573521699,1
3003,1544573521784,1
3003,1544573521905,1
3003,1544573522077,1
3003,1544573522283,1
3003,1544573522286,1
3003,1544573522625,1
3003,1544573522704,1
3003,1544573522787,1
3003,1544573522911,1
3003,1544573523083,1
3003,1544573523284,1
3003,1544573523286,1
3003,1544573523629,1
3003,1544573523703,1
3003,1544573523786,1
3003,1544573523912,1
3003,1544573524085,1
3003,1544573524285,1
3003,1544573524287,1
3003,1544573524635,1
3003,1544573524708,1
3003,1544573524792,1
3003,1544573524918,1
3003,1544573525091,1
3003,1544573525293,1
3003,1544573525294,1
3003,1544573525639,1
3003,1544573525712,1
3003,1544573525797,1
3003,1544573525920,1
3003,1544573526092,1
3003,1544573526294,1
3003,1544573526296,1
3003,1544573526643,1
3003,1544573526716,1
3003,1544573526800,1
3003,1544573526923,1
3003,1544573527098,1
3003,1544573527299,1
3003,1544573527301,1
3003,1544573527646,1
3003,1544573527721,1
3003,1544573527803,1
3003,1544573527928,1
3003,1544573528101,1
3003,1544573528306,1
3003,1544573528308,1
3003,1544573528651,1
3003,1544573528725,1
3003,1544573528809,1
3003,1544573528933,1
3003,1544573529103,1
3003,1544573529307,1
3003,1544573529309,1
3003,1544573529654,1
3003,1544573529729,1
3003,1544573529812,1
3003,1544573529937,1
3003,1544573530107,1
3003,1544573530311,1
3003,1544573530313,1
3003,1544573530659,1
3003,1544573530733,1
3003,1544573530815,1
3003,1544573530939,1
3003,1544573531110,1
3003,1544573531313,1
3003,1544573531315,1
3003,1544573531663,1
3003,1544573531736,1
3003,1544573531818,1
3003,1544573531941,1
3003,1544573532115,1
3003,1544573532317,1
3003,1544573532319,1
3003,1544573532664,1
3003,1544573532739,1
3003,1544573532826,1
3003,1544573532944,1
3003,1544573533118,1
3003,1544573533320,1
3003,1544573533324,1
3003,1544573533669,1
3003,1544573533744,1
3003,1544573533829,1
3003,1544573533948,1
3003,1544573534121,1
3003,1544573534322,1
3003,1544573534327,1
3003,1544573534668,1
3003,1544573534746,1
3003,1544573534831,1
3003,1544573534949,1
3003,1544573535122,1
3003,1544573535325,1
3003,1544573535330,1
3003,1544573535674,1
3003,1544573535753,1
3003,1544573535835,1
3003,1544573535956,1
3003,1544573536127,1
3003,1544573536331,1
3003,1544573536334,1
3003,1544573536677,1
3003,1544573536759,1
3003,1544573536840,1
3003,1544573536956,1
3003,1544573537130,1
3003,1544573537334,1
3003,1544573537338,1
3003,1544573537682,1
3003,1544573537762,1
3003,1544573537844,1
3003,1544573537958,1
3003,1544573538133,1
3003,1544573538337,1
3003,1544573538339,1
3003,1544573538686,1
3003,1544573538764,1
3003,1544573538848,1
3003,1544573538961,1
3003,1544573539132,1
3003,1544573539343,1
3003,1544573539345,1
3003,1544573539686,1
3003,1544573539766,1
3003,1544573539852,1
3003,1544573539967,1
3003,1544573540135,1
3003,1544573540344,1
3003,1544573540346,1
3003,1544573540688,1
3003,1544573540769,1
3003,1544573540860,1
3003,1544573540970,1
3003,1544573541137,1
3003,1544573541353,1
3003,1544573541355,1
3003,1544573541693,1
3003,1544573541770,1
3003,1544573541863,1
3003,1544573541976,1
3003,1544573542142,1
3003,1544573542357,1
3003,1544573542359,1
3003,1544573542696,1
3003,1544573542776,1
3003,1544573542866,1
3003,1544573542979,1
3003,1544573543145,1
3003,1544573543359,1
3003,1544573543360,1
3003,1544573543701,1
3003,1544573543778,1
3003,1544573543869,1
3003,1544573543983,1
3003,1544573544150,1
3003,1544573544360,1
3003,1544573544362,1
3003,1544573544706,1
3003,1544573544779,1
3003,1544573544872,1
3003,1544573544987,1
3003,1544573545154,1
3003,1544573545368,1
3003,1544573545370,1
3003,1544573545710,1
3003,1544573545783,1
3003,1544573545877,1
3003,1544573545987,1
3003,1544573546158,1
3003,1544573546368,1
3003,1544573546372,1
3003,1544573546712,1
3003,1544573546788,1
3003,1544573546879,1
3003,1544573546992,1
3003,1544573547163,1
3003,1544573547373,1
3003,1544573547375,1
3003,1544573547717,1
3003,1544573547793,1
3003,1544573547885,1
3003,1544573547993,1
3003,1544573548168,1
3003,1544573548375,1
3003,1544573548377,1
3003,1544573548721,1
3003,1544573548796,1
3003,1544573548891,1
3003,1544573548994,1
3003,1544573549171,1
3003,1544573549374,1
3003,1544573549376,1
3003,1544573549725,1
3003,1544573549799,1
3003,1544573549896,1
3003,1544573550000,1
3003,1544573550171,1
3003,1544573550377,1
3003,1544573550378,1
3003,1544573550729,1
3003,1544573550802,1
3003,1544573550903,1
3003,1544573551004,1
3003,1544573551176,1
3003,1544573551382,1
3003,1544573551383,1
3003,1544573551732,1
3003,1544573551805,1
3003,1544573551903,1
3003,1544573552008,1
3003,1544573552177,1
3003,1544573552383,1
3003,1544573552385,1
3003,1544573552736,1
3003,1544573552811,1
3003,1544573552905,1
3003,1544573553009,1
3003,1544573553180,1
3003,1544573553386,1
3003,1544573553390,1
3003,1544573553741,1
3003,1544573553813,1
3003,1544573553912,1
3003,1544573554013,1
3003,1544573554183,1
3003,1544573554394,1
3003,1544573554396,1
3003,1544573554745,1
3003,1544573554816,1
3003,1544573554913,1
3003,1544573555016,1
3003,1544573555187,1
3003,1544573555397,1
3003,1544573555400,1
3003,1544573555745,1
3003,1544573555821,1
3003,1544573555916,1
3003,1544573556016,1
3003,1544573556187,1
3003,1544573556399,1
3003,1544573556401,1
3003,1544573556750,1
3003,1544573556825,1
3003,1544573556920,1
3003,1544573557019,1
3003,1544573557190,1
3003,1544573557400,1
3003,1544573557402,1
3003,1544573557753,1
3003,1544573557830,1
3003,1544573557926,1
3003,1544573558025,1
3003,1544573558191,1
3003,1544573558404,1
3003,1544573558407,1
3003,1544573558757,1
3003,1544573558833,1
3003,1544573558926,1
3003,1544573559026,1
3003,1544573559194,1
3003,1544573559409,1
3003,1544573559412,1
3003,1544573559761,1
3003,1544573559838,1
3003,1544573559927,1
3003,1544573560028,1
3003,1544573560196,1
3003,1544573560412,1
3003,1544573560414,1
3003,1544573560764,1
3003,1544573560843,1
3003,1544573560931,1
3003,1544573561030,1
3003,1544573561200,1
3003,1544573561412,1
3003,1544573561418,1
3003,1544573561766,1
3003,1544573561847,1
3003,1544573561935,1
3003,1544573562031,1
3003,1544573562200,1
3003,1544573562417,1
3003,1544573562421,1
3003,1544573562766,1
3003,1544573562851,1
3003,1544573562940,1
3003,1544573563038,1
3003,1544573563203,1
3003,1544573563419,1
3003,1544573563422,1
3003,1544573563770,1
3003,1544573563854,1
3003,1544573563946,1
3003,1544573564043,1
3003,1544573564207,1
3003,1544573564426,1
3003,1544573564429,1
3003,1544573564772,1
3003,1544573564858,1
3003,1544573564942,1
3003,1544573565047,1
3003,1544573565209,1
3003,1544573565427,1
3003,1544573565430,1
3003,1544573565777,1
3003,1544573565858,1
3003,1544573565947,1
3003,1544573566047,1
3003,1544573566214,1
3003,1544573566433,1
3003,1544573566436,1
3003,1544573566781,1
3003,1544573566859,1
3003,1544573566950,1
3003,1544573567052,1
3003,1544573567218,1
3003,1544573567436,1
3003,1544573567438,1
3003,1544573567781,1
3003,1544573567864,1
3003,1544573567955,1
3003,1544573568055,1
3003,1544573568223,1
3003,1544573568440,1
3003,1544573568441,1
3003,1544573568788,1
3003,1544573568865,1
3003,1544573568958,1
3003,1544573569059,1
3003,1544573569226,1
3003,1544573569443,1
3003,1544573569444,1
3003,1544573569789,1
3003,1544573569866,1
3003,1544573569963,1
3003,1544573570062,1
3003,1544573570230,1
3003,1544573570441,1
3003,1544573570443,1
3003,1544573570790,1
3003,1544573570865,1
3003,1544573570968,1
3003,1544573571069,1
3003,1544573571231,1
3003,1544573571442,1
3003,1544573571444,1
3003,1544573571793,1
3003,1544573571870,1
3003,1544573571971,1
3003,1544573572072,1
3003,1544573572232,1
3003,1544573572444,1
3003,1544573572447,1
3003,1544573572797,1
3003,1544573572874,1
3003,1544573572974,1
3003,1544573573074,1
3003,1544573573237,1
3003,1544573573451,1
3003,1544573573453,1
3003,1544573573798,1
3003,1544573573878,1
3003,1544573573978,1
3003,1544573574080,1
3003,1544573574240,1
3003,1544573574453,1
3003,1544573574458,1
3003,1544573574803,1
3003,1544573574881,1
3003,1544573574983,1
3003,1544573575084,1
3003,1544573575246,1
3003,1544573575461,1
3003,1544573575464,1
3003,1544573575806,1
3003,1544573575884,1
3003,1544573575987,1
3003,1544573576085,1
3003,1544573576250,1
3003,1544573576461,1
3003,1544573576463,1
3003,1544573576806,1
3003,1544573576888,1
3003,1544573576990,1
3003,1544573577088,1
3003,1544573577254,1
3003,1544573577459,1
3003,1544573577461,1
3003,1544573577810,1
3003,1544573577892,1
3003,1544573577993,1
3003,1544573578093,1
3003,1544573578257,1
3003,1544573578466,1
3003,1544573578469,1
3003,1544573578816,1
3003,1544573578893,1
3003,1544573579000,1
3003,1544573579094,1
3003,1544573579263,1
3003,1544573579467,1
3003,1544573579469,1
3003,1544573579818,1
3003,1544573579896,1
3003,1544573580003,1
3003,1544573580099,1
3003,1544573580265,1
3003,1544573580469,1
3003,1544573580471,1
3003,1544573580820,1
3003,1544573580900,1
3003,1544573581011,1
3003,1544573581105,1
3003,1544573581268,1
3003,1544573581471,1
3003,1544573581473,1
3003,1544573581825,1
3003,1544573581900,1
3003,1544573582014,1
3003,1544573582107,1
3003,1544573582273,1
3003,1544573582478,1
3003,1544573582480,1
3003,1544573582829,1
3003,1544573582901,1
3003,1544573583016,1
3003,1544573583113,1
3003,1544573583273,1
3003,1544573583481,1
3003,1544573583484,1
3003,1544573583832,1
3003,1544573583903,1
3003,1544573584016,1
3003,1544573584117,1
3003,1544573584276,1
3003,1544573584480,1
3003,1544573584482,1
3003,1544573584837,1
3003,1544573584907,1
3003,1544573585012,1
3003,1544573585122,1
3003,1544573585276,1
3003,1544573585480,1
3003,1544573585482,1
3003,1544573585842,1
3003,1544573585908,1
3003,1544573586013,1
3003,1544573586124,1
3003,1544573586278,1
3003,1544573586485,1
3003,1544573586486,1
3003,1544573586842,1
3003,1544573586912,1
3003,1544573587017,1
3003,1544573587126,1
3003,1544573587280,1
3003,1544573587486,1
3003,1544573587488,1
3003,1544573587846,1
3003,1544573587916,1
3003,1544573588016,1
3003,1544573588131,1
3003,1544573588283,1
3003,1544573588490,1
3003,1544573588491,1
3003,1544573588849,1
3003,1544573588919,1
3003,1544573589018,1
3003,1544573589134,1
3003,1544573589288,1
3003,1544573589491,1
3003,1544573589491,1
3003,1544573589851,1
3003,1544573589923,1
3003,1544573590020,1
3003,1544573590140,1
3003,1544573590292,1
3003,1544573590493,1
3003,1544573590496,1
3003,1544573590855,1
3003,1544573590929,1
3003,1544573591022,1
3003,1544573591146,1
3003,1544573591293,1
3003,1544573591494,1
3003,1544573591495,1
3003,1544573591861,1
3003,1544573591934,1
3003,1544573592022,1
3003,1544573592146,1
3003,1544573592296,1
3003,1544573592497,1
3003,1544573592499,1
3003,1544573592866,1
3003,1544573592936,1
3003,1544573593025,1
3003,1544573593152,1
3003,1544573593301,1
3003,1544573593502,1
3003,1544573593504,1
3003,1544573593867,1
3003,1544573593938,1
3003,1544573594025,1
3003,1544573594154,1
3003,1544573594304,1
3003,1544573594503,1
3003,1544573594506,1
3003,1544573594872,1
3003,1544573594940,1
3003,1544573595029,1
3003,1544573595157,1
3003,1544573595309,1
3003,1544573595508,1
3003,1544573595510,1
3003,1544573595877,1
3003,1544573595941,1
3003,1544573596030,1
3003,1544573596160,1
3003,1544573596314,1
3003,1544573596509,1
3003,1544573596510,1
3003,1544573596877,1
3003,1544573596946,1
3003,1544573597035,1
3003,1544573597164,1
3003,1544573597317,1
3003,1544573597512,1
3003,1544573597513,1
3003,1544573597879,1
3003,1544573597947,1
3003,1544573598039,1
3003,1544573598170,1
3003,1544573598318,1
3003,1544573598514,1
3003,1544573598516,1
3003,1544573598882,1
3003,1544573598950,1
3003,1544573599046,1
3003,1544573599170,1
3003,1544573599319,1
3003,1544573599515,1
3003,1544573599518,1
3003,1544573599887,1
3003,1544573599951,1
3003,1544573600049,1
3003,1544573600172,1
3003,1544573600323,1
3003,1544573600519,1
3003,1544573600524,1
3003,1544573600892,1
3003,1544573600955,1
3003,1544573601053,1
3003,1544573601176,1
3003,1544573601324,1
3003,1544573601524,1
3003,1544573601525,1
3003,1544573601895,1
3003,1544573601958,1
3003,1544573602056,1
3003,1544573602181,1
3003,1544573602324,1
3003,1544573602525,1
3003,1544573602529,1
3003,1544573602899,1
3003,1544573602959,1
3003,1544573603055,1
3003,1544573603184,1
3003,1544573603329,1
3003,1544573603528,1
3003,1544573603531,1
3003,1544573603903,1
3003,1544573603959,1
3003,1544573604058,1
3003,1544573604188,1
3003,1544573604332,1
3003,1544573604534,1
3003,1544573604536,1
3003,1544573604906,1
3003,1544573604959,1
3003,1544573605062,1
3003,1544573605188,1
3003,1544573605331,1
3003,1544573605538,1
3003,1544573605541,1
3003,1544573605911,1
3003,1544573605964,1
3003,1544573606064,1
3003,1544573606194,1
3003,1544573606336,1
3003,1544573606542,1
3003,1544573606544,1
3003,1544573606915,1
3003,1544573606971,1
3003,1544573607065,1
3003,1544573607195,1
3003,1544573607340,1
3003,1544573607545,1
3003,1544573607547,1
3003,1544573607917,1
3003,1544573607975,1
3003,1544573608068,1
3003,1544573608198,1
3003,1544573608344,1
3003,1544573608551,1
3003,1544573608552,1
3003,1544573608921,1
3003,1544573608972,1
3003,1544573609073,1
3003,1544573609205,1
3003,1544573609344,1
3003,1544573609555,1
3003,1544573609558,1
3003,1544573609926,1
3003,1544573609973,1
3003,1544573610077,1
3003,1544573610209,1
3003,1544573610346,1
3003,1544573610555,1
3003,1544573610558,1
3003,1544573610932,1
3003,1544573610975,1
3003,1544573611080,1
3003,1544573611211,1
3003,1544573611349,1
3003,1544573611562,1
3003,1544573611564,1
3003,1544573611935,1
3003,1544573611979,1
3003,1544573612083,1
3003,1544573612216,1
3003,1544573612354,1
3003,1544573612566,1
3003,1544573612567,1
3003,1544573612935,1
3003,1544573612981,1
3003,1544573613085,1
3003,1544573613219,1
3003,1544573613360,1
3003,1544573613567,1
3003,1544573613567,1
3003,1544573613940,1
3003,1544573613988,1
3003,1544573614090,1
3003,1544573614224,1
3003,1544573614362,1
3003,1544573614571,1
3003,1544573614572,1
3003,1544573614941,1
3003,1544573614989,1
3003,1544573615095,1
3003,1544573615228,1
3003,1544573615367,1
3003,1544573615574,1
3003,1544573615575,1
3003,1544573615947,1
3003,1544573615994,1
3003,1544573616093,1
3003,1544573616233,1
3003,1544573616371,1
3003,1544573616566,1
3003,1544573616568,1
3003,1544573616950,1
3003,1544573616994,1
3003,1544573617100,1
3003,1544573617235,1
3003,1544573617373,1
3003,1544573617569,1
3003,1544573617572,1
3003,1544573617954,1
3003,1544573617996,1
3003,1544573618103,1
3003,1544573618242,1
3003,1544573618377,1
3003,1544573618574,1
3003,1544573618576,1
3003,1544573618956,1
3003,1544573619000,1
3003,1544573619109,1
3003,1544573619245,1
3003,1544573619381,1
3003,1544573619578,1
3003,1544573619582,1
3003,1544573619958,1
3003,1544573620005,1
3003,1544573620118,1
3003,1544573620249,1
3003,1544573620383,1
3003,1544573620582,1
3003,1544573620585,1
3003,1544573620961,1
3003,1544573621005,1
3003,1544573621114,1
3003,1544573621253,1
3003,1544573621387,1
3003,1544573621588,1
3003,1544573621589,1
3003,1544573621964,1
3003,1544573622007,1
3003,1544573622119,1
3003,1544573622256,1
3003,1544573622391,1
3003,1544573622590,1
3003,1544573622592,1
3003,1544573622969,1
3003,1544573623007,1
3003,1544573623125,1
3003,1544573623257,1
3003,1544573623393,1
3003,1544573623592,1
3003,1544573623594,1
3003,1544573623973,1
3003,1544573624008,1
3003,1544573624123,1
3003,1544573624260,1
3003,1544573624396,1
3003,1544573624595,1
3003,1544573624601,1
3003,1544573624977,1
3003,1544573625008,1
3003,1544573625127,1
3003,1544573625263,1
3003,1544573625398,1
3003,1544573625598,1
3003,1544573625601,1
3003,1544573625978,1
3003,1544573626012,1
3003,1544573626130,1
3003,1544573626268,1
3003,1544573626399,1
3003,1544573626599,1
3003,1544573626603,1
3003,1544573626979,1
3003,1544573627011,1
3003,1544573627138,1
3003,1544573627271,1
3003,1544573627401,1
3003,1544573627599,1
3003,1544573627605,1
3003,1544573627985,1
3003,1544573628011,1
3003,1544573628135,1
3003,1544573628275,1
3003,1544573628406,1
3003,1544573628600,1
3003,1544573628607,1
3003,1544573628986,1
3003,1544573629012,1
3003,1544573629141,1
3003,1544573629279,1
3003,1544573629408,1
3003,1544573629604,1
3003,1544573629608,1
3003,1544573629986,1
3003,1544573630012,1
3003,1544573630142,1
3003,1544573630285,1
3003,1544573630412,1
3003,1544573630607,1
3003,1544573630610,1
3003,1544573630987,1
3003,1544573631014,1
3003,1544573631144,1
3003,1544573631289,1
3003,1544573631413,1
3003,1544573631613,1
3003,1544573631615,1
3003,1544573631991,1
3003,1544573632012,1
3003,1544573632154,1
3003,1544573632291,1
3003,1544573632412,1
3003,1544573632613,1
3003,1544573632616,1
3003,1544573632992,1
3003,1544573633014,1
3003,1544573633149,1
3003,1544573633297,1
3003,1544573633412,1
3003,1544573633616,1
3003,1544573633619,1
3003,1544573633994,1
3003,1544573634013,1
3003,1544573634152,1
3003,1544573634299,1
3003,1544573634412,1
3003,1544573634622,1
3003,1544573634623,1
3003,1544573634998,1
3003,1544573635014,1
3003,1544573635154,1
3003,1544573635299,1
3003,1544573635413,1
3003,1544573635621,1
3003,1544573635623,1
3003,1544573636003,1
3003,1544573636017,1
3003,1544573636157,1
3003,1544573636304,1
3003,1544573636417,1
3003,1544573636624,1
3003,1544573636627,1
3003,1544573637005,1
3003,1544573637020,1
3003,1544573637167,1
3003,1544573637306,1
3003,1544573637422,1
3003,1544573637627,1
3003,1544573637629,1
3003,1544573638005,1
3003,1544573638022,1
3003,1544573638168,1
3003,1544573638309,1
3003,1544573638425,1
3003,1544573638629,1
3003,1544573638632,1
3003,1544573639005,1
3003,1544573639024,1
3003,1544573639164,1
3003,1544573639312,1
3003,1544573639426,1
3003,1544573639632,1
3003,1544573639634,1
3003,1544573640006,1
3003,1544573640023,1
3003,1544573640167,1
3003,1544573640316,1
3003,1544573640428,1
3003,1544573640634,1
3003,1544573640636,1
3003,1544573641005,1
3003,1544573641025,1
3003,1544573641168,1
3003,1544573641316,1
3003,1544573641432,1
3003,1544573641639,1
3003,1544573641643,1
3003,1544573642006,1
3003,1544573642029,1
3003,1544573642173,1
3003,1544573642320,1
3003,1544573642438,1
3003,1544573642642,1
3003,1544573642645,1
3003,1544573643005,1
3003,1544573643034,1
3003,1544573643177,1
3003,1544573643326,1
3003,1544573643440,1
3003,1544573643646,1
3003,1544573643647,1
3003,1544573644006,1
3003,1544573644038,1
3003,1544573644180,1
3003,1544573644325,1
3003,1544573644443,1
3003,1544573644646,1
3003,1544573644652,1
3003,1544573645007,1
3003,1544573645042,1
3003,1544573645184,1
3003,1544573645328,1
3003,1544573645447,1
3003,1544573645649,1
3003,1544573645654,1
3003,1544573646008,1
3003,1544573646047,1
3003,1544573646187,1
3003,1544573646331,1
3003,1544573646446,1
3003,1544573646651,1
3003,1544573646658,1
3003,1544573647008,1
3003,1544573647048,1
3003,1544573647192,1
3003,1544573647335,1
3003,1544573647448,1
3003,1544573647657,1
3003,1544573647662,1
3003,1544573648008,1
3003,1544573648049,1
3003,1544573648195,1
3003,1544573648336,1
3003,1544573648453,1
3003,1544573648662,1
3003,1544573648665,1
3003,1544573649008,1
3003,1544573649052,1
3003,1544573649194,1
3003,1544573649341,1
3003,1544573649458,1
3003,1544573649665,1
3003,1544573649668,1
3003,1544573650007,1
3003,1544573650058,1
3003,1544573650199,1
3003,1544573650345,1
3003,1544573650462,1
3003,1544573650667,1
3003,1544573650670,1
3003,1544573651008,1
3003,1544573651057,1
3003,1544573651202,1
3003,1544573651348,1
3003,1544573651464,1
3003,1544573651667,1
3003,1544573651670,1
3003,1544573652008,1
3003,1544573652060,1
3003,1544573652207,1
3003,1544573652356,1
3003,1544573652467,1
3003,1544573652668,1
3003,1544573652671,1
3003,1544573653009,1
3003,1544573653064,1
3003,1544573653210,1
3003,1544573653355,1
3003,1544573653469,1
3003,1544573653672,1
3003,1544573653674,1
3003,1544573654010,1
3003,1544573654068,1
3003,1544573654214,1
3003,1544573654358,1
3003,1544573654474,1
3003,1544573654676,1
3003,1544573654677,1
3003,1544573655010,1
3003,1544573655072,1
3003,1544573655219,1
3003,1544573655360,1
3003,1544573655476,1
3003,1544573655680,1
3003,1544573655681,1
3003,1544573656012,1
3003,1544573656072,1
3003,1544573656220,1
3003,1544573656365,1
3003,1544573656479,1
3003,1544573656679,1
3003,1544573656681,1
3003,1544573657015,1
3003,1544573657075,1
3003,1544573657223,1
3003,1544573657370,1
3003,1544573657480,1
3003,1544573657679,1
3003,1544573657681,1
3003,1544573658016,1
3003,1544573658079,1
3003,1544573658227,1
3003,1544573658376,1
3003,1544573658485,1
3003,1544573658683,1
3003,1544573658685,1
3003,1544573659020,1
3003,1544573659082,1
3003,1544573659233,1
3003,1544573659378,1
3003,1544573659486,1
3003,1544573659687,1
3003,1544573659691,1
3003,1544573660022,1
3003,1544573660085,1
3003,1544573660232,1
3003,1544573660382,1
3003,1544573660491,1
3003,1544573660692,1
3003,1544573660694,1
3003,1544573661023,1
3003,1544573661090,1
3003,1544573661232,1
3003,1544573661385,1
3003,1544573661494,1
3003,1544573661695,1
3003,1544573661697,1
3003,1544573662027,1
3003,1544573662093,1
3003,1544573662238,1
3003,1544573662391,1
3003,1544573662498,1
3003,1544573662700,1
3003,1544573662705,1
3003,1544573663031,1
3003,1544573663097,1
3003,1544573663241,1
3003,1544573663393,1
3003,1544573663499,1
3003,1544573663703,1
3003,1544573663704,1
3003,1544573664035,1
3003,1544573664100,1
3003,1544573664244,1
3003,1544573664400,1
3003,1544573664500,1
3003,1544573664704,1
3003,1544573664708,1
3003,1544573665040,1
3003,1544573665106,1
3003,1544573665248,1
3003,1544573665401,1
3003,1544573665502,1
3003,1544573665709,1
3003,1544573665710,1
3003,1544573666043,1
3003,1544573666109,1
3003,1544573666252,1
3003,1544573666406,1
3003,1544573666502,1
3003,1544573666713,1
3003,1544573666714,1
3003,1544573667045,1
3003,1544573667114,1
3003,1544573667256,1
3003,1544573667408,1
3003,1544573667506,1
3003,1544573667715,1
3003,1544573667715,1
3003,1544573668045,1
3003,1544573668118,1
3003,1544573668259,1
3003,1544573668408,1
3003,1544573668507,1
3003,1544573668717,1
3003,1544573668718,1
3003,1544573669050,1
3003,1544573669121,1
3003,1544573669263,1
3003,1544573669413,1
3003,1544573669510,1
3003,1544573669722,1
3003,1544573669724,1
3003,1544573670051,1
3003,1544573670126,1
3003,1544573670269,1
3003,1544573670417,1
3003,1544573670513,1
3003,1544573670725,1
3003,1544573670727,1
3003,1544573671053,1
3003,1544573671130,1
3003,1544573671271,1
3003,1544573671420,1
3003,1544573671513,1
3003,1544573671727,1
3003,1544573671728,1
3003,1544573672056,1
3003,1544573672133,1
3003,1544573672273,1
3003,1544573672424,1
3003,1544573672515,1
3003,1544573672729,1
3003,1544573672731,1
3003,1544573673056,1
3003,1544573673137,1
3003,1544573673273,1
3003,1544573673425,1
3003,1544573673520,1
3003,1544573673733,1
3003,1544573673735,1
3003,1544573674058,1
3003,1544573674138,1
3003,1544573674279,1
3003,1544573674432,1
3003,1544573674524,1
3003,1544573674736,1
3003,1544573674739,1
3003,1544573675062,1
3003,1544573675139,1
3003,1544573675281,1
3003,1544573675434,1
3003,1544573675528,1
3003,1544573675739,1
3003,1544573675741,1
3003,1544573676066,1
3003,1544573676145,1
3003,1544573676281,1
3003,1544573676441,1
3003,1544573676531,1
3003,1544573676748,1
3003,1544573676749,1
3003,1544573677071,1
3003,1544573677149,1
3003,1544573677285,1
3003,1544573677443,1
3003,1544573677536,1
3003,1544573677749,1
3003,1544573677751,1
3003,1544573678071,1
3003,1544573678153,1
3003,1544573678286,1
3003,1544573678450,1
3003,1544573678540,1
3003,1544573678748,1
3003,1544573678750,1
3003,1544573679075,1
3003,1544573679157,1
3003,1544573679286,1
3003,1544573679451,1
3003,1544573679544,1
3003,1544573679753,1
3003,1544573679755,1
3003,1544573680076,1
3003,1544573680159,1
3003,1544573680289,1
3003,1544573680457,1
3003,1544573680551,1
3003,1544573680755,1
3003,1544573680757,1
3003,1544573681081,1
3003,1544573681163,1
3003,1544573681289,1
3003,1544573681463,1
3003,1544573681550,1
3003,1544573681759,1
3003,1544573681763,1
3003,1544573682086,1
3003,1544573682165,1
3003,1544573682291,1
3003,1544573682468,1
3003,1544573682551,1
3003,1544573682764,1
3003,1544573682766,1
3003,1544573683089,1
3003,1544573683169,1
3003,1544573683291,1
3003,1544573683471,1
3003,1544573683554,1
3003,1544573683764,1
3003,1544573683766,1
3003,1544573684094,1
3003,1544573684171,1
3003,1544573684296,1
3003,1544573684474,1
3003,1544573684557,1
3003,1544573684765,1
3003,1544573684767,1
3003,1544573685097,1
3003,1544573685176,1
3003,1544573685299,1
3003,1544573685478,1
3003,1544573685560,1
3003,1544573685770,1
3003,1544573685772,1
3003,1544573686101,1
3003,1544573686178,1
3003,1544573686303,1
3003,1544573686475,1
3003,1544573686560,1
3003,1544573686774,1
3003,1544573686775,1
3003,1544573687105,1
3003,1544573687184,1
3003,1544573687308,1
3003,1544573687479,1
3003,1544573687563,1
3003,1544573687779,1
3003,1544573687781,1
3003,1544573688109,1
3003,1544573688187,1
3003,1544573688313,1
3003,1544573688483,1
3003,1544573688568,1
3003,1544573688782,1
3003,1544573688784,1
3003,1544573689113,1
3003,1544573689187,1
3003,1544573689316,1
3003,1544573689488,1
3003,1544573689572,1
3003,1544573689785,1
3003,1544573689788,1
3003,1544573690117,1
3003,1544573690188,1
3003,1544573690322,1
3003,1544573690493,1
3003,1544573690577,1
3003,1544573690788,1
3003,1544573690790,1
3003,1544573691118,1
3003,1544573691190,1
3003,1544573691323,1
3003,1544573691494,1
3003,1544573691577,1
3003,1544573691788,1
3003,1544573691793,1
3003,1544573692120,1
3003,1544573692195,1
3003,1544573692329,1
3003,1544573692499,1
3003,1544573692579,1
3003,1544573692791,1
3003,1544573692797,1
3003,1544573693125,1
3003,1544573693199,1
3003,1544573693328,1
3003,1544573693503,1
3003,1544573693583,1
3003,1544573693794,1
3003,1544573693801,1
3003,1544573694127,1
3003,1544573694201,1
3003,1544573694332,1
3003,1544573694509,1
3003,1544573694584,1
3003,1544573694799,1
3003,1544573694804,1
3003,1544573695131,1
3003,1544573695205,1
3003,1544573695338,1
3003,1544573695511,1
3003,1544573695589,1
3003,1544573695801,1
3003,1544573695805,1
3003,1544573696134,1
3003,1544573696207,1
3003,1544573696336,1
3003,1544573696515,1
3003,1544573696591,1
3003,1544573696804,1
3003,1544573696808,1
3003,1544573697134,1
3003,1544573697213,1
3003,1544573697335,1
3003,1544573697518,1
3003,1544573697593,1
3003,1544573697805,1
3003,1544573697810,1
3003,1544573698134,1
3003,1544573698215,1
3003,1544573698340,1
3003,1544573698523,1
3003,1544573698598,1
3003,1544573698808,1
3003,1544573698814,1
3003,1544573699137,1
3003,1544573699221,1
3003,1544573699344,1
3003,1544573699527,1
3003,1544573699601,1
3003,1544573699814,1
3003,1544573699817,1
3003,1544573700141,1
3003,1544573700224,1
3003,1544573700344,1
3003,1544573700532,1
3003,1544573700606,1
3003,1544573700818,1
3003,1544573700820,1
3003,1544573701145,1
3003,1544573701229,1
3003,1544573701343,1
3003,1544573701536,1
3003,1544573701610,1
3003,1544573701820,1
3003,1544573701822,1
3003,1544573702147,1
3003,1544573702234,1
3003,1544573702347,1
3003,1544573702539,1
3003,1544573702613,1
3003,1544573702824,1
3003,1544573702826,1
3003,1544573703151,1
3003,1544573703232,1
3003,1544573703349,1
3003,1544573703544,1
3003,1544573703618,1
3003,1544573703831,1
3003,1544573703831,1
3003,1544573704157,1
3003,1544573704235,1
3003,1544573704354,1
3003,1544573704547,1
3003,1544573704622,1
3003,1544573704833,1
3003,1544573704833,1
3003,1544573705157,1
3003,1544573705239,1
3003,1544573705355,1
3003,1544573705553,1
3003,1544573705621,1
3003,1544573705833,1
3003,1544573705836,1
3003,1544573706161,1
3003,1544573706239,1
3003,1544573706354,1
3003,1544573706556,1
3003,1544573706625,1
3003,1544573706834,1
3003,1544573706836,1
3003,1544573707163,1
3003,1544573707239,1
3003,1544573707356,1
3003,1544573707559,1
3003,1544573707629,1
3003,1544573707834,1
3003,1544573707836,1
3003,1544573708167,1
3003,1544573708245,1
3003,1544573708360,1
3003,1544573708562,1
3003,1544573708632,1
3003,1544573708839,1
3003,1544573708842,1
3003,1544573709171,1
3003,1544573709249,1
3003,1544573709361,1
3003,1544573709565,1
3003,1544573709637,1
3003,1544573709841,1
3003,1544573709843,1
3003,1544573710175,1
3003,1544573710254,1
3003,1544573710361,1
3003,1544573710571,1
3003,1544573710641,1
3003,1544573710840,1
3003,1544573710841,1
3003,1544573711175,1
3003,1544573711256,1
3003,1544573711365,1
3003,1544573711570,1
3003,1544573711643,1
3003,1544573711845,1
3003,1544573711847,1
3003,1544573712180,1
3003,1544573712259,1
3003,1544573712363,1
3003,1544573712573,1
3003,1544573712644,1
3003,1544573712850,1
3003,1544573712853,1
3003,1544573713180,1
3003,1544573713260,1
3003,1544573713367,1
3003,1544573713575,1
3003,1544573713647,1
3003,1544573713856,1
3003,1544573713859,1
3003,1544573714185,1
3003,1544573714264,1
3003,1544573714371,1
3003,1544573714577,1
3003,1544573714652,1
3003,1544573714857,1
3003,1544573714860,1
3003,1544573715185,1
3003,1544573715268,1
3003,1544573715377,1
3003,1544573715580,1
3003,1544573715656,1
3003,1544573715862,1
3003,1544573715864,1
3003,1544573716187,1
3003,1544573716271,1
3003,1544573716378,1
3003,1544573716584,1
3003,1544573716659,1
3003,1544573716866,1
3003,1544573716868,1
3003,1544573717191,1
3003,1544573717277,1
3003,1544573717383,1
3003,1544573717589,1
3003,1544573717663,1
3003,1544573717870,1
3003,1544573717874,1
3003,1544573718192,1
3003,1544573718278,1
3003,1544573718387,1
3003,1544573718592,1
3003,1544573718667,1
3003,1544573718876,1
3003,1544573718878,1
3003,1544573719194,1
3003,1544573719283,1
3003,1544573719388,1
3003,1544573719596,1
3003,1544573719671,1
3003,1544573719879,1
3003,1544573719881,1
3003,1544573720198,1
3003,1544573720288,1
3003,1544573720392,1
3003,1544573720601,1
3003,1544573720676,1
3003,1544573720882,1
3003,1544573720883,1
3003,1544573721199,1
3003,1544573721289,1
3003,1544573721390,1
3003,1544573721606,1
3003,1544573721679,1
3003,1544573721885,1
3003,1544573721887,1
3003,1544573722203,1
3003,1544573722291,1
3003,1544573722394,1
3003,1544573722611,1
3003,1544573722683,1
3003,1544573722890,1
3003,1544573722893,1
3003,1544573723206,1
3003,1544573723293,1
3003,1544573723400,1
3003,1544573723613,1
3003,1544573723684,1
3003,1544573723892,1
3003,1544573723895,1
3003,1544573724208,1
3003,1544573724298,1
3003,1544573724403,1
3003,1544573724617,1
3003,1544573724685,1
3003,1544573724895,1
3003,1544573724897,1
3003,1544573725213,1
3003,1544573725303,1
3003,1544573725406,1
3003,1544573725620,1
3003,1544573725686,1
3003,1544573725894,1
3003,1544573725896,1
3003,1544573726217,1
3003,1544573726306,1
3003,1544573726411,1
3003,1544573726625,1
3003,1544573726691,1
3003,1544573726899,1
3003,1544573726900,1
3003,1544573727217,1
3003,1544573727306,1
3003,1544573727414,1
3003,1544573727630,1
3003,1544573727696,1
3003,1544573727903,1
3003,1544573727904,1
3003,1544573728222,1
3003,1544573728309,1
3003,1544573728418,1
3003,1544573728634,1
3003,1544573728701,1
3003,1544573728902,1
3003,1544573728904,1
3003,1544573729223,1
3003,1544573729309,1
3003,1544573729423,1
3003,1544573729634,1
3003,1544573729706,1
3003,1544573729906,1
3003,1544573729909,1
3003,1544573730230,1
3003,1544573730314,1
3003,1544573730424,1
3003,1544573730640,1
3003,1544573730701,1
3003,1544573730909,1
3003,1544573730911,1
3003,1544573731231,1
3003,1544573731317,1
3003,1544573731424,1
3003,1544573731643,1
3003,1544573731703,1
3003,1544573731914,1
3003,1544573731916,1
3003,1544573732234,1
3003,1544573732323,1
3003,1544573732428,1
3003,1544573732646,1
3003,1544573732706,1
3003,1544573732917,1
3003,1544573732919,1
3003,1544573733239,1
3003,1544573733326,1
3003,1544573733430,1
3003,1544573733652,1
3003,1544573733711,1
3003,1544573733919,1
3003,1544573733921,1
3003,1544573734243,1
3003,1544573734333,1
3003,1544573734434,1
3003,1544573734656,1
3003,1544573734712,1
3003,1544573734919,1
3003,1544573734921,1
3003,1544573735247,1
3003,1544573735337,1
3003,1544573735438,1
3003,1544573735659,1
3003,1544573735713,1
3003,1544573735924,1
3003,1544573735926,1
3003,1544573736251,1
3003,1544573736341,1
3003,1544573736442,1
3003,1544573736661,1
3003,1544573736717,1
3003,1544573736929,1
3003,1544573736931,1
3003,1544573737255,1
3003,1544573737346,1
3003,1544573737445,1
3003,1544573737663,1
3003,1544573737722,1
3003,1544573737932,1
3003,1544573737935,1
3003,1544573738255,1
3003,1544573738348,1
3003,1544573738452,1
3003,1544573738667,1
3003,1544573738723,1
3003,1544573738937,1
3003,1544573738939,1
3003,1544573739258,1
3003,1544573739352,1
3003,1544573739456,1
3003,1544573739673,1
3003,1544573739729,1
3003,1544573739941,1
3003,1544573739944,1
3003,1544573740262,1
3003,1544573740351,1
3003,1544573740458,1
3003,1544573740676,1
3003,1544573740733,1
3003,1544573740943,1
3003,1544573740947,1
3003,1544573741265,1
3003,1544573741356,1
3003,1544573741457,1
3003,1544573741678,1
3003,1544573741737,1
3003,1544573741944,1
3003,1544573741946,1
3003,1544573742266,1
3003,1544573742359,1
3003,1544573742461,1
3003,1544573742680,1
3003,1544573742741,1
3003,1544573742947,1
3003,1544573742949,1
3003,1544573743266,1
3003,1544573743363,1
3003,1544573743462,1
3003,1544573743683,1
3003,1544573743746,1
3003,1544573743947,1
3003,1544573743949,1
3003,1544573744268,1
3003,1544573744366,1
3003,1544573744462,1
3003,1544573744682,1
3003,1544573744749,1
3003,1544573744952,1
3003,1544573744956,1
3003,1544573745270,1
3003,1544573745372,1
3003,1544573745466,1
3003,1544573745684,1
3003,1544573745754,1
3003,1544573745953,1
3003,1544573745955,1
3003,1544573746275,1
3003,1544573746376,1
3003,1544573746471,1
3003,1544573746688,1
3003,1544573746756,1
3003,1544573746959,1
3003,1544573746964,1
3003,1544573747279,1
3003,1544573747379,1
3003,1544573747476,1
3003,1544573747692,1
3003,1544573747757,1
3003,1544573747961,1
3003,1544573747963,1
3003,1544573748283,1
3003,1544573748383,1
3003,1544573748478,1
3003,1544573748697,1
3003,1544573748761,1
3003,1544573748966,1
3003,1544573748968,1
3003,1544573749286,1
3003,1544573749388,1
3003,1544573749479,1
3003,1544573749700,1
3003,1544573749763,1
3003,1544573749970,1
3003,1544573749973,1
3003,1544573750287,1
3003,1544573750388,1
3003,1544573750484,1
3003,1544573750705,1
3003,1544573750768,1
3003,1544573750972,1
3003,1544573750974,1
3003,1544573751290,1
3003,1544573751387,1
3003,1544573751486,1
3003,1544573751708,1
3003,1544573751769,1
3003,1544573751979,1
3003,1544573751981,1
3003,1544573752293,1
3003,1544573752387,1
3003,1544573752489,1
3003,1544573752712,1
3003,1544573752771,1
3003,1544573752980,1
3003,1544573752982,1
3003,1544573753297,1
3003,1544573753389,1
3003,1544573753494,1
3003,1544573753716,1
3003,1544573753770,1
3003,1544573753985,1
3003,1544573753986,1
3003,1544573754301,1
3003,1544573754393,1
3003,1544573754496,1
3003,1544573754722,1
3003,1544573754774,1
3003,1544573754989,1
3003,1544573754991,1
3003,1544573755304,1
3003,1544573755397,1
3003,1544573755502,1
3003,1544573755726,1
3003,1544573755775,1
3003,1544573755989,1
3003,1544573755992,1
3003,1544573756308,1
3003,1544573756400,1
3003,1544573756505,1
3003,1544573756729,1
3003,1544573756778,1
3003,1544573756995,1
3003,1544573756996,1
3003,1544573757308,1
3003,1544573757403,1
3003,1544573757508,1
3003,1544573757730,1
3003,1544573757781,1
3003,1544573757997,1
3003,1544573757999,1
3003,1544573758311,1
3003,1544573758406,1
3003,1544573758511,1
3003,1544573758729,1
3003,1544573758783,1
3003,1544573759001,1
3003,1544573759003,1
3003,1544573759312,1
3003,1544573759410,1
3003,1544573759514,1
3003,1544573759734,1
3003,1544573759784,1
3003,1544573760005,1
3003,1544573760005,1
3003,1544573760314,1
3003,1544573760411,1
3003,1544573760519,1
3003,1544573760741,1
3003,1544573760787,1
3003,1544573761008,1
3003,1544573761010,1
3003,1544573761313,1
3003,1544573761416,1
3003,1544573761520,1
3003,1544573761745,1
3003,1544573761789,1
3003,1544573762009,1
3003,1544573762011,1
3003,1544573762313,1
3003,1544573762420,1
3003,1544573762523,1
3003,1544573762747,1
3003,1544573762788,1
3003,1544573763010,1
3003,1544573763012,1
3003,1544573763317,1
3003,1544573763424,1
3003,1544573763528,1
3003,1544573763750,1
3003,1544573763792,1
3003,1544573764009,1
3003,1544573764011,1
3003,1544573764320,1
3003,1544573764428,1
3003,1544573764532,1
3003,1544573764753,1
3003,1544573764793,1
3003,1544573765011,1
3003,1544573765014,1
3003,1544573765321,1
3003,1544573765434,1
3003,1544573765536,1
3003,1544573765756,1
3003,1544573765794,1
3003,1544573766010,1
3003,1544573766011,1
3003,1544573766326,1
3003,1544573766434,1
3003,1544573766540,1
3003,1544573766760,1
3003,1544573766795,1
3003,1544573767012,1
3003,1544573767013,1
3003,1544573767326,1
3003,1544573767435,1
3003,1544573767541,1
3003,1544573767762,1
3003,1544573767799,1
3003,1544573768013,1
3003,1544573768014,1
3003,1544573768328,1
3003,1544573768436,1
3003,1544573768545,1
3003,1544573768762,1
3003,1544573768805,1
3003,1544573769011,1
3003,1544573769013,1
3003,1544573769329,1
3003,1544573769439,1
3003,1544573769546,1
3003,1544573769764,1
3003,1544573769809,1
3003,1544573770011,1
3003,1544573770013,1
3003,1544573770331,1
3003,1544573770444,1
3003,1544573770550,1
3003,1544573770769,1
3003,1544573770814,1
3003,1544573771011,1
3003,1544573771013,1
3003,1544573771332,1
3003,1544573771447,1
3003,1544573771549,1
3003,1544573771774,1
3003,1544573771818,1
3003,1544573772012,1
3003,1544573772013,1
3003,1544573772338,1
3003,1544573772447,1
3003,1544573772551,1
3003,1544573772776,1
3003,1544573772820,1
3003,1544573773012,1
3003,1544573773015,1
3003,1544573773340,1
3003,1544573773450,1
3003,1544573773555,1
3003,1544573773779,1
3003,1544573773825,1
3003,1544573774015,1
3003,1544573774016,1
3003,1544573774342,1
3003,1544573774454,1
3003,1544573774559,1
3003,1544573774779,1
3003,1544573774824,1
3003,1544573775016,1
3003,1544573775017,1
3003,1544573775345,1
3003,1544573775458,1
3003,1544573775563,1
3003,1544573775784,1
3003,1544573775825,1
3003,1544573776015,1
3003,1544573776017,1
3003,1544573776347,1
3003,1544573776463,1
3003,1544573776563,1
3003,1544573776785,1
3003,1544573776828,1
3003,1544573777015,1
3003,1544573777016,1
3003,1544573777348,1
3003,1544573777461,1
3003,1544573777566,1
3003,1544573777784,1
3003,1544573777831,1
3003,1544573778015,1
3003,1544573778017,1
3003,1544573778352,1
3003,1544573778464,1
3003,1544573778572,1
3003,1544573778789,1
3003,1544573778831,1
3003,1544573779018,1
3003,1544573779020,1
3003,1544573779355,1
3003,1544573779469,1
3003,1544573779576,1
3003,1544573779794,1
3003,1544573779834,1
3003,1544573780019,1
3003,1544573780023,1
3003,1544573780355,1
3003,1544573780473,1
3003,1544573780580,1
3003,1544573780797,1
3003,1544573780838,1
3003,1544573781023,1
3003,1544573781025,1
3003,1544573781359,1
3003,1544573781476,1
3003,1544573781584,1
3003,1544573781801,1
3003,1544573781841,1
3003,1544573782025,1
3003,1544573782027,1
3003,1544573782362,1
3003,1544573782479,1
3003,1544573782588,1
3003,1544573782808,1
3003,1544573782845,1
3003,1544573783030,1
3003,1544573783031,1
3003,1544573783366,1
3003,1544573783485,1
3003,1544573783592,1
3003,1544573783809,1
3003,1544573783847,1
3003,1544573784033,1
3003,1544573784035,1
3003,1544573784369,1
3003,1544573784488,1
3003,1544573784593,1
3003,1544573784814,1
3003,1544573784852,1
3003,1544573785037,1
3003,1544573785039,1
3003,1544573785371,1
3003,1544573785492,1
3003,1544573785598,1
3003,1544573785815,1
3003,1544573785856,1
3003,1544573786035,1
3003,1544573786036,1
3003,1544573786374,1
3003,1544573786496,1
3003,1544573786600,1
3003,1544573786820,1
3003,1544573786857,1
3003,1544573787041,1
3003,1544573787042,1
3003,1544573787376,1
3003,1544573787501,1
3003,1544573787600,1
3003,1544573787825,1
3003,1544573787861,1
3003,1544573788044,1
3003,1544573788045,1
3003,1544573788380,1
3003,1544573788505,1
3003,1544573788601,1
3003,1544573788827,1
3003,1544573788868,1
3003,1544573789045,1
3003,1544573789047,1
3003,1544573789382,1
3003,1544573789508,1
3003,1544573789605,1
3003,1544573789830,1
3003,1544573789869,1
3003,1544573790048,1
3003,1544573790049,1
3003,1544573790382,1
3003,1544573790512,1
3003,1544573790607,1
3003,1544573790831,1
3003,1544573790872,1
3003,1544573791053,1
3003,1544573791055,1
3003,1544573791386,1
3003,1544573791513,1
3003,1544573791610,1
3003,1544573791835,1
3003,1544573791878,1
3003,1544573792058,1
3003,1544573792060,1
3003,1544573792389,1
3003,1544573792518,1
3003,1544573792613,1
3003,1544573792837,1
3003,1544573792879,1
3003,1544573793058,1
3003,1544573793060,1
3003,1544573793393,1
3003,1544573793518,1
3003,1544573793618,1
3003,1544573793836,1
3003,1544573793883,1
3003,1544573794064,1
3003,1544573794068,1
3003,1544573794396,1
3003,1544573794519,1
3003,1544573794622,1
3003,1544573794841,1
3003,1544573794887,1
3003,1544573795070,1
3003,1544573795072,1
3003,1544573795397,1
3003,1544573795521,1
3003,1544573795623,1
3003,1544573795844,1
3003,1544573795890,1
3003,1544573796074,1
3003,1544573796076,1
3003,1544573796397,1
3003,1544573796526,1
3003,1544573796627,1
3003,1544573796850,1
3003,1544573796895,1
3003,1544573797077,1
3003,1544573797078,1
3003,1544573797400,1
3003,1544573797529,1
3003,1544573797631,1
3003,1544573797855,1
3003,1544573797894,1
3003,1544573798081,1
3003,1544573798083,1
3003,1544573798404,1
3003,1544573798533,1
3003,1544573798636,1
3003,1544573798859,1
3003,1544573798897,1
3003,1544573799080,1
3003,1544573799086,1
3003,1544573799407,1
3003,1544573799537,1
3003,1544573799638,1
3003,1544573799862,1
3003,1544573799901,1
3003,1544573800082,1
3003,1544573800083,1
3003,1544573800413,1
3003,1544573800540,1
3003,1544573800643,1
3003,1544573800866,1
3003,1544573800902,1
3003,1544573801085,1
3003,1544573801087,1
3003,1544573801415,1
3003,1544573801546,1
3003,1544573801647,1
3003,1544573801870,1
3003,1544573801905,1
3003,1544573802087,1
3003,1544573802090,1
3003,1544573802420,1
3003,1544573802551,1
3003,1544573802650,1
3003,1544573802868,1
3003,1544573802908,1
3003,1544573803090,1
3003,1544573803091,1
3003,1544573803423,1
3003,1544573803554,1
3003,1544573803656,1
3003,1544573803873,1
3003,1544573803912,1
3003,1544573804095,1
3003,1544573804098,1
3003,1544573804428,1
3003,1544573804558,1
3003,1544573804659,1
3003,1544573804876,1
3003,1544573804915,1
3003,1544573805095,1
3003,1544573805097,1
3003,1544573805431,1
3003,1544573805562,1
3003,1544573805662,1
3003,1544573805879,1
3003,1544573805916,1
3003,1544573806097,1
3003,1544573806099,1
3003,1544573806436,1
3003,1544573806566,1
3003,1544573806664,1
3003,1544573806881,1
3003,1544573806918,1
3003,1544573807102,1
3003,1544573807103,1
3003,1544573807440,1
3003,1544573807570,1
3003,1544573807666,1
3003,1544573807884,1
3003,1544573807922,1
3003,1544573808104,1
3003,1544573808106,1
3003,1544573808445,1
3003,1544573808573,1
3003,1544573808669,1
3003,1544573808883,1
3003,1544573808925,1
3003,1544573809111,1
3003,1544573809113,1
3003,1544573809447,1
3003,1544573809578,1
3003,1544573809671,1
3003,1544573809882,1
3003,1544573809926,1
3003,1544573810113,1
3003,1544573810117,1
3003,1544573810452,1
3003,1544573810581,1
3003,1544573810678,1
3003,1544573810881,1
3003,1544573810929,1
3003,1544573811118,1
3003,1544573811120,1
3003,1544573811456,1
3003,1544573811586,1
3003,1544573811681,1
3003,1544573811883,1
3003,1544573811933,1
3003,1544573812121,1
3003,1544573812124,1
3003,1544573812462,1
3003,1544573812591,1
3003,1544573812688,1
3003,1544573812884,1
3003,1544573812934,1
3003,1544573813124,1
3003,1544573813126,1
3003,1544573813468,1
3003,1544573813591,1
3003,1544573813696,1
3003,1544573813892,1
3003,1544573813934,1
3003,1544573814127,1
3003,1544573814130,1
3003,1544573814464,1
3003,1544573814595,1
3003,1544573814690,1
3003,1544573814889,1
3003,1544573814940,1
3003,1544573815132,1
3003,1544573815134,1
3003,1544573815467,1
3003,1544573815598,1
3003,1544573815692,1
3003,1544573815894,1
3003,1544573815943,1
3003,1544573816132,1
3003,1544573816135,1
3003,1544573816470,1
3003,1544573816601,1
3003,1544573816696,1
3003,1544573816896,1
3003,1544573816948,1
3003,1544573817137,1
3003,1544573817138,1
3003,1544573817475,1
3003,1544573817606,1
3003,1544573817701,1
3003,1544573817899,1
3003,1544573817954,1
3003,1544573818141,1
3003,1544573818144,1
3003,1544573818478,1
3003,1544573818609,1
3003,1544573818704,1
3003,1544573818907,1
3003,1544573818953,1
3003,1544573819145,1
3003,1544573819147,1
3003,1544573819484,1
3003,1544573819613,1
3003,1544573819709,1
3003,1544573819908,1
3003,1544573819957,1
3003,1544573820147,1
3003,1544573820148,1
3003,1544573820488,1
3003,1544573820616,1
3003,1544573820713,1
3003,1544573820911,1
3003,1544573820959,1
3003,1544573821152,1
3003,1544573821153,1
3003,1544573821492,1
3003,1544573821618,1
3003,1544573821718,1
3003,1544573821917,1
3003,1544573821963,1
3003,1544573822156,1
3003,1544573822158,1
3003,1544573822493,1
3003,1544573822621,1
3003,1544573822721,1
3003,1544573822922,1
3003,1544573822968,1
3003,1544573823160,1
3003,1544573823162,1
3003,1544573823494,1
3003,1544573823626,1
3003,1544573823724,1
3003,1544573823924,1
3003,1544573823973,1
3003,1544573824164,1
3003,1544573824166,1
3003,1544573824499,1
3003,1544573824629,1
3003,1544573824730,1
3003,1544573824927,1
3003,1544573824977,1
3003,1544573825166,1
3003,1544573825168,1
3003,1544573825503,1
3003,1544573825630,1
3003,1544573825735,1
3003,1544573825933,1
3003,1544573825980,1
3003,1544573826166,1
3003,1544573826169,1
3003,1544573826507,1
3003,1544573826635,1
3003,1544573826737,1
3003,1544573826936,1
3003,1544573826985,1
3003,1544573827167,1
3003,1544573827173,1
3003,1544573827510,1
3003,1544573827637,1
3003,1544573827739,1
3003,1544573827939,1
3003,1544573827985,1
3003,1544573828170,1
3003,1544573828175,1
3003,1544573828513,1
3003,1544573828637,1
3003,1544573828743,1
3003,1544573828947,1
3003,1544573828989,1
3003,1544573829172,1
3003,1544573829179,1
3003,1544573829515,1
3003,1544573829642,1
3003,1544573829746,1
3003,1544573829949,1
3003,1544573829991,1
3003,1544573830177,1
3003,1544573830184,1
3003,1544573830520,1
3003,1544573830647,1
3003,1544573830752,1
3003,1544573830951,1
3003,1544573830995,1
3003,1544573831181,1
3003,1544573831187,1
3003,1544573831523,1
3003,1544573831650,1
3003,1544573831754,1
3003,1544573831951,1
3003,1544573832002,1
3003,1544573832186,1
3003,1544573832190,1
3003,1544573832523,1
3003,1544573832652,1
3003,1544573832759,1
3003,1544573832954,1
3003,1544573833004,1
3003,1544573833186,1
3003,1544573833191,1
3003,1544573833527,1
3003,1544573833657,1
3003,1544573833762,1
3003,1544573833960,1
3003,1544573834004,1
3003,1544573834188,1
3003,1544573834194,1
3003,1544573834530,1
3003,1544573834663,1
3003,1544573834765,1
3003,1544573834961,1
3003,1544573835007,1
3003,1544573835190,1
3003,1544573835196,1
3003,1544573835532,1
3003,1544573835666,1
3003,1544573835769,1
3003,1544573835967,1
3003,1544573836007,1
3003,1544573836193,1
3003,1544573836200,1
3003,1544573836533,1
3003,1544573836670,1
3003,1544573836772,1
3003,1544573836972,1
3003,1544573837007,1
3003,1544573837199,1
3003,1544573837205,1
3003,1544573837536,1
3003,1544573837675,1
3003,1544573837775,1
3003,1544573837975,1
3003,1544573838009,1
3003,1544573838203,1
3003,1544573838207,1
3003,1544573838541,1
3003,1544573838678,1
3003,1544573838780,1
3003,1544573838979,1
3003,1544573839008,1
3003,1544573839205,1
3003,1544573839208,1
3003,1544573839545,1
3003,1544573839682,1
3003,1544573839782,1
3003,1544573839985,1
3003,1544573840008,1
3003,1544573840206,1
3003,1544573840211,1
3003,1544573840548,1
3003,1544573840686,1
3003,1544573840785,1
3003,1544573840988,1
3003,1544573841009,1
3003,1544573841209,1
3003,1544573841211,1
3003,1544573841549,1
3003,1544573841686,1
3003,1544573841789,1
3003,1544573841992,1
3003,1544573842009,1
3003,1544573842212,1
3003,1544573842214,1
3003,1544573842548,1
3003,1544573842687,1
3003,1544573842793,1
3003,1544573842991,1
3003,1544573843011,1
3003,1544573843217,1
3003,1544573843219,1
3003,1544573843551,1
3003,1544573843692,1
3003,1544573843796,1
3003,1544573843995,1
3003,1544573844011,1
3003,1544573844217,1
3003,1544573844219,1
3003,1544573844552,1
3003,1544573844697,1
3003,1544573844801,1
3003,1544573844997,1
3003,1544573845013,1
3003,1544573845220,1
3003,1544573845223,1
3003,1544573845554,1
3003,1544573845701,1
3003,1544573845803,1
3003,1544573846003,1
3003,1544573846015,1
3003,1544573846224,1
3003,1544573846226,1
3003,1544573846557,1
3003,1544573846704,1
3003,1544573846805,1
3003,1544573847002,1
3003,1544573847017,1
3003,1544573847225,1
3003,1544573847226,1
3003,1544573847560,1
3003,1544573847709,1
3003,1544573847809,1
3003,1544573848001,1
3003,1544573848014,1
3003,1544573848225,1
3003,1544573848227,1
3003,1544573848563,1
3003,1544573848715,1
3003,1544573848814,1
3003,1544573849009,1
3003,1544573849015,1
3003,1544573849234,1
3003,1544573849234,1
3003,1544573849565,1
3003,1544573849717,1
3003,1544573849818,1
3003,1544573850011,1
3003,1544573850015,1
3003,1544573850234,1
3003,1544573850236,1
3003,1544573850569,1
3003,1544573850721,1
3003,1544573850822,1
3003,1544573851013,1
3003,1544573851015,1
3003,1544573851235,1
3003,1544573851236,1
3003,1544573851573,1
3003,1544573851726,1
3003,1544573851822,1
3003,1544573852016,1
3003,1544573852021,1
3003,1544573852238,1
3003,1544573852241,1
3003,1544573852575,1
3003,1544573852730,1
3003,1544573852824,1
3003,1544573853017,1
3003,1544573853023,1
3003,1544573853238,1
3003,1544573853239,1
3003,1544573853579,1
3003,1544573853734,1
3003,1544573853829,1
3003,1544573854020,1
3003,1544573854025,1
3003,1544573854241,1
3003,1544573854243,1
3003,1544573854583,1
3003,1544573854735,1
3003,1544573854835,1
3003,1544573855023,1
3003,1544573855030,1
3003,1544573855245,1
3003,1544573855247,1
3003,1544573855587,1
3003,1544573855741,1
3003,1544573855839,1
3003,1544573856024,1
3003,1544573856029,1
3003,1544573856248,1
3003,1544573856250,1
3003,1544573856592,1
3003,1544573856745,1
3003,1544573856839,1
3003,1544573857024,1
3003,1544573857030,1
3003,1544573857253,1
3003,1544573857255,1
3003,1544573857596,1
3003,1544573857749,1
3003,1544573857841,1
3003,1544573858027,1
3003,1544573858033,1
3003,1544573858255,1
3003,1544573858258,1
3003,1544573858599,1
3003,1544573858753,1
3003,1544573858845,1
3003,1544573859032,1
3003,1544573859039,1
3003,1544573859260,1
3003,1544573859262,1
3003,1544573859602,1
3003,1544573859757,1
3003,1544573859847,1
3003,1544573860036,1
3003,1544573860043,1
3003,1544573860264,1
3003,1544573860266,1
3003,1544573860605,1
3003,1544573860761,1
3003,1544573860851,1
3003,1544573861038,1
3003,1544573861041,1
3003,1544573861268,1
3003,1544573861269,1
3003,1544573861605,1
3003,1544573861765,1
3003,1544573861855,1
3003,1544573862041,1
3003,1544573862043,1
3003,1544573862271,1
3003,1544573862273,1
3003,1544573862609,1
3003,1544573862769,1
3003,1544573862860,1
3003,1544573863047,1
3003,1544573863048,1
3003,1544573863277,1
3003,1544573863280,1
3003,1544573863614,1
3003,1544573863771,1
3003,1544573863866,1
3003,1544573864050,1
3003,1544573864051,1
3003,1544573864277,1
3003,1544573864280,1
3003,1544573864617,1
3003,1544573864771,1
3003,1544573864870,1
3003,1544573865054,1
3003,1544573865055,1
3003,1544573865278,1
3003,1544573865280,1
3003,1544573865622,1
3003,1544573865774,1
3003,1544573865874,1
3003,1544573866058,1
3003,1544573866061,1
3003,1544573866284,1
3003,1544573866285,1
3003,1544573866626,1
3003,1544573866774,1
3003,1544573866877,1
3003,1544573867061,1
3003,1544573867062,1
3003,1544573867286,1
3003,1544573867288,1
3003,1544573867631,1
3003,1544573867776,1
3003,1544573867881,1
3003,1544573868066,1
3003,1544573868069,1
3003,1544573868291,1
3003,1544573868294,1
3003,1544573868634,1
3003,1544573868780,1
3003,1544573868886,1
3003,1544573869069,1
3003,1544573869072,1
3003,1544573869293,1
3003,1544573869295,1
3003,1544573869638,1
3003,1544573869784,1
3003,1544573869890,1
3003,1544573870070,1
3003,1544573870075,1
3003,1544573870297,1
3003,1544573870302,1
3003,1544573870642,1
3003,1544573870785,1
3003,1544573870894,1
3003,1544573871074,1
3003,1544573871080,1
3003,1544573871303,1
3003,1544573871305,1
3003,1544573871645,1
3003,1544573871787,1
3003,1544573871894,1
3003,1544573872078,1
3003,1544573872084,1
3003,1544573872306,1
3003,1544573872308,1
3003,1544573872649,1
3003,1544573872789,1
3003,1544573872895,1
3003,1544573873082,1
3003,1544573873087,1
3003,1544573873312,1
3003,1544573873314,1
3003,1544573873653,1
3003,1544573873791,1
3003,1544573873900,1
3003,1544573874087,1
3003,1544573874093,1
