3005,1544984040661,1
3005,1544984041664,1
3005,1544984042235,1
3005,1544984042668,1
3005,1544984043238,1
3005,1544984043669,1
3005,1544984043783,1
3005,1544984044238,1
3005,1544984044679,1
3005,1544984044782,1
3005,1544984045237,1
3005,1544984045306,1
3005,1544984045673,1
3005,1544984045789,1
3005,1544984046237,1
3005,1544984046307,1
3005,1544984046673,1
3005,1544984046793,1
3005,1544984046898,1
3005,1544984047241,1
3005,1544984047314,1
3005,1544984047678,1
3005,1544984047783,1
3005,1544984047899,1
3005,1544984048240,1
3005,1544984048311,1
3005,1544984048677,1
3005,1544984048788,1
3005,1544984048900,1
3005,1544984049239,1
3005,1544984049309,1
3005,1544984049682,1
3005,1544984049791,1
3005,1544984049901,1
3005,1544984050246,1
3005,1544984050309,1
3005,1544984050684,1
3005,1544984050799,1
3005,1544984050905,1
3005,1544984051250,1
3005,1544984051314,1
3005,1544984051685,1
3005,1544984051801,1
3005,1544984051904,1
3005,1544984052251,1
3005,1544984052318,1
3005,1544984052688,1
3005,1544984052796,1
3005,1544984052905,1
3005,1544984053257,1
3005,1544984053329,1
3005,1544984053693,1
3005,1544984053803,1
3005,1544984053906,1
3005,1544984054255,1
3005,1544984054317,1
3005,1544984054729,1
3005,1544984054823,1
3005,1544984054919,1
3005,1544984055256,1
3005,1544984055323,1
3005,1544984055699,1
3005,1544984055811,1
3005,1544984055917,1
3005,1544984056258,1
3005,1544984056325,1
3005,1544984056702,1
3005,1544984056816,1
3005,1544984056916,1
3005,1544984057263,1
3005,1544984057325,1
3005,1544984057706,1
3005,1544984057818,1
3005,1544984057919,1
3005,1544984058267,1
3005,1544984058331,1
3005,1544984058708,1
3005,1544984058818,1
3005,1544984058927,1
3005,1544984059268,1
3005,1544984059329,1
3005,1544984059713,1
3005,1544984059823,1
3005,1544984059926,1
3005,1544984060271,1
3005,1544984060326,1
3005,1544984060713,1
3005,1544984060825,1
3005,1544984060933,1
3005,1544984061278,1
3005,1544984061333,1
3005,1544984061716,1
3005,1544984061826,1
3005,1544984061930,1
3005,1544984062280,1
3005,1544984062334,1
3005,1544984062715,1
3005,1544984062828,1
3005,1544984062932,1
3005,1544984063275,1
3005,1544984063333,1
3005,1544984063718,1
3005,1544984063836,1
3005,1544984063935,1
3005,1544984064279,1
3005,1544984064338,1
3005,1544984064724,1
3005,1544984064836,1
3005,1544984064939,1
3005,1544984065281,1
3005,1544984065339,1
3005,1544984065724,1
3005,1544984065836,1
3005,1544984065940,1
3005,1544984066282,1
3005,1544984066342,1
3005,1544984066721,1
3005,1544984066836,1
3005,1544984066949,1
3005,1544984067286,1
3005,1544984067343,1
3005,1544984067729,1
3005,1544984067838,1
3005,1544984067947,1
3005,1544984068283,1
3005,1544984068354,1
3005,1544984068730,1
3005,1544984068842,1
3005,1544984068949,1
3005,1544984069290,1
3005,1544984069352,1
3005,1544984069729,1
3005,1544984069848,1
3005,1544984069952,1
3005,1544984070294,1
3005,1544984070350,1
3005,1544984070733,1
3005,1544984070859,1
3005,1544984070952,1
3005,1544984071297,1
3005,1544984071357,1
3005,1544984071737,1
3005,1544984071854,1
3005,1544984071967,1
3005,1544984072303,1
3005,1544984072364,1
3005,1544984072737,1
3005,1544984072887,1
3005,1544984072976,1
3005,1544984073297,1
3005,1544984073370,1
3005,1544984073743,1
3005,1544984073858,1
3005,1544984073958,1
3005,1544984074302,1
3005,1544984074376,1
3005,1544984074756,1
3005,1544984074864,1
3005,1544984074959,1
3005,1544984075301,1
3005,1544984075377,1
3005,1544984075749,1
3005,1544984075865,1
3005,1544984076017,1
3005,1544984076308,1
3005,1544984076367,1
3005,1544984076751,1
3005,1544984076866,1
3005,1544984076965,1
3005,1544984077306,1
3005,1544984077373,1
3005,1544984077752,1
3005,1544984077869,1
3005,1544984077969,1
3005,1544984078306,1
3005,1544984078378,1
3005,1544984078756,1
3005,1544984078868,1
3005,1544984078973,1
3005,1544984079311,1
3005,1544984079375,1
3005,1544984079759,1
3005,1544984079872,1
3005,1544984079977,1
3005,1544984080311,1
3005,1544984080376,1
3005,1544984080762,1
3005,1544984080874,1
3005,1544984080975,1
3005,1544984081319,1
3005,1544984081379,1
3005,1544984081760,1
3005,1544984081877,1
3005,1544984081981,1
3005,1544984082321,1
3005,1544984082382,1
3005,1544984082766,1
3005,1544984082880,1
3005,1544984082975,1
3005,1544984083322,1
3005,1544984083389,1
3005,1544984083769,1
3005,1544984083888,1
3005,1544984083982,1
3005,1544984084321,1
3005,1544984084391,1
3005,1544984084772,1
3005,1544984084892,1
3005,1544984084984,1
3005,1544984085321,1
3005,1544984085393,1
3005,1544984085781,1
3005,1544984085901,1
3005,1544984085989,1
3005,1544984086327,1
3005,1544984086396,1
3005,1544984086782,1
3005,1544984086897,1
3005,1544984087003,1
3005,1544984087327,1
3005,1544984087402,1
3005,1544984087783,1
3005,1544984087898,1
3005,1544984087997,1
3005,1544984088331,1
3005,1544984088410,1
3005,1544984088783,1
3005,1544984088918,1
3005,1544984089001,1
3005,1544984089336,1
3005,1544984089406,1
3005,1544984089785,1
3005,1544984089905,1
3005,1544984090002,1
3005,1544984090335,1
3005,1544984090408,1
3005,1544984090786,1
3005,1544984090915,1
3005,1544984091005,1
3005,1544984091335,1
3005,1544984091408,1
3005,1544984091790,1
3005,1544984091917,1
3005,1544984092005,1
3005,1544984092343,1
3005,1544984092411,1
3005,1544984092794,1
3005,1544984092916,1
3005,1544984093010,1
3005,1544984093342,1
3005,1544984093419,1
3005,1544984093794,1
3005,1544984093916,1
3005,1544984094006,1
3005,1544984094345,1
3005,1544984094424,1
3005,1544984094800,1
3005,1544984094919,1
3005,1544984095010,1
3005,1544984095347,1
3005,1544984095423,1
3005,1544984095802,1
3005,1544984095923,1
3005,1544984096008,1
3005,1544984096357,1
3005,1544984096432,1
3005,1544984096808,1
3005,1544984096925,1
3005,1544984097016,1
3005,1544984097355,1
3005,1544984097425,1
3005,1544984097811,1
3005,1544984097928,1
3005,1544984098016,1
3005,1544984098360,1
3005,1544984098435,1
3005,1544984098810,1
3005,1544984098932,1
3005,1544984099018,1
3005,1544984099367,1
3005,1544984099439,1
3005,1544984099818,1
3005,1544984099933,1
3005,1544984100027,1
3005,1544984100364,1
3005,1544984100440,1
3005,1544984100816,1
3005,1544984100933,1
3005,1544984101025,1
3005,1544984101367,1
3005,1544984101438,1
3005,1544984101818,1
3005,1544984101937,1
3005,1544984102035,1
3005,1544984102369,1
3005,1544984102440,1
3005,1544984102826,1
3005,1544984102936,1
3005,1544984103028,1
3005,1544984103376,1
3005,1544984103447,1
3005,1544984103828,1
3005,1544984103939,1
3005,1544984104029,1
3005,1544984104381,1
3005,1544984104448,1
3005,1544984104827,1
3005,1544984104935,1
3005,1544984105039,1
3005,1544984105382,1
3005,1544984105448,1
3005,1544984105832,1
3005,1544984105945,1
3005,1544984106038,1
3005,1544984106381,1
3005,1544984106449,1
3005,1544984106829,1
3005,1544984106943,1
3005,1544984107040,1
3005,1544984107380,1
3005,1544984107460,1
3005,1544984107830,1
3005,1544984107950,1
3005,1544984108043,1
3005,1544984108385,1
3005,1544984108461,1
3005,1544984108831,1
3005,1544984108951,1
3005,1544984109042,1
3005,1544984109387,1
3005,1544984109460,1
3005,1544984109830,1
3005,1544984109954,1
3005,1544984110045,1
3005,1544984110389,1
3005,1544984110462,1
3005,1544984110836,1
3005,1544984110967,1
3005,1544984111047,1
3005,1544984111393,1
3005,1544984111470,1
3005,1544984111836,1
3005,1544984112041,1
3005,1544984112071,1
3005,1544984112390,1
3005,1544984112469,1
3005,1544984112836,1
3005,1544984112965,1
3005,1544984113068,1
3005,1544984113397,1
3005,1544984113469,1
3005,1544984113842,1
3005,1544984113966,1
3005,1544984114048,1
3005,1544984114403,1
3005,1544984114478,1
3005,1544984114848,1
3005,1544984114972,1
3005,1544984115046,1
3005,1544984115401,1
3005,1544984115471,1
3005,1544984115853,1
3005,1544984115973,1
3005,1544984116052,1
3005,1544984116404,1
3005,1544984116474,1
3005,1544984116852,1
3005,1544984116976,1
3005,1544984117059,1
3005,1544984117409,1
3005,1544984117480,1
3005,1544984117858,1
3005,1544984117975,1
3005,1544984118052,1
3005,1544984118414,1
3005,1544984118479,1
3005,1544984118860,1
3005,1544984118980,1
3005,1544984119058,1
3005,1544984119412,1
3005,1544984119484,1
3005,1544984119861,1
3005,1544984119984,1
3005,1544984120059,1
3005,1544984120415,1
3005,1544984120488,1
3005,1544984120864,1
3005,1544984120984,1
3005,1544984121062,1
3005,1544984121422,1
3005,1544984121498,1
3005,1544984121865,1
3005,1544984121987,1
3005,1544984122066,1
3005,1544984122415,1
3005,1544984122519,1
3005,1544984122863,1
3005,1544984122986,1
3005,1544984123070,1
3005,1544984123416,1
3005,1544984123496,1
3005,1544984123863,1
3005,1544984123989,1
3005,1544984124072,1
3005,1544984124420,1
3005,1544984124507,1
3005,1544984124865,1
3005,1544984124992,1
3005,1544984125076,1
3005,1544984125424,1
3005,1544984125504,1
3005,1544984125871,1
3005,1544984125997,1
3005,1544984126083,1
3005,1544984126427,1
3005,1544984126506,1
3005,1544984126875,1
3005,1544984126999,1
3005,1544984127085,1
3005,1544984127433,1
3005,1544984127514,1
3005,1544984127875,1
3005,1544984128007,1
3005,1544984128085,1
3005,1544984128439,1
3005,1544984128515,1
3005,1544984128877,1
3005,1544984129000,1
3005,1544984129089,1
3005,1544984129451,1
3005,1544984129525,1
3005,1544984129877,1
3005,1544984130003,1
3005,1544984130089,1
3005,1544984130444,1
3005,1544984130530,1
3005,1544984130880,1
3005,1544984131004,1
3005,1544984131096,1
3005,1544984131449,1
3005,1544984131525,1
3005,1544984131890,1
3005,1544984132009,1
3005,1544984132104,1
3005,1544984132455,1
3005,1544984132531,1
3005,1544984132887,1
3005,1544984133008,1
3005,1544984133102,1
3005,1544984133460,1
3005,1544984133530,1
3005,1544984133891,1
3005,1544984134016,1
3005,1544984134102,1
3005,1544984134461,1
3005,1544984134538,1
3005,1544984134895,1
3005,1544984135020,1
3005,1544984135106,1
3005,1544984135462,1
3005,1544984135535,1
3005,1544984135900,1
3005,1544984136017,1
3005,1544984136109,1
3005,1544984136466,1
3005,1544984136540,1
3005,1544984136900,1
3005,1544984137015,1
3005,1544984137113,1
3005,1544984137467,1
3005,1544984137538,1
3005,1544984137904,1
3005,1544984138016,1
3005,1544984138105,1
3005,1544984138480,1
3005,1544984138540,1
3005,1544984138906,1
3005,1544984139016,1
3005,1544984139108,1
3005,1544984139471,1
3005,1544984139543,1
3005,1544984139908,1
3005,1544984140018,1
3005,1544984140110,1
3005,1544984140476,1
3005,1544984140539,1
3005,1544984140906,1
3005,1544984141020,1
3005,1544984141108,1
3005,1544984141474,1
3005,1544984141545,1
3005,1544984141911,1
3005,1544984142020,1
3005,1544984142114,1
3005,1544984142474,1
3005,1544984142553,1
3005,1544984142912,1
3005,1544984143020,1
3005,1544984143121,1
3005,1544984143477,1
3005,1544984143563,1
3005,1544984143913,1
3005,1544984144022,1
3005,1544984144118,1
3005,1544984144478,1
3005,1544984144558,1
3005,1544984144919,1
3005,1544984145024,1
3005,1544984145118,1
3005,1544984145479,1
3005,1544984145553,1
3005,1544984145924,1
3005,1544984146027,1
3005,1544984146123,1
3005,1544984146484,1
3005,1544984146552,1
3005,1544984146927,1
3005,1544984147029,1
3005,1544984147132,1
3005,1544984147488,1
3005,1544984147556,1
3005,1544984147931,1
3005,1544984148029,1
3005,1544984148129,1
3005,1544984148496,1
3005,1544984148563,1
3005,1544984148931,1
3005,1544984149027,1
3005,1544984149128,1
3005,1544984149488,1
3005,1544984149566,1
3005,1544984149935,1
3005,1544984150027,1
3005,1544984150131,1
3005,1544984150494,1
3005,1544984150565,1
3005,1544984150938,1
3005,1544984151033,1
3005,1544984151135,1
3005,1544984151493,1
3005,1544984151569,1
3005,1544984151941,1
3005,1544984152038,1
3005,1544984152139,1
3005,1544984152492,1
3005,1544984152573,1
3005,1544984152943,1
3005,1544984153042,1
3005,1544984153144,1
3005,1544984153496,1
3005,1544984153577,1
3005,1544984153941,1
3005,1544984154043,1
3005,1544984154143,1
3005,1544984154502,1
3005,1544984154579,1
3005,1544984154948,1
3005,1544984155040,1
3005,1544984155153,1
3005,1544984155505,1
3005,1544984155586,1
3005,1544984155949,1
3005,1544984156045,1
3005,1544984156153,1
3005,1544984156509,1
3005,1544984156587,1
3005,1544984156955,1
3005,1544984157045,1
3005,1544984157152,1
3005,1544984157514,1
3005,1544984157592,1
3005,1544984157957,1
3005,1544984158049,1
3005,1544984158154,1
3005,1544984158516,1
3005,1544984158596,1
3005,1544984158957,1
3005,1544984159049,1
3005,1544984159156,1
3005,1544984159521,1
3005,1544984159602,1
3005,1544984159963,1
3005,1544984160049,1
3005,1544984160159,1
3005,1544984160518,1
3005,1544984160601,1
3005,1544984160964,1
3005,1544984161054,1
3005,1544984161164,1
3005,1544984161518,1
3005,1544984161603,1
3005,1544984161970,1
3005,1544984162054,1
3005,1544984162172,1
3005,1544984162523,1
3005,1544984162601,1
3005,1544984162973,1
3005,1544984163061,1
3005,1544984163173,1
3005,1544984163524,1
3005,1544984163606,1
3005,1544984163974,1
3005,1544984164062,1
3005,1544984164171,1
3005,1544984164528,1
3005,1544984164613,1
3005,1544984164976,1
3005,1544984165064,1
3005,1544984165174,1
3005,1544984165530,1
3005,1544984165614,1
3005,1544984165980,1
3005,1544984166067,1
3005,1544984166179,1
3005,1544984166531,1
3005,1544984166619,1
3005,1544984166982,1
3005,1544984167069,1
3005,1544984167183,1
3005,1544984167531,1
3005,1544984167620,1
3005,1544984167982,1
3005,1544984168073,1
3005,1544984168184,1
3005,1544984168530,1
3005,1544984168622,1
3005,1544984168994,1
3005,1544984169077,1
3005,1544984169187,1
3005,1544984169564,1
3005,1544984169634,1
3005,1544984169987,1
3005,1544984170079,1
3005,1544984170186,1
3005,1544984170538,1
3005,1544984170629,1
3005,1544984170988,1
3005,1544984171081,1
3005,1544984171185,1
3005,1544984171537,1
3005,1544984171628,1
3005,1544984171989,1
3005,1544984172079,1
3005,1544984172189,1
3005,1544984172543,1
3005,1544984172636,1
3005,1544984172993,1
3005,1544984173119,1
3005,1544984173199,1
3005,1544984173544,1
3005,1544984173633,1
3005,1544984173993,1
3005,1544984174083,1
3005,1544984174194,1
3005,1544984174546,1
3005,1544984174642,1
3005,1544984175001,1
3005,1544984175086,1
3005,1544984175199,1
3005,1544984175545,1
3005,1544984175638,1
3005,1544984176007,1
3005,1544984176086,1
3005,1544984176203,1
3005,1544984176549,1
3005,1544984176643,1
3005,1544984177007,1
3005,1544984177084,1
3005,1544984177209,1
3005,1544984177553,1
3005,1544984177643,1
3005,1544984178008,1
3005,1544984178087,1
3005,1544984178211,1
3005,1544984178558,1
3005,1544984178645,1
3005,1544984179013,1
3005,1544984179093,1
3005,1544984179214,1
3005,1544984179565,1
3005,1544984179652,1
3005,1544984180013,1
3005,1544984180091,1
3005,1544984180228,1
3005,1544984180565,1
3005,1544984180648,1
3005,1544984181014,1
3005,1544984181098,1
3005,1544984181217,1
3005,1544984181568,1
3005,1544984181653,1
3005,1544984182018,1
3005,1544984182098,1
3005,1544984182226,1
3005,1544984182570,1
3005,1544984182656,1
3005,1544984183016,1
3005,1544984183098,1
3005,1544984183221,1
3005,1544984183575,1
3005,1544984183658,1
3005,1544984184016,1
3005,1544984184100,1
3005,1544984184223,1
3005,1544984184577,1
3005,1544984184669,1
3005,1544984185017,1
3005,1544984185103,1
3005,1544984185223,1
3005,1544984185579,1
3005,1544984185670,1
3005,1544984186019,1
3005,1544984186109,1
3005,1544984186230,1
3005,1544984186582,1
3005,1544984186672,1
3005,1544984187017,1
3005,1544984187116,1
3005,1544984187235,1
3005,1544984187581,1
3005,1544984187677,1
3005,1544984188018,1
3005,1544984188118,1
3005,1544984188236,1
3005,1544984188586,1
3005,1544984188678,1
3005,1544984189022,1
3005,1544984189114,1
3005,1544984189248,1
3005,1544984189585,1
3005,1544984189684,1
3005,1544984190021,1
3005,1544984190120,1
3005,1544984190235,1
3005,1544984190588,1
3005,1544984190682,1
3005,1544984191023,1
3005,1544984191125,1
3005,1544984191238,1
3005,1544984191588,1
3005,1544984191687,1
3005,1544984192027,1
3005,1544984192129,1
3005,1544984192241,1
3005,1544984192595,1
3005,1544984192689,1
3005,1544984193028,1
3005,1544984193235,1
3005,1544984193247,1
3005,1544984193595,1
3005,1544984193688,1
3005,1544984194032,1
3005,1544984194133,1
3005,1544984194250,1
3005,1544984194647,1
3005,1544984194710,1
3005,1544984195034,1
3005,1544984195136,1
3005,1544984195260,1
3005,1544984195601,1
3005,1544984195696,1
3005,1544984196035,1
3005,1544984196142,1
3005,1544984196248,1
3005,1544984196611,1
3005,1544984196692,1
3005,1544984197039,1
3005,1544984197137,1
3005,1544984197248,1
3005,1544984197606,1
3005,1544984197693,1
3005,1544984198041,1
3005,1544984198144,1
3005,1544984198249,1
3005,1544984198607,1
3005,1544984198696,1
3005,1544984199047,1
3005,1544984199141,1
3005,1544984199251,1
3005,1544984199615,1
3005,1544984199699,1
3005,1544984200046,1
3005,1544984200147,1
3005,1544984200251,1
3005,1544984200616,1
3005,1544984200702,1
3005,1544984201047,1
3005,1544984201144,1
3005,1544984201256,1
3005,1544984201616,1
3005,1544984201704,1
3005,1544984202050,1
3005,1544984202148,1
3005,1544984202267,1
3005,1544984202623,1
3005,1544984202704,1
3005,1544984203055,1
3005,1544984203153,1
3005,1544984203264,1
3005,1544984203628,1
3005,1544984203713,1
3005,1544984204055,1
3005,1544984204152,1
3005,1544984204266,1
3005,1544984204624,1
3005,1544984204715,1
3005,1544984205059,1
3005,1544984205159,1
3005,1544984205271,1
3005,1544984205627,1
3005,1544984205713,1
3005,1544984206061,1
3005,1544984206165,1
3005,1544984206279,1
3005,1544984206643,1
3005,1544984206725,1
3005,1544984207066,1
3005,1544984207158,1
3005,1544984207279,1
3005,1544984207628,1
3005,1544984207723,1
3005,1544984208064,1
3005,1544984208164,1
3005,1544984208280,1
3005,1544984208623,1
3005,1544984208718,1
3005,1544984209066,1
3005,1544984209171,1
3005,1544984209284,1
3005,1544984209630,1
3005,1544984209723,1
3005,1544984210071,1
3005,1544984210172,1
3005,1544984210301,1
3005,1544984210632,1
3005,1544984210726,1
3005,1544984211069,1
3005,1544984211170,1
3005,1544984211289,1
3005,1544984211632,1
3005,1544984211724,1
3005,1544984212076,1
3005,1544984212173,1
3005,1544984212290,1
3005,1544984212637,1
3005,1544984212728,1
3005,1544984213077,1
3005,1544984213177,1
3005,1544984213290,1
3005,1544984213639,1
3005,1544984213724,1
3005,1544984214080,1
3005,1544984214181,1
3005,1544984214296,1
3005,1544984214640,1
3005,1544984214726,1
3005,1544984215082,1
3005,1544984215184,1
3005,1544984215314,1
3005,1544984215638,1
3005,1544984215765,1
3005,1544984216088,1
3005,1544984216191,1
3005,1544984216305,1
3005,1544984216650,1
3005,1544984216729,1
3005,1544984217090,1
3005,1544984217191,1
3005,1544984217302,1
3005,1544984217642,1
3005,1544984217734,1
3005,1544984218094,1
3005,1544984218198,1
3005,1544984218304,1
3005,1544984218648,1
3005,1544984218732,1
3005,1544984219097,1
3005,1544984219202,1
3005,1544984219308,1
3005,1544984219650,1
3005,1544984219732,1
3005,1544984220098,1
3005,1544984220203,1
3005,1544984220312,1
3005,1544984220656,1
3005,1544984220736,1
3005,1544984221102,1
3005,1544984221204,1
3005,1544984221318,1
3005,1544984221660,1
3005,1544984221743,1
3005,1544984222102,1
3005,1544984222204,1
3005,1544984222317,1
3005,1544984222667,1
3005,1544984222752,1
3005,1544984223104,1
3005,1544984223210,1
3005,1544984223319,1
3005,1544984223662,1
3005,1544984223770,1
3005,1544984224107,1
3005,1544984224208,1
3005,1544984224322,1
3005,1544984224661,1
3005,1544984224752,1
3005,1544984225108,1
3005,1544984225217,1
3005,1544984225324,1
3005,1544984225667,1
3005,1544984225753,1
3005,1544984226113,1
3005,1544984226219,1
3005,1544984226329,1
3005,1544984226664,1
3005,1544984226757,1
3005,1544984227115,1
3005,1544984227224,1
3005,1544984227330,1
3005,1544984227672,1
3005,1544984227759,1
3005,1544984228120,1
3005,1544984228227,1
3005,1544984228334,1
3005,1544984228668,1
3005,1544984228760,1
3005,1544984229123,1
3005,1544984229229,1
3005,1544984229340,1
3005,1544984229671,1
3005,1544984229763,1
3005,1544984230129,1
3005,1544984230233,1
3005,1544984230341,1
3005,1544984230675,1
3005,1544984230766,1
3005,1544984231127,1
3005,1544984231235,1
3005,1544984231346,1
3005,1544984231679,1
3005,1544984231768,1
3005,1544984232127,1
3005,1544984232237,1
3005,1544984232352,1
3005,1544984232683,1
3005,1544984232772,1
3005,1544984233127,1
3005,1544984233239,1
3005,1544984233356,1
3005,1544984233680,1
3005,1544984233774,1
3005,1544984234131,1
3005,1544984234238,1
3005,1544984234359,1
3005,1544984234678,1
3005,1544984234775,1
3005,1544984235132,1
3005,1544984235240,1
3005,1544984235359,1
3005,1544984235683,1
3005,1544984235782,1
3005,1544984236131,1
3005,1544984236244,1
3005,1544984236366,1
3005,1544984236689,1
3005,1544984236782,1
3005,1544984237134,1
3005,1544984237249,1
3005,1544984237364,1
3005,1544984237689,1
3005,1544984237782,1
3005,1544984238137,1
3005,1544984238253,1
3005,1544984238369,1
3005,1544984238692,1
3005,1544984238791,1
3005,1544984239141,1
3005,1544984239257,1
3005,1544984239374,1
3005,1544984239691,1
3005,1544984239787,1
3005,1544984240149,1
3005,1544984240259,1
3005,1544984240376,1
3005,1544984240697,1
3005,1544984240788,1
3005,1544984241143,1
3005,1544984241263,1
3005,1544984241376,1
3005,1544984241698,1
3005,1544984241792,1
3005,1544984242148,1
3005,1544984242264,1
3005,1544984242380,1
3005,1544984242698,1
3005,1544984242797,1
3005,1544984243153,1
3005,1544984243267,1
3005,1544984243383,1
3005,1544984243698,1
3005,1544984243799,1
3005,1544984244159,1
3005,1544984244273,1
3005,1544984244385,1
3005,1544984244700,1
3005,1544984244797,1
3005,1544984245158,1
3005,1544984245281,1
3005,1544984245388,1
3005,1544984245704,1
3005,1544984245801,1
3005,1544984246159,1
3005,1544984246280,1
3005,1544984246392,1
3005,1544984246704,1
3005,1544984246806,1
3005,1544984247165,1
3005,1544984247284,1
3005,1544984247399,1
3005,1544984247707,1
3005,1544984247807,1
3005,1544984248168,1
3005,1544984248289,1
3005,1544984248403,1
3005,1544984248710,1
3005,1544984248810,1
3005,1544984249174,1
3005,1544984249290,1
3005,1544984249409,1
3005,1544984249714,1
3005,1544984249811,1
3005,1544984250172,1
3005,1544984250310,1
3005,1544984250409,1
3005,1544984250715,1
3005,1544984250817,1
3005,1544984251180,1
3005,1544984251291,1
3005,1544984251417,1
3005,1544984251720,1
3005,1544984251813,1
3005,1544984252177,1
3005,1544984252293,1
3005,1544984252413,1
3005,1544984252726,1
3005,1544984252815,1
3005,1544984253179,1
3005,1544984253297,1
3005,1544984253418,1
3005,1544984253727,1
3005,1544984253817,1
3005,1544984254179,1
3005,1544984254302,1
3005,1544984254420,1
3005,1544984254727,1
3005,1544984254820,1
3005,1544984255178,1
3005,1544984255300,1
3005,1544984255421,1
3005,1544984255729,1
3005,1544984255827,1
3005,1544984256181,1
3005,1544984256300,1
3005,1544984256431,1
3005,1544984256726,1
3005,1544984256832,1
3005,1544984257183,1
3005,1544984257303,1
3005,1544984257443,1
3005,1544984257732,1
3005,1544984257829,1
3005,1544984258189,1
3005,1544984258302,1
3005,1544984258448,1
3005,1544984258736,1
3005,1544984258831,1
3005,1544984259192,1
3005,1544984259308,1
3005,1544984259435,1
3005,1544984259739,1
3005,1544984259832,1
3005,1544984260196,1
3005,1544984260311,1
3005,1544984260439,1
3005,1544984260740,1
3005,1544984260836,1
3005,1544984261198,1
3005,1544984261312,1
3005,1544984261443,1
3005,1544984261743,1
3005,1544984261835,1
3005,1544984262204,1
3005,1544984262311,1
3005,1544984262442,1
3005,1544984262739,1
3005,1544984262835,1
3005,1544984263204,1
3005,1544984263314,1
3005,1544984263448,1
3005,1544984263745,1
3005,1544984263842,1
3005,1544984264208,1
3005,1544984264319,1
3005,1544984264450,1
3005,1544984264745,1
3005,1544984264843,1
3005,1544984265212,1
3005,1544984265317,1
3005,1544984265454,1
3005,1544984265748,1
3005,1544984265847,1
3005,1544984266212,1
3005,1544984266320,1
3005,1544984266460,1
3005,1544984266752,1
3005,1544984266852,1
3005,1544984267217,1
3005,1544984267323,1
3005,1544984267454,1
3005,1544984267755,1
3005,1544984267855,1
3005,1544984268222,1
3005,1544984268325,1
3005,1544984268458,1
3005,1544984268756,1
3005,1544984268858,1
3005,1544984269223,1
3005,1544984269326,1
3005,1544984269460,1
3005,1544984269756,1
3005,1544984269864,1
3005,1544984270224,1
3005,1544984270330,1
3005,1544984270465,1
3005,1544984270756,1
3005,1544984270866,1
3005,1544984271228,1
3005,1544984271330,1
3005,1544984271467,1
3005,1544984271764,1
3005,1544984271868,1
3005,1544984272233,1
3005,1544984272333,1
3005,1544984272470,1
3005,1544984272765,1
3005,1544984272871,1
3005,1544984273237,1
3005,1544984273338,1
3005,1544984273470,1
3005,1544984273769,1
3005,1544984273873,1
3005,1544984274238,1
3005,1544984274338,1
3005,1544984274471,1
3005,1544984274780,1
3005,1544984274873,1
3005,1544984275241,1
3005,1544984275344,1
3005,1544984275477,1
3005,1544984275792,1
3005,1544984275878,1
3005,1544984276245,1
3005,1544984276343,1
3005,1544984276480,1
3005,1544984276778,1
3005,1544984276882,1
3005,1544984277244,1
3005,1544984277345,1
3005,1544984277484,1
3005,1544984277778,1
3005,1544984277882,1
3005,1544984278250,1
3005,1544984278342,1
3005,1544984278485,1
3005,1544984278778,1
3005,1544984278884,1
3005,1544984279253,1
3005,1544984279345,1
3005,1544984279489,1
3005,1544984279780,1
3005,1544984279889,1
3005,1544984280253,1
3005,1544984280342,1
3005,1544984280490,1
3005,1544984280785,1
3005,1544984280903,1
3005,1544984281254,1
3005,1544984281342,1
3005,1544984281488,1
3005,1544984281781,1
3005,1544984281892,1
3005,1544984282258,1
3005,1544984282345,1
3005,1544984282490,1
3005,1544984282785,1
3005,1544984282889,1
3005,1544984283259,1
3005,1544984283350,1
3005,1544984283496,1
3005,1544984283785,1
3005,1544984283889,1
3005,1544984284263,1
3005,1544984284351,1
3005,1544984284505,1
3005,1544984284790,1
3005,1544984284896,1
3005,1544984285267,1
3005,1544984285356,1
3005,1544984285502,1
3005,1544984285794,1
3005,1544984285896,1
3005,1544984286267,1
3005,1544984286360,1
3005,1544984286504,1
3005,1544984286795,1
3005,1544984286895,1
3005,1544984287273,1
3005,1544984287361,1
3005,1544984287505,1
3005,1544984287798,1
3005,1544984287900,1
3005,1544984288277,1
3005,1544984288360,1
3005,1544984288512,1
3005,1544984288804,1
3005,1544984288901,1
3005,1544984289275,1
3005,1544984289365,1
3005,1544984289517,1
3005,1544984289808,1
3005,1544984289910,1
3005,1544984290280,1
3005,1544984290364,1
3005,1544984290523,1
3005,1544984290807,1
3005,1544984290907,1
3005,1544984291283,1
3005,1544984291370,1
3005,1544984291516,1
3005,1544984291810,1
3005,1544984291911,1
3005,1544984292281,1
3005,1544984292375,1
3005,1544984292517,1
3005,1544984292815,1
3005,1544984292918,1
3005,1544984293282,1
3005,1544984293377,1
3005,1544984293521,1
3005,1544984293824,1
3005,1544984293920,1
3005,1544984294285,1
3005,1544984294377,1
3005,1544984294519,1
3005,1544984294824,1
3005,1544984294924,1
3005,1544984295289,1
3005,1544984295381,1
3005,1544984295522,1
3005,1544984295826,1
3005,1544984295920,1
3005,1544984296290,1
3005,1544984296376,1
3005,1544984296523,1
3005,1544984296826,1
3005,1544984296927,1
3005,1544984297295,1
3005,1544984297381,1
3005,1544984297529,1
3005,1544984297832,1
3005,1544984297930,1
3005,1544984298298,1
3005,1544984298382,1
3005,1544984298534,1
3005,1544984298834,1
3005,1544984298932,1
3005,1544984299322,1
3005,1544984299389,1
3005,1544984299533,1
3005,1544984299837,1
3005,1544984299934,1
3005,1544984300309,1
3005,1544984300390,1
3005,1544984300540,1
3005,1544984300840,1
3005,1544984300941,1
3005,1544984301312,1
3005,1544984301388,1
3005,1544984301540,1
3005,1544984301846,1
3005,1544984301946,1
3005,1544984302312,1
3005,1544984302404,1
3005,1544984302549,1
3005,1544984302846,1
3005,1544984302942,1
3005,1544984303321,1
3005,1544984303423,1
3005,1544984303548,1
3005,1544984303845,1
3005,1544984303950,1
3005,1544984304321,1
3005,1544984304398,1
3005,1544984304547,1
3005,1544984304851,1
3005,1544984304950,1
3005,1544984305326,1
3005,1544984305398,1
3005,1544984305550,1
3005,1544984305847,1
3005,1544984305947,1
3005,1544984306331,1
3005,1544984306402,1
3005,1544984306554,1
3005,1544984306853,1
3005,1544984306954,1
3005,1544984307332,1
3005,1544984307407,1
3005,1544984307555,1
3005,1544984307851,1
3005,1544984307956,1
3005,1544984308333,1
3005,1544984308411,1
3005,1544984308567,1
3005,1544984308856,1
3005,1544984308962,1
3005,1544984309337,1
3005,1544984309406,1
3005,1544984309588,1
3005,1544984309857,1
3005,1544984309969,1
3005,1544984310339,1
3005,1544984310409,1
3005,1544984310572,1
3005,1544984310857,1
3005,1544984310966,1
3005,1544984311340,1
3005,1544984311415,1
3005,1544984311576,1
3005,1544984311859,1
3005,1544984311971,1
3005,1544984312345,1
3005,1544984312414,1
3005,1544984312576,1
3005,1544984312864,1
3005,1544984312976,1
3005,1544984313350,1
3005,1544984313420,1
3005,1544984313567,1
3005,1544984313863,1
3005,1544984313975,1
3005,1544984314352,1
3005,1544984314427,1
3005,1544984314572,1
3005,1544984314864,1
3005,1544984314977,1
3005,1544984315354,1
3005,1544984315421,1
3005,1544984315584,1
3005,1544984315870,1
3005,1544984315976,1
3005,1544984316358,1
3005,1544984316426,1
3005,1544984316580,1
3005,1544984316874,1
3005,1544984316981,1
3005,1544984317360,1
3005,1544984317430,1
3005,1544984317585,1
3005,1544984317875,1
3005,1544984317981,1
3005,1544984318363,1
3005,1544984318436,1
3005,1544984318583,1
3005,1544984318882,1
3005,1544984318987,1
3005,1544984319366,1
3005,1544984319437,1
3005,1544984319590,1
3005,1544984319880,1
3005,1544984319987,1
3005,1544984320370,1
3005,1544984320440,1
3005,1544984320587,1
3005,1544984320884,1
3005,1544984320995,1
3005,1544984321373,1
3005,1544984321437,1
3005,1544984321592,1
3005,1544984321897,1
3005,1544984322000,1
3005,1544984322378,1
3005,1544984322442,1
3005,1544984322586,1
3005,1544984322885,1
3005,1544984322996,1
3005,1544984323376,1
3005,1544984323447,1
3005,1544984323596,1
3005,1544984323892,1
3005,1544984324002,1
3005,1544984324380,1
3005,1544984324449,1
3005,1544984324589,1
3005,1544984324887,1
3005,1544984325006,1
3005,1544984325384,1
3005,1544984325449,1
3005,1544984325589,1
3005,1544984325891,1
3005,1544984326009,1
3005,1544984326381,1
3005,1544984326459,1
3005,1544984326595,1
3005,1544984326894,1
3005,1544984327034,1
3005,1544984327384,1
3005,1544984327455,1
3005,1544984327589,1
3005,1544984327898,1
3005,1544984328010,1
3005,1544984328387,1
3005,1544984328461,1
3005,1544984328593,1
3005,1544984328899,1
3005,1544984329007,1
3005,1544984329389,1
3005,1544984329464,1
3005,1544984329596,1
3005,1544984329904,1
3005,1544984330015,1
3005,1544984330391,1
3005,1544984330460,1
3005,1544984330596,1
3005,1544984330902,1
3005,1544984331011,1
3005,1544984331393,1
3005,1544984331461,1
3005,1544984331597,1
3005,1544984331910,1
3005,1544984332018,1
3005,1544984332399,1
3005,1544984332467,1
3005,1544984332598,1
3005,1544984332911,1
3005,1544984333030,1
3005,1544984333414,1
3005,1544984333473,1
3005,1544984333598,1
3005,1544984333919,1
3005,1544984334028,1
3005,1544984334415,1
3005,1544984334477,1
3005,1544984334611,1
3005,1544984334921,1
3005,1544984335027,1
3005,1544984335425,1
3005,1544984335486,1
3005,1544984335612,1
3005,1544984335931,1
3005,1544984336034,1
3005,1544984336432,1
3005,1544984336484,1
3005,1544984336616,1
3005,1544984336932,1
3005,1544984337028,1
3005,1544984337442,1
3005,1544984337485,1
3005,1544984337637,1
3005,1544984337944,1
3005,1544984338033,1
3005,1544984338439,1
3005,1544984338496,1
3005,1544984338643,1
3005,1544984338952,1
3005,1544984339037,1
3005,1544984339443,1
3005,1544984339506,1
3005,1544984339641,1
3005,1544984339959,1
3005,1544984340034,1
3005,1544984340450,1
3005,1544984340512,1
3005,1544984340647,1
3005,1544984340971,1
3005,1544984341039,1
3005,1544984341462,1
3005,1544984341518,1
3005,1544984341655,1
3005,1544984341970,1
3005,1544984342045,1
3005,1544984342466,1
3005,1544984342525,1
3005,1544984342669,1
3005,1544984342983,1
3005,1544984343046,1
3005,1544984343466,1
3005,1544984343531,1
3005,1544984343673,1
3005,1544984343992,1
3005,1544984344054,1
3005,1544984344489,1
3005,1544984344537,1
3005,1544984344680,1
3005,1544984344998,1
3005,1544984345056,1
3005,1544984345478,1
3005,1544984345544,1
3005,1544984345690,1
3005,1544984346001,1
3005,1544984346061,1
3005,1544984346484,1
3005,1544984346546,1
3005,1544984346691,1
3005,1544984347014,1
3005,1544984347074,1
3005,1544984347486,1
3005,1544984347572,1
3005,1544984347696,1
3005,1544984348017,1
3005,1544984348081,1
3005,1544984348494,1
3005,1544984348562,1
3005,1544984348703,1
3005,1544984349016,1
3005,1544984349091,1
3005,1544984349503,1
3005,1544984349565,1
3005,1544984349713,1
3005,1544984350020,1
3005,1544984350104,1
3005,1544984350513,1
3005,1544984350575,1
3005,1544984350713,1
3005,1544984351020,1
3005,1544984351115,1
3005,1544984351522,1
3005,1544984351587,1
3005,1544984351726,1
3005,1544984352024,1
3005,1544984352122,1
3005,1544984352529,1
3005,1544984352594,1
3005,1544984352727,1
3005,1544984353019,1
3005,1544984353125,1
3005,1544984353528,1
3005,1544984353593,1
3005,1544984353742,1
3005,1544984354022,1
3005,1544984354130,1
3005,1544984354529,1
3005,1544984354606,1
3005,1544984354768,1
3005,1544984355026,1
3005,1544984355133,1
3005,1544984355539,1
3005,1544984355613,1
3005,1544984355784,1
3005,1544984356028,1
3005,1544984356132,1
3005,1544984356546,1
3005,1544984356617,1
3005,1544984356768,1
3005,1544984357030,1
3005,1544984357136,1
3005,1544984357547,1
3005,1544984357620,1
3005,1544984357763,1
3005,1544984358030,1
3005,1544984358148,1
3005,1544984358545,1
3005,1544984358623,1
3005,1544984358769,1
3005,1544984359040,1
3005,1544984359145,1
3005,1544984359550,1
3005,1544984359631,1
3005,1544984359779,1
3005,1544984360040,1
3005,1544984360147,1
3005,1544984360549,1
3005,1544984360627,1
3005,1544984360781,1
3005,1544984361044,1
3005,1544984361144,1
3005,1544984361553,1
3005,1544984361632,1
3005,1544984361783,1
3005,1544984362046,1
3005,1544984362151,1
3005,1544984362558,1
3005,1544984362634,1
3005,1544984362786,1
3005,1544984363051,1
3005,1544984363149,1
3005,1544984363565,1
3005,1544984363643,1
3005,1544984363788,1
3005,1544984364049,1
3005,1544984364145,1
3005,1544984364566,1
3005,1544984364644,1
3005,1544984364790,1
3005,1544984365060,1
3005,1544984365152,1
3005,1544984365567,1
3005,1544984365638,1
3005,1544984365787,1
3005,1544984366076,1
3005,1544984366150,1
3005,1544984366572,1
3005,1544984366642,1
3005,1544984366789,1
3005,1544984367050,1
3005,1544984367151,1
3005,1544984367572,1
3005,1544984367647,1
3005,1544984367793,1
3005,1544984368053,1
3005,1544984368145,1
3005,1544984368578,1
3005,1544984368645,1
3005,1544984368793,1
3005,1544984369057,1
3005,1544984369154,1
3005,1544984369577,1
3005,1544984369647,1
3005,1544984369795,1
3005,1544984370054,1
3005,1544984370172,1
3005,1544984370579,1
3005,1544984370655,1
3005,1544984370796,1
3005,1544984371055,1
3005,1544984371152,1
3005,1544984371584,1
3005,1544984371655,1
3005,1544984371797,1
3005,1544984372056,1
3005,1544984372157,1
3005,1544984372588,1
3005,1544984372655,1
3005,1544984372803,1
3005,1544984373065,1
3005,1544984373160,1
3005,1544984373589,1
3005,1544984373659,1
3005,1544984373805,1
3005,1544984374067,1
3005,1544984374159,1
3005,1544984374590,1
3005,1544984374658,1
3005,1544984374800,1
3005,1544984375067,1
3005,1544984375163,1
3005,1544984375595,1
3005,1544984375670,1
3005,1544984375813,1
3005,1544984376068,1
3005,1544984376164,1
3005,1544984376599,1
3005,1544984376670,1
3005,1544984376813,1
3005,1544984377071,1
3005,1544984377179,1
3005,1544984377604,1
3005,1544984377672,1
3005,1544984377814,1
3005,1544984378069,1
3005,1544984378172,1
3005,1544984378604,1
3005,1544984378676,1
3005,1544984378822,1
3005,1544984379066,1
3005,1544984379174,1
3005,1544984379605,1
3005,1544984379677,1
3005,1544984379827,1
3005,1544984380068,1
3005,1544984380177,1
3005,1544984380608,1
3005,1544984380677,1
3005,1544984380825,1
3005,1544984381075,1
3005,1544984381184,1
3005,1544984381612,1
3005,1544984381679,1
3005,1544984381829,1
3005,1544984382073,1
3005,1544984382183,1
3005,1544984382615,1
3005,1544984382686,1
3005,1544984382832,1
3005,1544984383074,1
3005,1544984383183,1
3005,1544984383614,1
3005,1544984383687,1
3005,1544984383836,1
3005,1544984384077,1
3005,1544984384192,1
3005,1544984384616,1
3005,1544984384685,1
3005,1544984384830,1
3005,1544984385077,1
3005,1544984385188,1
3005,1544984385620,1
3005,1544984385684,1
3005,1544984385833,1
3005,1544984386083,1
3005,1544984386193,1
3005,1544984386618,1
3005,1544984386684,1
3005,1544984386835,1
3005,1544984387085,1
3005,1544984387201,1
3005,1544984387625,1
3005,1544984387689,1
3005,1544984387845,1
3005,1544984388087,1
3005,1544984388200,1
3005,1544984388627,1
3005,1544984388690,1
3005,1544984388840,1
3005,1544984389092,1
3005,1544984389211,1
3005,1544984389628,1
3005,1544984389691,1
3005,1544984389844,1
3005,1544984390092,1
3005,1544984390202,1
3005,1544984390630,1
3005,1544984390691,1
3005,1544984390848,1
3005,1544984391094,1
3005,1544984391202,1
3005,1544984391658,1
3005,1544984391699,1
3005,1544984391857,1
3005,1544984392098,1
3005,1544984392204,1
3005,1544984392637,1
3005,1544984392700,1
3005,1544984392855,1
3005,1544984393101,1
3005,1544984393212,1
3005,1544984393640,1
3005,1544984393709,1
3005,1544984393860,1
3005,1544984394101,1
3005,1544984394209,1
3005,1544984394639,1
3005,1544984394730,1
3005,1544984394860,1
3005,1544984395106,1
3005,1544984395209,1
3005,1544984395641,1
3005,1544984395701,1
3005,1544984395869,1
3005,1544984396109,1
3005,1544984396214,1
3005,1544984396641,1
3005,1544984396707,1
3005,1544984396867,1
3005,1544984397115,1
3005,1544984397221,1
3005,1544984397644,1
3005,1544984397710,1
3005,1544984397876,1
3005,1544984398116,1
3005,1544984398223,1
3005,1544984398648,1
3005,1544984398710,1
3005,1544984398874,1
3005,1544984399120,1
3005,1544984399230,1
3005,1544984399654,1
3005,1544984399714,1
3005,1544984399879,1
3005,1544984400123,1
3005,1544984400229,1
3005,1544984400654,1
3005,1544984400718,1
3005,1544984400888,1
3005,1544984401130,1
3005,1544984401234,1
3005,1544984401659,1
3005,1544984401719,1
3005,1544984401902,1
3005,1544984402128,1
3005,1544984402238,1
3005,1544984402663,1
3005,1544984402720,1
3005,1544984402890,1
3005,1544984403128,1
3005,1544984403238,1
3005,1544984403666,1
3005,1544984403719,1
3005,1544984403896,1
3005,1544984404129,1
3005,1544984404237,1
3005,1544984404666,1
3005,1544984404721,1
3005,1544984404892,1
3005,1544984405134,1
3005,1544984405246,1
3005,1544984405670,1
3005,1544984405725,1
3005,1544984405898,1
3005,1544984406131,1
3005,1544984406243,1
3005,1544984406671,1
3005,1544984406726,1
3005,1544984406897,1
3005,1544984407134,1
3005,1544984407249,1
3005,1544984407672,1
3005,1544984407732,1
3005,1544984407902,1
3005,1544984408138,1
3005,1544984408258,1
3005,1544984408677,1
3005,1544984408734,1
3005,1544984408911,1
3005,1544984409141,1
3005,1544984409257,1
3005,1544984409676,1
3005,1544984409735,1
3005,1544984409910,1
3005,1544984410141,1
3005,1544984410265,1
3005,1544984410677,1
3005,1544984410741,1
3005,1544984410913,1
3005,1544984411144,1
3005,1544984411261,1
3005,1544984411679,1
3005,1544984411744,1
3005,1544984411916,1
3005,1544984412148,1
3005,1544984412259,1
3005,1544984412683,1
3005,1544984412744,1
3005,1544984412921,1
3005,1544984413167,1
3005,1544984413262,1
3005,1544984413681,1
3005,1544984413747,1
3005,1544984413920,1
3005,1544984414148,1
3005,1544984414266,1
3005,1544984414682,1
3005,1544984414751,1
3005,1544984414923,1
3005,1544984415151,1
3005,1544984415264,1
3005,1544984415685,1
3005,1544984415756,1
3005,1544984415926,1
3005,1544984416155,1
3005,1544984416267,1
3005,1544984416686,1
3005,1544984416756,1
3005,1544984416932,1
3005,1544984417158,1
3005,1544984417282,1
3005,1544984417689,1
3005,1544984417762,1
3005,1544984417931,1
3005,1544984418159,1
3005,1544984418301,1
3005,1544984418693,1
3005,1544984418767,1
3005,1544984418929,1
3005,1544984419163,1
3005,1544984419278,1
3005,1544984419696,1
3005,1544984419771,1
3005,1544984419936,1
3005,1544984420163,1
3005,1544984420284,1
3005,1544984420699,1
3005,1544984420767,1
3005,1544984420941,1
3005,1544984421165,1
3005,1544984421283,1
3005,1544984421701,1
3005,1544984421772,1
3005,1544984421947,1
3005,1544984422170,1
3005,1544984422287,1
3005,1544984422707,1
3005,1544984422776,1
3005,1544984422948,1
3005,1544984423166,1
3005,1544984423288,1
3005,1544984423712,1
3005,1544984423778,1
3005,1544984423950,1
3005,1544984424174,1
3005,1544984424294,1
3005,1544984424713,1
3005,1544984424786,1
3005,1544984424955,1
3005,1544984425177,1
3005,1544984425295,1
3005,1544984425711,1
3005,1544984425782,1
3005,1544984425952,1
3005,1544984426181,1
3005,1544984426299,1
3005,1544984426716,1
3005,1544984426783,1
3005,1544984426957,1
3005,1544984427185,1
3005,1544984427299,1
3005,1544984427721,1
3005,1544984427789,1
3005,1544984427957,1
3005,1544984428187,1
3005,1544984428300,1
3005,1544984428720,1
3005,1544984428791,1
3005,1544984428962,1
3005,1544984429192,1
3005,1544984429303,1
3005,1544984429723,1
3005,1544984429797,1
3005,1544984429965,1
3005,1544984430198,1
3005,1544984430306,1
3005,1544984430724,1
3005,1544984430798,1
3005,1544984430966,1
3005,1544984431202,1
3005,1544984431307,1
3005,1544984431728,1
3005,1544984431797,1
3005,1544984431973,1
3005,1544984432203,1
3005,1544984432312,1
3005,1544984432729,1
3005,1544984432799,1
3005,1544984432973,1
3005,1544984433207,1
3005,1544984433316,1
3005,1544984433732,1
3005,1544984433802,1
3005,1544984433975,1
3005,1544984434213,1
3005,1544984434319,1
3005,1544984434732,1
3005,1544984434804,1
3005,1544984434974,1
3005,1544984435214,1
3005,1544984435322,1
3005,1544984435736,1
3005,1544984435809,1
3005,1544984435978,1
3005,1544984436214,1
3005,1544984436327,1
3005,1544984436737,1
3005,1544984436809,1
3005,1544984436978,1
3005,1544984437221,1
3005,1544984437327,1
3005,1544984437741,1
3005,1544984437818,1
3005,1544984437981,1
3005,1544984438223,1
3005,1544984438331,1
3005,1544984438743,1
3005,1544984438817,1
3005,1544984438988,1
3005,1544984439225,1
3005,1544984439333,1
3005,1544984439746,1
3005,1544984439821,1
3005,1544984439987,1
3005,1544984440227,1
3005,1544984440335,1
3005,1544984440765,1
3005,1544984440829,1
3005,1544984440991,1
3005,1544984441227,1
3005,1544984441337,1
3005,1544984441751,1
3005,1544984441826,1
3005,1544984441991,1
3005,1544984442228,1
3005,1544984442342,1
3005,1544984442752,1
3005,1544984442827,1
3005,1544984442995,1
3005,1544984443227,1
3005,1544984443346,1
3005,1544984443758,1
3005,1544984443833,1
3005,1544984444002,1
3005,1544984444232,1
3005,1544984444349,1
3005,1544984444762,1
3005,1544984444851,1
3005,1544984445004,1
3005,1544984445232,1
3005,1544984445351,1
3005,1544984445766,1
3005,1544984445832,1
3005,1544984446000,1
3005,1544984446235,1
3005,1544984446354,1
3005,1544984446770,1
3005,1544984446835,1
3005,1544984447005,1
3005,1544984447241,1
3005,1544984447358,1
3005,1544984447771,1
3005,1544984447841,1
3005,1544984448010,1
3005,1544984448245,1
3005,1544984448361,1
3005,1544984448775,1
3005,1544984448840,1
3005,1544984449009,1
3005,1544984449249,1
3005,1544984449369,1
3005,1544984449777,1
3005,1544984449838,1
3005,1544984450016,1
3005,1544984450253,1
3005,1544984450372,1
3005,1544984450776,1
3005,1544984450841,1
3005,1544984451017,1
3005,1544984451258,1
3005,1544984451375,1
3005,1544984451780,1
3005,1544984451843,1
3005,1544984452022,1
3005,1544984452259,1
3005,1544984452379,1
3005,1544984452784,1
3005,1544984452848,1
3005,1544984453025,1
3005,1544984453262,1
3005,1544984453381,1
3005,1544984453788,1
3005,1544984453849,1
3005,1544984454040,1
3005,1544984454268,1
3005,1544984454389,1
3005,1544984454793,1
3005,1544984454851,1
3005,1544984455029,1
3005,1544984455269,1
3005,1544984455386,1
3005,1544984455798,1
3005,1544984455854,1
3005,1544984456033,1
3005,1544984456268,1
3005,1544984456386,1
3005,1544984456799,1
3005,1544984456854,1
3005,1544984457035,1
3005,1544984457273,1
3005,1544984457389,1
3005,1544984457800,1
3005,1544984457860,1
3005,1544984458036,1
3005,1544984458278,1
3005,1544984458391,1
3005,1544984458804,1
3005,1544984458862,1
3005,1544984459039,1
3005,1544984459284,1
3005,1544984459401,1
3005,1544984459810,1
3005,1544984459867,1
3005,1544984460043,1
3005,1544984460285,1
3005,1544984460400,1
3005,1544984460813,1
3005,1544984460866,1
3005,1544984461046,1
3005,1544984461292,1
3005,1544984461406,1
3005,1544984461817,1
3005,1544984461867,1
3005,1544984462052,1
3005,1544984462295,1
3005,1544984462408,1
3005,1544984462820,1
3005,1544984462870,1
3005,1544984463055,1
3005,1544984463296,1
3005,1544984463409,1
3005,1544984463823,1
3005,1544984463875,1
3005,1544984464056,1
3005,1544984464302,1
3005,1544984464414,1
3005,1544984464823,1
3005,1544984464884,1
3005,1544984465057,1
3005,1544984465304,1
3005,1544984465418,1
3005,1544984465823,1
3005,1544984465883,1
3005,1544984466060,1
3005,1544984466307,1
3005,1544984466420,1
3005,1544984466824,1
3005,1544984466883,1
3005,1544984467069,1
3005,1544984467311,1
3005,1544984467419,1
3005,1544984467825,1
3005,1544984467881,1
3005,1544984468066,1
3005,1544984468322,1
3005,1544984468423,1
3005,1544984468830,1
3005,1544984468885,1
3005,1544984469070,1
3005,1544984469314,1
3005,1544984469426,1
3005,1544984469834,1
3005,1544984469890,1
3005,1544984470074,1
3005,1544984470317,1
3005,1544984470424,1
3005,1544984470835,1
3005,1544984470892,1
3005,1544984471076,1
3005,1544984471319,1
3005,1544984471429,1
3005,1544984471834,1
3005,1544984471899,1
3005,1544984472083,1
3005,1544984472322,1
3005,1544984472431,1
3005,1544984472835,1
3005,1544984472898,1
3005,1544984473080,1
3005,1544984473326,1
3005,1544984473437,1
3005,1544984473840,1
3005,1544984473900,1
3005,1544984474082,1
3005,1544984474328,1
3005,1544984474442,1
3005,1544984474842,1
3005,1544984474904,1
3005,1544984475084,1
3005,1544984475332,1
3005,1544984475453,1
3005,1544984475846,1
3005,1544984475910,1
3005,1544984476088,1
3005,1544984476335,1
3005,1544984476434,1
3005,1544984476852,1
3005,1544984476911,1
3005,1544984477092,1
3005,1544984477339,1
3005,1544984477436,1
3005,1544984477857,1
3005,1544984477914,1
3005,1544984478099,1
3005,1544984478342,1
3005,1544984478442,1
3005,1544984478861,1
3005,1544984478917,1
3005,1544984479100,1
3005,1544984479343,1
3005,1544984479439,1
3005,1544984479864,1
3005,1544984479915,1
3005,1544984480103,1
3005,1544984480343,1
3005,1544984480447,1
3005,1544984480868,1
3005,1544984480919,1
3005,1544984481109,1
3005,1544984481347,1
3005,1544984481449,1
3005,1544984481869,1
3005,1544984481922,1
3005,1544984482117,1
3005,1544984482350,1
3005,1544984482453,1
3005,1544984482871,1
3005,1544984482924,1
3005,1544984483116,1
3005,1544984483356,1
3005,1544984483460,1
3005,1544984483871,1
3005,1544984483925,1
3005,1544984484121,1
3005,1544984484357,1
3005,1544984484460,1
3005,1544984484873,1
3005,1544984484929,1
3005,1544984485123,1
3005,1544984485360,1
3005,1544984485466,1
3005,1544984485874,1
3005,1544984485930,1
3005,1544984486124,1
3005,1544984486362,1
3005,1544984486464,1
3005,1544984486876,1
3005,1544984486930,1
3005,1544984487127,1
3005,1544984487360,1
3005,1544984487470,1
3005,1544984487878,1
3005,1544984487931,1
3005,1544984488132,1
3005,1544984488364,1
3005,1544984488468,1
3005,1544984488883,1
3005,1544984488935,1
3005,1544984489136,1
3005,1544984489369,1
3005,1544984489472,1
3005,1544984489884,1
3005,1544984489937,1
3005,1544984490140,1
3005,1544984490373,1
3005,1544984490475,1
3005,1544984490885,1
3005,1544984490937,1
3005,1544984491148,1
3005,1544984491378,1
3005,1544984491480,1
3005,1544984491885,1
3005,1544984491940,1
3005,1544984492150,1
3005,1544984492377,1
3005,1544984492478,1
3005,1544984492890,1
3005,1544984492944,1
3005,1544984493151,1
3005,1544984493380,1
3005,1544984493479,1
3005,1544984493890,1
3005,1544984493947,1
3005,1544984494155,1
3005,1544984494384,1
3005,1544984494481,1
3005,1544984494892,1
3005,1544984494950,1
3005,1544984495153,1
3005,1544984495388,1
3005,1544984495484,1
3005,1544984495898,1
3005,1544984495948,1
3005,1544984496155,1
3005,1544984496392,1
3005,1544984496493,1
3005,1544984496903,1
3005,1544984496950,1
3005,1544984497157,1
3005,1544984497398,1
3005,1544984497493,1
3005,1544984497906,1
3005,1544984497954,1
3005,1544984498160,1
3005,1544984498401,1
3005,1544984498491,1
3005,1544984498926,1
3005,1544984498958,1
3005,1544984499160,1
3005,1544984499403,1
3005,1544984499497,1
3005,1544984499908,1
3005,1544984499960,1
3005,1544984500162,1
3005,1544984500412,1
3005,1544984500500,1
3005,1544984500909,1
3005,1544984500969,1
3005,1544984501168,1
3005,1544984501413,1
3005,1544984501498,1
3005,1544984501911,1
3005,1544984501986,1
3005,1544984502170,1
3005,1544984502417,1
3005,1544984502505,1
3005,1544984502914,1
3005,1544984502969,1
3005,1544984503174,1
3005,1544984503420,1
3005,1544984503506,1
3005,1544984503920,1
3005,1544984503971,1
3005,1544984504175,1
3005,1544984504420,1
3005,1544984504512,1
3005,1544984504921,1
3005,1544984504976,1
3005,1544984505179,1
3005,1544984505424,1
3005,1544984505515,1
3005,1544984505922,1
3005,1544984505982,1
3005,1544984506185,1
3005,1544984506428,1
3005,1544984506516,1
3005,1544984506926,1
3005,1544984506983,1
3005,1544984507185,1
3005,1544984507432,1
3005,1544984507518,1
3005,1544984507930,1
3005,1544984507985,1
3005,1544984508193,1
3005,1544984508434,1
3005,1544984508521,1
3005,1544984508934,1
3005,1544984508990,1
3005,1544984509193,1
3005,1544984509435,1
3005,1544984509523,1
3005,1544984509937,1
3005,1544984509990,1
3005,1544984510196,1
3005,1544984510438,1
3005,1544984510524,1
3005,1544984510941,1
3005,1544984510996,1
3005,1544984511198,1
3005,1544984511442,1
3005,1544984511528,1
3005,1544984511942,1
3005,1544984511999,1
3005,1544984512204,1
3005,1544984512443,1
3005,1544984512531,1
3005,1544984512944,1
3005,1544984512997,1
3005,1544984513213,1
3005,1544984513448,1
3005,1544984513530,1
3005,1544984513946,1
3005,1544984514003,1
3005,1544984514226,1
3005,1544984514455,1
3005,1544984514534,1
3005,1544984514948,1
3005,1544984515006,1
3005,1544984515212,1
3005,1544984515452,1
3005,1544984515539,1
3005,1544984515950,1
3005,1544984516011,1
3005,1544984516215,1
3005,1544984516455,1
3005,1544984516543,1
3005,1544984516952,1
3005,1544984517009,1
3005,1544984517220,1
3005,1544984517456,1
3005,1544984517550,1
3005,1544984517956,1
3005,1544984518016,1
3005,1544984518219,1
3005,1544984518459,1
3005,1544984518548,1
3005,1544984518961,1
3005,1544984519020,1
3005,1544984519226,1
3005,1544984519462,1
3005,1544984519550,1
3005,1544984519966,1
3005,1544984520015,1
3005,1544984520232,1
3005,1544984520465,1
3005,1544984520550,1
3005,1544984520968,1
3005,1544984521015,1
3005,1544984521228,1
3005,1544984521476,1
3005,1544984521553,1
3005,1544984521969,1
3005,1544984522015,1
3005,1544984522231,1
3005,1544984522473,1
3005,1544984522554,1
3005,1544984522972,1
3005,1544984523017,1
3005,1544984523237,1
3005,1544984523477,1
3005,1544984523555,1
3005,1544984523977,1
3005,1544984524020,1
3005,1544984524236,1
3005,1544984524483,1
3005,1544984524559,1
3005,1544984524978,1
3005,1544984525019,1
3005,1544984525241,1
3005,1544984525486,1
3005,1544984525562,1
3005,1544984525982,1
3005,1544984526021,1
3005,1544984526242,1
3005,1544984526491,1
3005,1544984526568,1
3005,1544984526987,1
3005,1544984527022,1
3005,1544984527247,1
3005,1544984527490,1
3005,1544984527567,1
3005,1544984527990,1
3005,1544984528024,1
3005,1544984528253,1
3005,1544984528508,1
3005,1544984528567,1
3005,1544984528991,1
3005,1544984529028,1
3005,1544984529254,1
3005,1544984529499,1
3005,1544984529573,1
3005,1544984529993,1
3005,1544984530026,1
3005,1544984530250,1
3005,1544984530503,1
3005,1544984530578,1
3005,1544984530998,1
3005,1544984531028,1
3005,1544984531251,1
3005,1544984531503,1
3005,1544984531576,1
3005,1544984532002,1
3005,1544984532031,1
3005,1544984532255,1
3005,1544984532508,1
3005,1544984532597,1
3005,1544984533006,1
3005,1544984533035,1
3005,1544984533255,1
3005,1544984533511,1
3005,1544984533579,1
3005,1544984534009,1
3005,1544984534039,1
3005,1544984534258,1
3005,1544984534512,1
3005,1544984534579,1
3005,1544984535010,1
3005,1544984535038,1
3005,1544984535262,1
3005,1544984535514,1
3005,1544984535583,1
3005,1544984536009,1
3005,1544984536042,1
3005,1544984536265,1
3005,1544984536517,1
3005,1544984536589,1
3005,1544984537012,1
3005,1544984537046,1
3005,1544984537264,1
3005,1544984537522,1
3005,1544984537590,1
3005,1544984538011,1
3005,1544984538048,1
3005,1544984538271,1
3005,1544984538525,1
3005,1544984538593,1
3005,1544984539012,1
3005,1544984539050,1
3005,1544984539272,1
3005,1544984539528,1
3005,1544984539594,1
3005,1544984540013,1
3005,1544984540052,1
3005,1544984540277,1
3005,1544984540531,1
3005,1544984540598,1
3005,1544984541012,1
3005,1544984541054,1
3005,1544984541276,1
3005,1544984541530,1
3005,1544984541599,1
3005,1544984542013,1
3005,1544984542061,1
3005,1544984542278,1
3005,1544984542530,1
3005,1544984542598,1
3005,1544984543014,1
3005,1544984543061,1
3005,1544984543280,1
3005,1544984543536,1
3005,1544984543607,1
3005,1544984544011,1
3005,1544984544063,1
3005,1544984544283,1
3005,1544984544539,1
3005,1544984544604,1
3005,1544984545012,1
3005,1544984545065,1
3005,1544984545283,1
3005,1544984545542,1
3005,1544984545606,1
3005,1544984546012,1
3005,1544984546067,1
3005,1544984546288,1
3005,1544984546541,1
3005,1544984546605,1
3005,1544984547012,1
3005,1544984547070,1
3005,1544984547288,1
3005,1544984547540,1
3005,1544984547609,1
3005,1544984548014,1
3005,1544984548073,1
3005,1544984548291,1
3005,1544984548543,1
3005,1544984548612,1
3005,1544984549014,1
3005,1544984549077,1
3005,1544984549294,1
3005,1544984549546,1
3005,1544984549610,1
3005,1544984550016,1
3005,1544984550079,1
3005,1544984550295,1
3005,1544984550550,1
3005,1544984550617,1
3005,1544984551018,1
3005,1544984551081,1
3005,1544984551297,1
3005,1544984551549,1
3005,1544984551619,1
3005,1544984552020,1
3005,1544984552086,1
3005,1544984552296,1
3005,1544984552553,1
3005,1544984552617,1
3005,1544984553022,1
3005,1544984553089,1
3005,1544984553303,1
3005,1544984553557,1
3005,1544984553621,1
3005,1544984554021,1
3005,1544984554094,1
3005,1544984554304,1
3005,1544984554560,1
3005,1544984554622,1
3005,1544984555024,1
3005,1544984555093,1
3005,1544984555302,1
3005,1544984555564,1
3005,1544984555628,1
3005,1544984556039,1
3005,1544984556099,1
3005,1544984556308,1
3005,1544984556565,1
3005,1544984556626,1
3005,1544984557027,1
3005,1544984557098,1
3005,1544984557313,1
3005,1544984557568,1
3005,1544984557630,1
3005,1544984558029,1
3005,1544984558096,1
3005,1544984558315,1
3005,1544984558569,1
3005,1544984558632,1
3005,1544984559032,1
3005,1544984559108,1
3005,1544984559314,1
3005,1544984559568,1
3005,1544984559631,1
3005,1544984560037,1
3005,1544984560100,1
3005,1544984560319,1
3005,1544984560569,1
3005,1544984560640,1
3005,1544984561037,1
3005,1544984561101,1
3005,1544984561323,1
3005,1544984561575,1
3005,1544984561636,1
3005,1544984562039,1
3005,1544984562106,1
3005,1544984562327,1
3005,1544984562574,1
3005,1544984562640,1
3005,1544984563038,1
3005,1544984563110,1
3005,1544984563334,1
3005,1544984563577,1
3005,1544984563639,1
3005,1544984564037,1
3005,1544984564109,1
3005,1544984564331,1
3005,1544984564580,1
3005,1544984564649,1
3005,1544984565037,1
3005,1544984565113,1
3005,1544984565335,1
3005,1544984565585,1
3005,1544984565649,1
3005,1544984566042,1
3005,1544984566116,1
3005,1544984566334,1
3005,1544984566589,1
3005,1544984566650,1
3005,1544984567041,1
3005,1544984567118,1
3005,1544984567337,1
3005,1544984567591,1
3005,1544984567654,1
3005,1544984568046,1
3005,1544984568115,1
3005,1544984568344,1
3005,1544984568592,1
3005,1544984568664,1
3005,1544984569050,1
3005,1544984569117,1
3005,1544984569343,1
3005,1544984569596,1
3005,1544984569662,1
3005,1544984570050,1
3005,1544984570116,1
3005,1544984570347,1
3005,1544984570596,1
3005,1544984570662,1
3005,1544984571054,1
3005,1544984571122,1
3005,1544984571354,1
3005,1544984571597,1
3005,1544984571665,1
3005,1544984572059,1
3005,1544984572124,1
3005,1544984572364,1
3005,1544984572602,1
3005,1544984572668,1
3005,1544984573062,1
3005,1544984573127,1
3005,1544984573351,1
3005,1544984573605,1
3005,1544984573673,1
3005,1544984574063,1
3005,1544984574131,1
3005,1544984574349,1
3005,1544984574613,1
3005,1544984574674,1
3005,1544984575068,1
3005,1544984575134,1
3005,1544984575355,1
3005,1544984575610,1
3005,1544984575674,1
3005,1544984576073,1
3005,1544984576142,1
3005,1544984576358,1
3005,1544984576609,1
3005,1544984576679,1
3005,1544984577073,1
3005,1544984577144,1
3005,1544984577364,1
3005,1544984577613,1
3005,1544984577679,1
3005,1544984578076,1
3005,1544984578142,1
3005,1544984578369,1
3005,1544984578621,1
3005,1544984578683,1
3005,1544984579079,1
3005,1544984579147,1
3005,1544984579368,1
3005,1544984579619,1
3005,1544984579687,1
3005,1544984580084,1
3005,1544984580149,1
3005,1544984580372,1
3005,1544984580623,1
3005,1544984580686,1
3005,1544984581087,1
3005,1544984581156,1
3005,1544984581374,1
3005,1544984581625,1
3005,1544984581688,1
3005,1544984582090,1
3005,1544984582157,1
3005,1544984582377,1
3005,1544984582623,1
3005,1544984582692,1
3005,1544984583095,1
3005,1544984583157,1
3005,1544984583375,1
3005,1544984583623,1
3005,1544984583696,1
3005,1544984584100,1
3005,1544984584160,1
3005,1544984584375,1
3005,1544984584625,1
3005,1544984584694,1
3005,1544984585104,1
3005,1544984585166,1
3005,1544984585379,1
3005,1544984585629,1
3005,1544984585696,1
3005,1544984586108,1
3005,1544984586165,1
3005,1544984586380,1
3005,1544984586633,1
3005,1544984586697,1
3005,1544984587112,1
3005,1544984587166,1
3005,1544984587386,1
3005,1544984587649,1
3005,1544984587699,1
3005,1544984588115,1
3005,1544984588172,1
3005,1544984588387,1
3005,1544984588636,1
3005,1544984588700,1
3005,1544984589120,1
3005,1544984589175,1
3005,1544984589389,1
3005,1544984589639,1
3005,1544984589706,1
3005,1544984590125,1
3005,1544984590183,1
3005,1544984590395,1
3005,1544984590642,1
3005,1544984590716,1
3005,1544984591128,1
3005,1544984591181,1
3005,1544984591396,1
3005,1544984591647,1
3005,1544984591728,1
3005,1544984592129,1
3005,1544984592185,1
3005,1544984592402,1
3005,1544984592647,1
3005,1544984592717,1
3005,1544984593133,1
3005,1544984593185,1
3005,1544984593399,1
3005,1544984593653,1
3005,1544984593721,1
3005,1544984594138,1
3005,1544984594191,1
3005,1544984594403,1
3005,1544984594655,1
3005,1544984594723,1
3005,1544984595138,1
3005,1544984595193,1
3005,1544984595408,1
3005,1544984595658,1
3005,1544984595727,1
3005,1544984596138,1
3005,1544984596192,1
3005,1544984596405,1
3005,1544984596660,1
3005,1544984596732,1
3005,1544984597144,1
3005,1544984597197,1
3005,1544984597410,1
3005,1544984597657,1
3005,1544984597735,1
3005,1544984598143,1
3005,1544984598198,1
3005,1544984598412,1
3005,1544984598663,1
3005,1544984598742,1
3005,1544984599144,1
3005,1544984599200,1
3005,1544984599416,1
3005,1544984599666,1
3005,1544984599745,1
3005,1544984600151,1
3005,1544984600210,1
3005,1544984600415,1
3005,1544984600671,1
3005,1544984600751,1
3005,1544984601154,1
3005,1544984601211,1
3005,1544984601417,1
3005,1544984601675,1
3005,1544984601748,1
3005,1544984602160,1
3005,1544984602211,1
3005,1544984602415,1
3005,1544984602677,1
3005,1544984602756,1
3005,1544984603164,1
3005,1544984603215,1
3005,1544984603421,1
3005,1544984603677,1
3005,1544984603753,1
3005,1544984604167,1
3005,1544984604219,1
3005,1544984604423,1
3005,1544984604680,1
3005,1544984604753,1
3005,1544984605168,1
3005,1544984605224,1
3005,1544984605430,1
3005,1544984605680,1
3005,1544984605758,1
3005,1544984606170,1
3005,1544984606228,1
3005,1544984606434,1
3005,1544984606682,1
3005,1544984606763,1
3005,1544984607175,1
3005,1544984607229,1
3005,1544984607432,1
3005,1544984607686,1
3005,1544984607765,1
3005,1544984608176,1
3005,1544984608233,1
3005,1544984608438,1
3005,1544984608687,1
3005,1544984608768,1
3005,1544984609179,1
3005,1544984609234,1
3005,1544984609440,1
3005,1544984609693,1
3005,1544984609772,1
3005,1544984610183,1
3005,1544984610236,1
3005,1544984610442,1
3005,1544984610696,1
3005,1544984610771,1
3005,1544984611186,1
3005,1544984611245,1
3005,1544984611446,1
3005,1544984611698,1
3005,1544984611776,1
3005,1544984612190,1
3005,1544984612248,1
3005,1544984612448,1
3005,1544984612703,1
3005,1544984612776,1
3005,1544984613191,1
3005,1544984613249,1
3005,1544984613453,1
3005,1544984613704,1
3005,1544984613776,1
3005,1544984614193,1
3005,1544984614254,1
3005,1544984614459,1
3005,1544984614706,1
3005,1544984614776,1
3005,1544984615200,1
3005,1544984615259,1
3005,1544984615463,1
3005,1544984615711,1
3005,1544984615781,1
3005,1544984616219,1
3005,1544984616262,1
3005,1544984616460,1
3005,1544984616713,1
3005,1544984616786,1
3005,1544984617206,1
3005,1544984617260,1
3005,1544984617462,1
3005,1544984617717,1
3005,1544984617782,1
3005,1544984618207,1
3005,1544984618268,1
3005,1544984618465,1
3005,1544984618718,1
3005,1544984618783,1
3005,1544984619209,1
3005,1544984619287,1
3005,1544984619467,1
3005,1544984619723,1
3005,1544984619783,1
3005,1544984620210,1
3005,1544984620268,1
3005,1544984620466,1
3005,1544984620726,1
3005,1544984620786,1
3005,1544984621213,1
3005,1544984621270,1
3005,1544984621464,1
3005,1544984621731,1
3005,1544984621791,1
3005,1544984622213,1
3005,1544984622273,1
3005,1544984622470,1
3005,1544984622732,1
3005,1544984622791,1
3005,1544984623219,1
3005,1544984623275,1
3005,1544984623468,1
3005,1544984623736,1
3005,1544984623797,1
3005,1544984624219,1
3005,1544984624277,1
3005,1544984624476,1
3005,1544984624740,1
3005,1544984624797,1
3005,1544984625223,1
3005,1544984625276,1
3005,1544984625478,1
3005,1544984625744,1
3005,1544984625800,1
3005,1544984626225,1
3005,1544984626276,1
3005,1544984626481,1
3005,1544984626752,1
3005,1544984626804,1
3005,1544984627230,1
3005,1544984627278,1
3005,1544984627484,1
3005,1544984627751,1
3005,1544984627803,1
3005,1544984628232,1
3005,1544984628276,1
3005,1544984628484,1
3005,1544984628758,1
3005,1544984628806,1
3005,1544984629235,1
3005,1544984629284,1
3005,1544984629506,1
3005,1544984629761,1
3005,1544984629814,1
3005,1544984630241,1
3005,1544984630283,1
3005,1544984630483,1
3005,1544984630762,1
3005,1544984630819,1
3005,1544984631240,1
3005,1544984631288,1
3005,1544984631493,1
3005,1544984631762,1
3005,1544984631815,1
3005,1544984632245,1
3005,1544984632289,1
3005,1544984632496,1
