3005,1544984039076,1
3005,1544984039077,1
3005,1544984039078,1
3005,1544984039078,1
3005,1544984039078,1
3005,1544984039079,1
3005,1544984040076,1
3005,1544984040076,1
3005,1544984040076,1
3005,1544984040077,1
3005,1544984040077,1
3005,1544984040077,1
3005,1544984041077,1
3005,1544984041077,1
3005,1544984041077,1
3005,1544984041078,1
3005,1544984041078,1
3005,1544984041078,1
3005,1544984042077,1
3005,1544984042078,1
3005,1544984042078,1
3005,1544984042079,1
3005,1544984042079,1
3005,1544984042079,1
3005,1544984043082,1
3005,1544984043083,1
3005,1544984043083,1
3005,1544984043083,1
3005,1544984043084,1
3005,1544984043084,1
3005,1544984044084,1
3005,1544984044084,1
3005,1544984044085,1
3005,1544984044085,1
3005,1544984044085,1
3005,1544984044085,1
3005,1544984045085,1
3005,1544984045086,1
3005,1544984045086,1
3005,1544984045086,1
3005,1544984045087,1
3005,1544984045087,1
3005,1544984046088,1
3005,1544984046088,1
3005,1544984046088,1
3005,1544984046089,1
3005,1544984046089,1
3005,1544984046089,1
3005,1544984047092,1
3005,1544984047093,1
3005,1544984047093,1
3005,1544984047093,1
3005,1544984047093,1
3005,1544984047093,1
3005,1544984048095,1
3005,1544984048096,1
3005,1544984048096,1
3005,1544984048096,1
3005,1544984048096,1
3005,1544984048096,1
3005,1544984049100,1
3005,1544984049100,1
3005,1544984049100,1
3005,1544984049100,1
3005,1544984049101,1
3005,1544984049102,1
3005,1544984050104,1
3005,1544984050105,1
3005,1544984050105,1
3005,1544984050105,1
3005,1544984050105,1
3005,1544984050105,1
3005,1544984051106,1
3005,1544984051107,1
3005,1544984051107,1
3005,1544984051107,1
3005,1544984051108,1
3005,1544984051108,1
3005,1544984052108,1
3005,1544984052109,1
3005,1544984052109,1
3005,1544984052109,1
3005,1544984052109,1
3005,1544984052110,1
3005,1544984053111,1
3005,1544984053111,1
3005,1544984053111,1
3005,1544984053112,1
3005,1544984053112,1
3005,1544984053112,1
3005,1544984054113,1
3005,1544984054114,1
3005,1544984054114,1
3005,1544984054114,1
3005,1544984054114,1
3005,1544984054114,1
3005,1544984055117,1
3005,1544984055118,1
3005,1544984055118,1
3005,1544984055118,1
3005,1544984055118,1
3005,1544984055119,1
3005,1544984056121,1
3005,1544984056121,1
3005,1544984056121,1
3005,1544984056121,1
3005,1544984056121,1
3005,1544984056122,1
3005,1544984057121,1
3005,1544984057122,1
3005,1544984057122,1
3005,1544984057122,1
3005,1544984057123,1
3005,1544984057123,1
3005,1544984058121,1
3005,1544984058122,1
3005,1544984058122,1
3005,1544984058122,1
3005,1544984058122,1
3005,1544984058123,1
3005,1544984059122,1
3005,1544984059122,1
3005,1544984059122,1
3005,1544984059123,1
3005,1544984059123,1
3005,1544984059123,1
3005,1544984060121,1
3005,1544984060122,1
3005,1544984060122,1
3005,1544984060122,1
3005,1544984060122,1
3005,1544984060122,1
3005,1544984061123,1
3005,1544984061124,1
3005,1544984061124,1
3005,1544984061124,1
3005,1544984061124,1
3005,1544984061124,1
3005,1544984062125,1
3005,1544984062125,1
3005,1544984062126,1
3005,1544984062127,1
3005,1544984062127,1
3005,1544984062128,1
3005,1544984063125,1
3005,1544984063125,1
3005,1544984063125,1
3005,1544984063125,1
3005,1544984063125,1
3005,1544984063126,1
3005,1544984064126,1
3005,1544984064127,1
3005,1544984064127,1
3005,1544984064127,1
3005,1544984064128,1
3005,1544984064128,1
3005,1544984065129,1
3005,1544984065130,1
3005,1544984065130,1
3005,1544984065130,1
3005,1544984065130,1
3005,1544984065130,1
3005,1544984066133,1
3005,1544984066134,1
3005,1544984066134,1
3005,1544984066134,1
3005,1544984066134,1
3005,1544984066134,1
3005,1544984067133,1
3005,1544984067134,1
3005,1544984067134,1
3005,1544984067134,1
3005,1544984067134,1
3005,1544984067134,1
3005,1544984068133,1
3005,1544984068134,1
3005,1544984068134,1
3005,1544984068134,1
3005,1544984068135,1
3005,1544984068135,1
3005,1544984069133,1
3005,1544984069133,1
3005,1544984069133,1
3005,1544984069133,1
3005,1544984069134,1
3005,1544984069134,1
3005,1544984070137,1
3005,1544984070137,1
3005,1544984070138,1
3005,1544984070138,1
3005,1544984070138,1
3005,1544984070138,1
3005,1544984071141,1
3005,1544984071142,1
3005,1544984071142,1
3005,1544984071143,1
3005,1544984071143,1
3005,1544984071143,1
3005,1544984072145,1
3005,1544984072145,1
3005,1544984072146,1
3005,1544984072146,1
3005,1544984072146,1
3005,1544984072147,1
3005,1544984073146,1
3005,1544984073147,1
3005,1544984073147,1
3005,1544984073147,1
3005,1544984073147,1
3005,1544984073147,1
3005,1544984074150,1
3005,1544984074151,1
3005,1544984074151,1
3005,1544984074151,1
3005,1544984074152,1
3005,1544984074152,1
3005,1544984075153,1
3005,1544984075154,1
3005,1544984075154,1
3005,1544984075154,1
3005,1544984075154,1
3005,1544984075155,1
3005,1544984076155,1
3005,1544984076155,1
3005,1544984076155,1
3005,1544984076155,1
3005,1544984076156,1
3005,1544984076156,1
3005,1544984077157,1
3005,1544984077158,1
3005,1544984077158,1
3005,1544984077158,1
3005,1544984077158,1
3005,1544984077159,1
3005,1544984078160,1
3005,1544984078161,1
3005,1544984078161,1
3005,1544984078161,1
3005,1544984078161,1
3005,1544984078161,1
3005,1544984079165,1
3005,1544984079165,1
3005,1544984079165,1
3005,1544984079165,1
3005,1544984079166,1
3005,1544984079166,1
3005,1544984080169,1
3005,1544984080170,1
3005,1544984080170,1
3005,1544984080170,1
3005,1544984080170,1
3005,1544984080170,1
3005,1544984081174,1
3005,1544984081175,1
3005,1544984081175,1
3005,1544984081175,1
3005,1544984081175,1
3005,1544984081175,1
3005,1544984082175,1
3005,1544984082176,1
3005,1544984082176,1
3005,1544984082176,1
3005,1544984082176,1
3005,1544984082176,1
3005,1544984083177,1
3005,1544984083178,1
3005,1544984083178,1
3005,1544984083178,1
3005,1544984083179,1
3005,1544984083179,1
3005,1544984084179,1
3005,1544984084179,1
3005,1544984084179,1
3005,1544984084179,1
3005,1544984084180,1
3005,1544984084180,1
3005,1544984085183,1
3005,1544984085183,1
3005,1544984085183,1
3005,1544984085183,1
3005,1544984085184,1
3005,1544984085184,1
3005,1544984086184,1
3005,1544984086184,1
3005,1544984086184,1
3005,1544984086184,1
3005,1544984086185,1
3005,1544984086185,1
3005,1544984087183,1
3005,1544984087184,1
3005,1544984087184,1
3005,1544984087184,1
3005,1544984087185,1
3005,1544984087185,1
3005,1544984088185,1
3005,1544984088185,1
3005,1544984088185,1
3005,1544984088185,1
3005,1544984088185,1
3005,1544984088186,1
3005,1544984089188,1
3005,1544984089188,1
3005,1544984089188,1
3005,1544984089189,1
3005,1544984089189,1
3005,1544984089189,1
3005,1544984090192,1
3005,1544984090193,1
3005,1544984090194,1
3005,1544984090194,1
3005,1544984090194,1
3005,1544984090195,1
3005,1544984091192,1
3005,1544984091193,1
3005,1544984091193,1
3005,1544984091193,1
3005,1544984091193,1
3005,1544984091194,1
3005,1544984092195,1
3005,1544984092195,1
3005,1544984092195,1
3005,1544984092196,1
3005,1544984092196,1
3005,1544984092196,1
3005,1544984093199,1
3005,1544984093200,1
3005,1544984093200,1
3005,1544984093200,1
3005,1544984093200,1
3005,1544984093201,1
3005,1544984094203,1
3005,1544984094204,1
3005,1544984094204,1
3005,1544984094204,1
3005,1544984094204,1
3005,1544984094205,1
3005,1544984095203,1
3005,1544984095204,1
3005,1544984095204,1
3005,1544984095204,1
3005,1544984095204,1
3005,1544984095205,1
3005,1544984096205,1
3005,1544984096206,1
3005,1544984096206,1
3005,1544984096206,1
3005,1544984096206,1
3005,1544984096206,1
3005,1544984097210,1
3005,1544984097210,1
3005,1544984097210,1
3005,1544984097211,1
3005,1544984097211,1
3005,1544984097211,1
3005,1544984098211,1
3005,1544984098211,1
3005,1544984098212,1
3005,1544984098212,1
3005,1544984098212,1
3005,1544984098212,1
3005,1544984099215,1
3005,1544984099215,1
3005,1544984099215,1
3005,1544984099215,1
3005,1544984099215,1
3005,1544984099215,1
3005,1544984100219,1
3005,1544984100219,1
3005,1544984100219,1
3005,1544984100219,1
3005,1544984100219,1
3005,1544984100219,1
3005,1544984101220,1
3005,1544984101221,1
3005,1544984101221,1
3005,1544984101222,1
3005,1544984101222,1
3005,1544984101222,1
3005,1544984102225,1
3005,1544984102226,1
3005,1544984102226,1
3005,1544984102226,1
3005,1544984102226,1
3005,1544984102226,1
3005,1544984103227,1
3005,1544984103228,1
3005,1544984103228,1
3005,1544984103228,1
3005,1544984103228,1
3005,1544984103229,1
3005,1544984104231,1
3005,1544984104231,1
3005,1544984104231,1
3005,1544984104232,1
3005,1544984104232,1
3005,1544984104232,1
3005,1544984105232,1
3005,1544984105233,1
3005,1544984105233,1
3005,1544984105233,1
3005,1544984105233,1
3005,1544984105233,1
3005,1544984106232,1
3005,1544984106233,1
3005,1544984106233,1
3005,1544984106233,1
3005,1544984106233,1
3005,1544984106233,1
3005,1544984107236,1
3005,1544984107237,1
3005,1544984107237,1
3005,1544984107237,1
3005,1544984107237,1
3005,1544984107237,1
3005,1544984108240,1
3005,1544984108241,1
3005,1544984108241,1
3005,1544984108241,1
3005,1544984108242,1
3005,1544984108242,1
3005,1544984109244,1
3005,1544984109244,1
3005,1544984109245,1
3005,1544984109245,1
3005,1544984109245,1
3005,1544984109245,1
3005,1544984110247,1
3005,1544984110247,1
3005,1544984110247,1
3005,1544984110247,1
3005,1544984110247,1
3005,1544984110248,1
3005,1544984111246,1
3005,1544984111247,1
3005,1544984111247,1
3005,1544984111247,1
3005,1544984111247,1
3005,1544984111248,1
3005,1544984112250,1
3005,1544984112250,1
3005,1544984112250,1
3005,1544984112250,1
3005,1544984112251,1
3005,1544984112251,1
3005,1544984113254,1
3005,1544984113255,1
3005,1544984113255,1
3005,1544984113255,1
3005,1544984113255,1
3005,1544984113255,1
3005,1544984114255,1
3005,1544984114255,1
3005,1544984114255,1
3005,1544984114256,1
3005,1544984114256,1
3005,1544984114256,1
3005,1544984115257,1
3005,1544984115257,1
3005,1544984115258,1
3005,1544984115258,1
3005,1544984115258,1
3005,1544984115258,1
3005,1544984116261,1
3005,1544984116262,1
3005,1544984116262,1
3005,1544984116262,1
3005,1544984116262,1
3005,1544984116262,1
3005,1544984117265,1
3005,1544984117265,1
3005,1544984117265,1
3005,1544984117265,1
3005,1544984117265,1
3005,1544984117265,1
3005,1544984118270,1
3005,1544984118270,1
3005,1544984118270,1
3005,1544984118270,1
3005,1544984118270,1
3005,1544984118271,1
3005,1544984119271,1
3005,1544984119271,1
3005,1544984119271,1
3005,1544984119272,1
3005,1544984119272,1
3005,1544984119272,1
3005,1544984120275,1
3005,1544984120276,1
3005,1544984120276,1
3005,1544984120276,1
3005,1544984120276,1
3005,1544984120276,1
3005,1544984121276,1
3005,1544984121277,1
3005,1544984121277,1
3005,1544984121277,1
3005,1544984121277,1
3005,1544984121277,1
3005,1544984122279,1
3005,1544984122279,1
3005,1544984122279,1
3005,1544984122280,1
3005,1544984122280,1
3005,1544984122280,1
3005,1544984123279,1
3005,1544984123279,1
3005,1544984123279,1
3005,1544984123279,1
3005,1544984123280,1
3005,1544984123280,1
3005,1544984124283,1
3005,1544984124284,1
3005,1544984124284,1
3005,1544984124284,1
3005,1544984124284,1
3005,1544984124285,1
3005,1544984125284,1
3005,1544984125285,1
3005,1544984125285,1
3005,1544984125285,1
3005,1544984125285,1
3005,1544984125286,1
3005,1544984126285,1
3005,1544984126285,1
3005,1544984126285,1
3005,1544984126286,1
3005,1544984126286,1
3005,1544984126286,1
3005,1544984127287,1
3005,1544984127287,1
3005,1544984127288,1
3005,1544984127288,1
3005,1544984127288,1
3005,1544984127288,1
3005,1544984128292,1
3005,1544984128292,1
3005,1544984128293,1
3005,1544984128293,1
3005,1544984128293,1
3005,1544984128293,1
3005,1544984129292,1
3005,1544984129293,1
3005,1544984129293,1
3005,1544984129293,1
3005,1544984129293,1
3005,1544984129294,1
3005,1544984130297,1
3005,1544984130298,1
3005,1544984130298,1
3005,1544984130299,1
3005,1544984130299,1
3005,1544984130299,1
3005,1544984131301,1
3005,1544984131301,1
3005,1544984131302,1
3005,1544984131302,1
3005,1544984131302,1
3005,1544984131302,1
3005,1544984132305,1
3005,1544984132306,1
3005,1544984132306,1
3005,1544984132306,1
3005,1544984132306,1
3005,1544984132306,1
3005,1544984133307,1
3005,1544984133307,1
3005,1544984133308,1
3005,1544984133308,1
3005,1544984133308,1
3005,1544984133308,1
3005,1544984134308,1
3005,1544984134308,1
3005,1544984134309,1
3005,1544984134309,1
3005,1544984134309,1
3005,1544984134309,1
3005,1544984135312,1
3005,1544984135313,1
3005,1544984135313,1
3005,1544984135313,1
3005,1544984135313,1
3005,1544984135314,1
3005,1544984136315,1
3005,1544984136315,1
3005,1544984136315,1
3005,1544984136315,1
3005,1544984136316,1
3005,1544984136316,1
3005,1544984137320,1
3005,1544984137320,1
3005,1544984137320,1
3005,1544984137321,1
3005,1544984137321,1
3005,1544984137321,1
3005,1544984138325,1
3005,1544984138326,1
3005,1544984138326,1
3005,1544984138326,1
3005,1544984138326,1
3005,1544984138327,1
3005,1544984139329,1
3005,1544984139330,1
3005,1544984139330,1
3005,1544984139330,1
3005,1544984139330,1
3005,1544984139331,1
3005,1544984140330,1
3005,1544984140331,1
3005,1544984140331,1
3005,1544984140331,1
3005,1544984140331,1
3005,1544984140331,1
3005,1544984141333,1
3005,1544984141333,1
3005,1544984141333,1
3005,1544984141334,1
3005,1544984141334,1
3005,1544984141334,1
3005,1544984142334,1
3005,1544984142334,1
3005,1544984142334,1
3005,1544984142335,1
3005,1544984142335,1
3005,1544984142335,1
3005,1544984143337,1
3005,1544984143338,1
3005,1544984143338,1
3005,1544984143339,1
3005,1544984143339,1
3005,1544984143340,1
3005,1544984144337,1
3005,1544984144337,1
3005,1544984144337,1
3005,1544984144338,1
3005,1544984144338,1
3005,1544984144338,1
3005,1544984145340,1
3005,1544984145341,1
3005,1544984145341,1
3005,1544984145341,1
3005,1544984145341,1
3005,1544984145342,1
3005,1544984146341,1
3005,1544984146342,1
3005,1544984146342,1
3005,1544984146342,1
3005,1544984146342,1
3005,1544984146342,1
3005,1544984147345,1
3005,1544984147345,1
3005,1544984147346,1
3005,1544984147346,1
3005,1544984147346,1
3005,1544984147346,1
3005,1544984148350,1
3005,1544984148350,1
3005,1544984148351,1
3005,1544984148351,1
3005,1544984148351,1
3005,1544984148351,1
3005,1544984149351,1
3005,1544984149352,1
3005,1544984149352,1
3005,1544984149352,1
3005,1544984149352,1
3005,1544984149353,1
3005,1544984150354,1
3005,1544984150354,1
3005,1544984150354,1
3005,1544984150354,1
3005,1544984150354,1
3005,1544984150355,1
3005,1544984151357,1
3005,1544984151358,1
3005,1544984151358,1
3005,1544984151358,1
3005,1544984151358,1
3005,1544984151358,1
3005,1544984152361,1
3005,1544984152361,1
3005,1544984152361,1
3005,1544984152362,1
3005,1544984152362,1
3005,1544984152362,1
3005,1544984153365,1
3005,1544984153366,1
3005,1544984153366,1
3005,1544984153366,1
3005,1544984153366,1
3005,1544984153367,1
3005,1544984154366,1
3005,1544984154367,1
3005,1544984154367,1
3005,1544984154367,1
3005,1544984154367,1
3005,1544984154367,1
3005,1544984155366,1
3005,1544984155366,1
3005,1544984155367,1
3005,1544984155367,1
3005,1544984155367,1
3005,1544984155367,1
3005,1544984156368,1
3005,1544984156368,1
3005,1544984156369,1
3005,1544984156369,1
3005,1544984156369,1
3005,1544984156369,1
3005,1544984157371,1
3005,1544984157372,1
3005,1544984157372,1
3005,1544984157372,1
3005,1544984157372,1
3005,1544984157372,1
3005,1544984158373,1
3005,1544984158373,1
3005,1544984158374,1
3005,1544984158374,1
3005,1544984158374,1
3005,1544984158374,1
3005,1544984159373,1
3005,1544984159374,1
3005,1544984159374,1
3005,1544984159374,1
3005,1544984159375,1
3005,1544984159375,1
3005,1544984160377,1
3005,1544984160377,1
3005,1544984160378,1
3005,1544984160378,1
3005,1544984160378,1
3005,1544984160378,1
3005,1544984161378,1
3005,1544984161378,1
3005,1544984161378,1
3005,1544984161378,1
3005,1544984161379,1
3005,1544984161379,1
3005,1544984162383,1
3005,1544984162383,1
3005,1544984162383,1
3005,1544984162384,1
3005,1544984162384,1
3005,1544984162384,1
3005,1544984163387,1
3005,1544984163387,1
3005,1544984163387,1
3005,1544984163387,1
3005,1544984163388,1
3005,1544984163388,1
3005,1544984164387,1
3005,1544984164387,1
3005,1544984164387,1
3005,1544984164388,1
3005,1544984164388,1
3005,1544984164388,1
3005,1544984165390,1
3005,1544984165390,1
3005,1544984165390,1
3005,1544984165390,1
3005,1544984165390,1
3005,1544984165390,1
3005,1544984166391,1
3005,1544984166391,1
3005,1544984166391,1
3005,1544984166392,1
3005,1544984166392,1
3005,1544984166392,1
3005,1544984167392,1
3005,1544984167392,1
3005,1544984167392,1
3005,1544984167393,1
3005,1544984167393,1
3005,1544984167393,1
3005,1544984168392,1
3005,1544984168392,1
3005,1544984168392,1
3005,1544984168392,1
3005,1544984168392,1
3005,1544984168392,1
3005,1544984169392,1
3005,1544984169393,1
3005,1544984169393,1
3005,1544984169393,1
3005,1544984169393,1
3005,1544984169393,1
3005,1544984170396,1
3005,1544984170396,1
3005,1544984170396,1
3005,1544984170397,1
3005,1544984170397,1
3005,1544984170397,1
3005,1544984171399,1
3005,1544984171399,1
3005,1544984171399,1
3005,1544984171399,1
3005,1544984171400,1
3005,1544984171400,1
3005,1544984172401,1
3005,1544984172401,1
3005,1544984172401,1
3005,1544984172401,1
3005,1544984172401,1
3005,1544984172401,1
3005,1544984173403,1
3005,1544984173403,1
3005,1544984173403,1
3005,1544984173403,1
3005,1544984173404,1
3005,1544984173404,1
3005,1544984174405,1
3005,1544984174406,1
3005,1544984174406,1
3005,1544984174407,1
3005,1544984174407,1
3005,1544984174407,1
3005,1544984175406,1
3005,1544984175406,1
3005,1544984175406,1
3005,1544984175407,1
3005,1544984175407,1
3005,1544984175407,1
3005,1544984176410,1
3005,1544984176410,1
3005,1544984176410,1
3005,1544984176410,1
3005,1544984176410,1
3005,1544984176411,1
3005,1544984177415,1
3005,1544984177416,1
3005,1544984177416,1
3005,1544984177416,1
3005,1544984177416,1
3005,1544984177416,1
3005,1544984178418,1
3005,1544984178419,1
3005,1544984178420,1
3005,1544984178420,1
3005,1544984178421,1
3005,1544984178421,1
3005,1544984179421,1
3005,1544984179421,1
3005,1544984179422,1
3005,1544984179422,1
3005,1544984179422,1
3005,1544984179422,1
3005,1544984180423,1
3005,1544984180423,1
3005,1544984180423,1
3005,1544984180423,1
3005,1544984180424,1
3005,1544984180424,1
3005,1544984181425,1
3005,1544984181425,1
3005,1544984181425,1
3005,1544984181426,1
3005,1544984181426,1
3005,1544984181426,1
3005,1544984182429,1
3005,1544984182429,1
3005,1544984182429,1
3005,1544984182429,1
3005,1544984182429,1
3005,1544984182429,1
3005,1544984183433,1
3005,1544984183434,1
3005,1544984183434,1
3005,1544984183434,1
3005,1544984183435,1
3005,1544984183435,1
3005,1544984184434,1
3005,1544984184434,1
3005,1544984184434,1
3005,1544984184435,1
3005,1544984184435,1
3005,1544984184435,1
3005,1544984185437,1
3005,1544984185438,1
3005,1544984185438,1
3005,1544984185438,1
3005,1544984185438,1
3005,1544984185438,1
3005,1544984186440,1
3005,1544984186441,1
3005,1544984186441,1
3005,1544984186441,1
3005,1544984186441,1
3005,1544984186442,1
3005,1544984187444,1
3005,1544984187445,1
3005,1544984187445,1
3005,1544984187445,1
3005,1544984187445,1
3005,1544984187445,1
3005,1544984188449,1
3005,1544984188449,1
3005,1544984188450,1
3005,1544984188450,1
3005,1544984188450,1
3005,1544984188450,1
3005,1544984189449,1
3005,1544984189449,1
3005,1544984189449,1
3005,1544984189449,1
3005,1544984189450,1
3005,1544984189450,1
3005,1544984190453,1
3005,1544984190453,1
3005,1544984190453,1
3005,1544984190454,1
3005,1544984190454,1
3005,1544984190454,1
3005,1544984191457,1
3005,1544984191458,1
3005,1544984191458,1
3005,1544984191458,1
3005,1544984191458,1
3005,1544984191458,1
3005,1544984192462,1
3005,1544984192463,1
3005,1544984192463,1
3005,1544984192463,1
3005,1544984192463,1
3005,1544984192463,1
3005,1544984193466,1
3005,1544984193467,1
3005,1544984193467,1
3005,1544984193468,1
3005,1544984193468,1
3005,1544984193468,1
3005,1544984194470,1
3005,1544984194470,1
3005,1544984194470,1
3005,1544984194470,1
3005,1544984194470,1
3005,1544984194471,1
3005,1544984195473,1
3005,1544984195474,1
3005,1544984195474,1
3005,1544984195474,1
3005,1544984195474,1
3005,1544984195474,1
3005,1544984196476,1
3005,1544984196477,1
3005,1544984196477,1
3005,1544984196477,1
3005,1544984196477,1
3005,1544984196477,1
3005,1544984197478,1
3005,1544984197479,1
3005,1544984197479,1
3005,1544984197479,1
3005,1544984197480,1
3005,1544984197480,1
3005,1544984198480,1
3005,1544984198480,1
3005,1544984198480,1
3005,1544984198480,1
3005,1544984198480,1
3005,1544984198480,1
3005,1544984199482,1
3005,1544984199483,1
3005,1544984199483,1
3005,1544984199483,1
3005,1544984199483,1
3005,1544984199483,1
3005,1544984200482,1
3005,1544984200483,1
3005,1544984200483,1
3005,1544984200483,1
3005,1544984200483,1
3005,1544984200483,1
3005,1544984201486,1
3005,1544984201487,1
3005,1544984201487,1
3005,1544984201487,1
3005,1544984201487,1
3005,1544984201489,1
3005,1544984202489,1
3005,1544984202489,1
3005,1544984202489,1
3005,1544984202489,1
3005,1544984202490,1
3005,1544984202490,1
3005,1544984203491,1
3005,1544984203491,1
3005,1544984203492,1
3005,1544984203492,1
3005,1544984203492,1
3005,1544984203492,1
3005,1544984204492,1
3005,1544984204492,1
3005,1544984204493,1
3005,1544984204493,1
3005,1544984204493,1
3005,1544984204493,1
3005,1544984205496,1
3005,1544984205496,1
3005,1544984205496,1
3005,1544984205496,1
3005,1544984205496,1
3005,1544984205496,1
3005,1544984206497,1
3005,1544984206498,1
3005,1544984206498,1
3005,1544984206498,1
3005,1544984206498,1
3005,1544984206498,1
3005,1544984207500,1
3005,1544984207500,1
3005,1544984207501,1
3005,1544984207501,1
3005,1544984207501,1
3005,1544984207501,1
3005,1544984208500,1
3005,1544984208500,1
3005,1544984208500,1
3005,1544984208500,1
3005,1544984208501,1
3005,1544984208501,1
3005,1544984209500,1
3005,1544984209501,1
3005,1544984209501,1
3005,1544984209501,1
3005,1544984209501,1
3005,1544984209501,1
3005,1544984210504,1
3005,1544984210504,1
3005,1544984210504,1
3005,1544984210504,1
3005,1544984210505,1
3005,1544984210505,1
3005,1544984211505,1
3005,1544984211506,1
3005,1544984211506,1
3005,1544984211506,1
3005,1544984211506,1
3005,1544984211507,1
3005,1544984212509,1
3005,1544984212510,1
3005,1544984212510,1
3005,1544984212510,1
3005,1544984212510,1
3005,1544984212510,1
3005,1544984213514,1
3005,1544984213514,1
3005,1544984213514,1
3005,1544984213514,1
3005,1544984213514,1
3005,1544984213514,1
3005,1544984214515,1
3005,1544984214515,1
3005,1544984214515,1
3005,1544984214515,1
3005,1544984214515,1
3005,1544984214515,1
3005,1544984215516,1
3005,1544984215517,1
3005,1544984215517,1
3005,1544984215517,1
3005,1544984215517,1
3005,1544984215517,1
3005,1544984216520,1
3005,1544984216521,1
3005,1544984216521,1
3005,1544984216521,1
3005,1544984216521,1
3005,1544984216521,1
3005,1544984217522,1
3005,1544984217523,1
3005,1544984217523,1
3005,1544984217523,1
3005,1544984217523,1
3005,1544984217524,1
3005,1544984218527,1
3005,1544984218528,1
3005,1544984218528,1
3005,1544984218528,1
3005,1544984218529,1
3005,1544984218529,1
3005,1544984219527,1
3005,1544984219528,1
3005,1544984219528,1
3005,1544984219528,1
3005,1544984219528,1
3005,1544984219528,1
3005,1544984220531,1
3005,1544984220531,1
3005,1544984220531,1
3005,1544984220532,1
3005,1544984220532,1
3005,1544984220532,1
3005,1544984221536,1
3005,1544984221536,1
3005,1544984221536,1
3005,1544984221536,1
3005,1544984221536,1
3005,1544984221536,1
3005,1544984222537,1
3005,1544984222537,1
3005,1544984222537,1
3005,1544984222538,1
3005,1544984222538,1
3005,1544984222538,1
3005,1544984223538,1
3005,1544984223539,1
3005,1544984223539,1
3005,1544984223539,1
3005,1544984223539,1
3005,1544984223539,1
3005,1544984224543,1
3005,1544984224543,1
3005,1544984224543,1
3005,1544984224543,1
3005,1544984224543,1
3005,1544984224543,1
3005,1544984225547,1
3005,1544984225547,1
3005,1544984225547,1
3005,1544984225547,1
3005,1544984225547,1
3005,1544984225547,1
3005,1544984226548,1
3005,1544984226549,1
3005,1544984226549,1
3005,1544984226549,1
3005,1544984226549,1
3005,1544984226549,1
3005,1544984227549,1
3005,1544984227550,1
3005,1544984227550,1
3005,1544984227550,1
3005,1544984227550,1
3005,1544984227550,1
3005,1544984228554,1
3005,1544984228555,1
3005,1544984228555,1
3005,1544984228555,1
3005,1544984228555,1
3005,1544984228555,1
3005,1544984229558,1
3005,1544984229558,1
3005,1544984229558,1
3005,1544984229558,1
3005,1544984229559,1
3005,1544984229559,1
3005,1544984230563,1
3005,1544984230563,1
3005,1544984230565,1
3005,1544984230565,1
3005,1544984230565,1
3005,1544984230565,1
3005,1544984231566,1
3005,1544984231567,1
3005,1544984231567,1
3005,1544984231570,1
3005,1544984231570,1
3005,1544984231570,1
3005,1544984232567,1
3005,1544984232568,1
3005,1544984232568,1
3005,1544984232568,1
3005,1544984232568,1
3005,1544984232568,1
3005,1544984233568,1
3005,1544984233568,1
3005,1544984233568,1
3005,1544984233568,1
3005,1544984233569,1
3005,1544984233569,1
3005,1544984234568,1
3005,1544984234568,1
3005,1544984234569,1
3005,1544984234569,1
3005,1544984234569,1
3005,1544984234569,1
3005,1544984235572,1
3005,1544984235572,1
3005,1544984235572,1
3005,1544984235572,1
3005,1544984235573,1
3005,1544984235573,1
3005,1544984236572,1
3005,1544984236573,1
3005,1544984236573,1
3005,1544984236573,1
3005,1544984236573,1
3005,1544984236573,1
3005,1544984237575,1
3005,1544984237576,1
3005,1544984237576,1
3005,1544984237576,1
3005,1544984237576,1
3005,1544984237576,1
3005,1544984238578,1
3005,1544984238579,1
3005,1544984238579,1
3005,1544984238579,1
3005,1544984238579,1
3005,1544984238579,1
3005,1544984239579,1
3005,1544984239579,1
3005,1544984239579,1
3005,1544984239579,1
3005,1544984239579,1
3005,1544984239579,1
3005,1544984240584,1
3005,1544984240584,1
3005,1544984240584,1
3005,1544984240584,1
3005,1544984240585,1
3005,1544984240585,1
3005,1544984241585,1
3005,1544984241586,1
3005,1544984241586,1
3005,1544984241586,1
3005,1544984241586,1
3005,1544984241586,1
3005,1544984242588,1
3005,1544984242589,1
3005,1544984242589,1
3005,1544984242589,1
3005,1544984242589,1
3005,1544984242589,1
3005,1544984243590,1
3005,1544984243591,1
3005,1544984243591,1
3005,1544984243591,1
3005,1544984243591,1
3005,1544984243591,1
3005,1544984244592,1
3005,1544984244593,1
3005,1544984244593,1
3005,1544984244594,1
3005,1544984244594,1
3005,1544984244594,1
3005,1544984245596,1
3005,1544984245596,1
3005,1544984245596,1
3005,1544984245596,1
3005,1544984245596,1
3005,1544984245596,1
3005,1544984246601,1
3005,1544984246601,1
3005,1544984246601,1
3005,1544984246601,1
3005,1544984246601,1
3005,1544984246601,1
3005,1544984247604,1
3005,1544984247604,1
3005,1544984247604,1
3005,1544984247604,1
3005,1544984247604,1
3005,1544984247605,1
3005,1544984248609,1
3005,1544984248610,1
3005,1544984248610,1
3005,1544984248610,1
3005,1544984248610,1
3005,1544984248610,1
3005,1544984249612,1
3005,1544984249612,1
3005,1544984249612,1
3005,1544984249612,1
3005,1544984249612,1
3005,1544984249613,1
3005,1544984250612,1
3005,1544984250612,1
3005,1544984250612,1
3005,1544984250612,1
3005,1544984250612,1
3005,1544984250612,1
3005,1544984251616,1
3005,1544984251616,1
3005,1544984251616,1
3005,1544984251617,1
3005,1544984251617,1
3005,1544984251617,1
3005,1544984252616,1
3005,1544984252617,1
3005,1544984252617,1
3005,1544984252617,1
3005,1544984252617,1
3005,1544984252617,1
3005,1544984253617,1
3005,1544984253617,1
3005,1544984253618,1
3005,1544984253618,1
3005,1544984253618,1
3005,1544984253618,1
3005,1544984254617,1
3005,1544984254618,1
3005,1544984254618,1
3005,1544984254618,1
3005,1544984254618,1
3005,1544984254618,1
3005,1544984255621,1
3005,1544984255621,1
3005,1544984255621,1
3005,1544984255622,1
3005,1544984255622,1
3005,1544984255622,1
3005,1544984256621,1
3005,1544984256621,1
3005,1544984256621,1
3005,1544984256621,1
3005,1544984256621,1
3005,1544984256621,1
3005,1544984257623,1
3005,1544984257624,1
3005,1544984257624,1
3005,1544984257624,1
3005,1544984257624,1
3005,1544984257624,1
3005,1544984258627,1
3005,1544984258628,1
3005,1544984258628,1
3005,1544984258628,1
3005,1544984258628,1
3005,1544984258628,1
3005,1544984259631,1
3005,1544984259631,1
3005,1544984259632,1
3005,1544984259632,1
3005,1544984259632,1
3005,1544984259632,1
3005,1544984260636,1
3005,1544984260636,1
3005,1544984260637,1
3005,1544984260637,1
3005,1544984260637,1
3005,1544984260637,1
3005,1544984261638,1
3005,1544984261639,1
3005,1544984261639,1
3005,1544984261639,1
3005,1544984261639,1
3005,1544984261640,1
3005,1544984262640,1
3005,1544984262640,1
3005,1544984262641,1
3005,1544984262641,1
3005,1544984262641,1
3005,1544984262641,1
3005,1544984263645,1
3005,1544984263645,1
3005,1544984263645,1
3005,1544984263645,1
3005,1544984263645,1
3005,1544984263646,1
3005,1544984264645,1
3005,1544984264645,1
3005,1544984264645,1
3005,1544984264646,1
3005,1544984264646,1
3005,1544984264646,1
3005,1544984265649,1
3005,1544984265649,1
3005,1544984265649,1
3005,1544984265649,1
3005,1544984265649,1
3005,1544984265649,1
3005,1544984266651,1
3005,1544984266651,1
3005,1544984266651,1
3005,1544984266651,1
3005,1544984266652,1
3005,1544984266652,1
3005,1544984267651,1
3005,1544984267652,1
3005,1544984267652,1
3005,1544984267652,1
3005,1544984267652,1
3005,1544984267652,1
3005,1544984268651,1
3005,1544984268651,1
3005,1544984268651,1
3005,1544984268651,1
3005,1544984268652,1
3005,1544984268652,1
3005,1544984269652,1
3005,1544984269652,1
3005,1544984269652,1
3005,1544984269653,1
3005,1544984269653,1
3005,1544984269653,1
3005,1544984270652,1
3005,1544984270652,1
3005,1544984270653,1
3005,1544984270653,1
3005,1544984270653,1
3005,1544984270653,1
3005,1544984271654,1
3005,1544984271654,1
3005,1544984271654,1
3005,1544984271655,1
3005,1544984271655,1
3005,1544984271656,1
3005,1544984272658,1
3005,1544984272658,1
3005,1544984272658,1
3005,1544984272659,1
3005,1544984272659,1
3005,1544984272659,1
3005,1544984273662,1
3005,1544984273662,1
3005,1544984273663,1
3005,1544984273663,1
3005,1544984273663,1
3005,1544984273663,1
3005,1544984274663,1
3005,1544984274664,1
3005,1544984274664,1
3005,1544984274664,1
3005,1544984274664,1
3005,1544984274664,1
3005,1544984275669,1
3005,1544984275669,1
3005,1544984275669,1
3005,1544984275669,1
3005,1544984275669,1
3005,1544984275669,1
3005,1544984276673,1
3005,1544984276673,1
3005,1544984276673,1
3005,1544984276673,1
3005,1544984276674,1
3005,1544984276674,1
3005,1544984277677,1
3005,1544984277677,1
3005,1544984277677,1
3005,1544984277677,1
3005,1544984277677,1
3005,1544984277677,1
3005,1544984278680,1
3005,1544984278680,1
3005,1544984278680,1
3005,1544984278680,1
3005,1544984278680,1
3005,1544984278680,1
3005,1544984279681,1
3005,1544984279681,1
3005,1544984279682,1
3005,1544984279682,1
3005,1544984279682,1
3005,1544984279682,1
3005,1544984280683,1
3005,1544984280683,1
3005,1544984280683,1
3005,1544984280683,1
3005,1544984280683,1
3005,1544984280684,1
3005,1544984281686,1
3005,1544984281686,1
3005,1544984281686,1
3005,1544984281686,1
3005,1544984281686,1
3005,1544984281686,1
3005,1544984282690,1
3005,1544984282691,1
3005,1544984282691,1
3005,1544984282691,1
3005,1544984282691,1
3005,1544984282691,1
3005,1544984283694,1
3005,1544984283694,1
3005,1544984283694,1
3005,1544984283695,1
3005,1544984283695,1
3005,1544984283695,1
3005,1544984284694,1
3005,1544984284694,1
3005,1544984284694,1
3005,1544984284695,1
3005,1544984284695,1
3005,1544984284695,1
3005,1544984285698,1
3005,1544984285698,1
3005,1544984285698,1
3005,1544984285698,1
3005,1544984285698,1
3005,1544984285699,1
3005,1544984286698,1
3005,1544984286699,1
3005,1544984286699,1
3005,1544984286699,1
3005,1544984286699,1
3005,1544984286699,1
3005,1544984287703,1
3005,1544984287703,1
3005,1544984287704,1
3005,1544984287704,1
3005,1544984287704,1
3005,1544984287704,1
3005,1544984288708,1
3005,1544984288708,1
3005,1544984288709,1
3005,1544984288709,1
3005,1544984288709,1
3005,1544984288709,1
3005,1544984289712,1
3005,1544984289712,1
3005,1544984289713,1
3005,1544984289713,1
3005,1544984289713,1
3005,1544984289713,1
3005,1544984290717,1
3005,1544984290717,1
3005,1544984290717,1
3005,1544984290717,1
3005,1544984290717,1
3005,1544984290717,1
3005,1544984291719,1
3005,1544984291720,1
3005,1544984291720,1
3005,1544984291720,1
3005,1544984291720,1
3005,1544984291720,1
3005,1544984292720,1
3005,1544984292720,1
3005,1544984292720,1
3005,1544984292720,1
3005,1544984292721,1
3005,1544984292721,1
3005,1544984293720,1
3005,1544984293721,1
3005,1544984293721,1
3005,1544984293721,1
3005,1544984293721,1
3005,1544984293722,1
3005,1544984294722,1
3005,1544984294722,1
3005,1544984294722,1
3005,1544984294722,1
3005,1544984294723,1
3005,1544984294723,1
3005,1544984295726,1
3005,1544984295727,1
3005,1544984295727,1
3005,1544984295727,1
3005,1544984295727,1
3005,1544984295728,1
3005,1544984296730,1
3005,1544984296731,1
3005,1544984296731,1
3005,1544984296731,1
3005,1544984296731,1
3005,1544984296731,1
3005,1544984297730,1
3005,1544984297730,1
3005,1544984297731,1
3005,1544984297731,1
3005,1544984297731,1
3005,1544984297731,1
3005,1544984298735,1
3005,1544984298735,1
3005,1544984298735,1
3005,1544984298736,1
3005,1544984298736,1
3005,1544984298736,1
3005,1544984299739,1
3005,1544984299739,1
3005,1544984299739,1
3005,1544984299739,1
3005,1544984299740,1
3005,1544984299740,1
3005,1544984300739,1
3005,1544984300740,1
3005,1544984300740,1
3005,1544984300740,1
3005,1544984300741,1
3005,1544984300741,1
3005,1544984301744,1
3005,1544984301745,1
3005,1544984301745,1
3005,1544984301745,1
3005,1544984301745,1
3005,1544984301746,1
3005,1544984302747,1
3005,1544984302748,1
3005,1544984302748,1
3005,1544984302748,1
3005,1544984302748,1
3005,1544984302749,1
3005,1544984303750,1
3005,1544984303751,1
3005,1544984303751,1
3005,1544984303751,1
3005,1544984303751,1
3005,1544984303751,1
3005,1544984304752,1
3005,1544984304753,1
3005,1544984304753,1
3005,1544984304755,1
3005,1544984304755,1
3005,1544984304755,1
3005,1544984305753,1
3005,1544984305753,1
3005,1544984305753,1
3005,1544984305753,1
3005,1544984305753,1
3005,1544984305753,1
3005,1544984306752,1
3005,1544984306753,1
3005,1544984306753,1
3005,1544984306753,1
3005,1544984306753,1
3005,1544984306754,1
3005,1544984307753,1
3005,1544984307754,1
3005,1544984307754,1
3005,1544984307754,1
3005,1544984307754,1
3005,1544984307754,1
3005,1544984308753,1
3005,1544984308754,1
3005,1544984308754,1
3005,1544984308754,1
3005,1544984308754,1
3005,1544984308754,1
3005,1544984309755,1
3005,1544984309755,1
3005,1544984309755,1
3005,1544984309755,1
3005,1544984309756,1
3005,1544984309756,1
3005,1544984310756,1
3005,1544984310756,1
3005,1544984310756,1
3005,1544984310756,1
3005,1544984310756,1
3005,1544984310757,1
3005,1544984311759,1
3005,1544984311760,1
3005,1544984311760,1
3005,1544984311760,1
3005,1544984311760,1
3005,1544984311760,1
3005,1544984312759,1
3005,1544984312760,1
3005,1544984312761,1
3005,1544984312761,1
3005,1544984312761,1
3005,1544984312762,1
3005,1544984313764,1
3005,1544984313764,1
3005,1544984313764,1
3005,1544984313765,1
3005,1544984313765,1
3005,1544984313765,1
3005,1544984314764,1
3005,1544984314764,1
3005,1544984314764,1
3005,1544984314765,1
3005,1544984314765,1
3005,1544984314765,1
3005,1544984315768,1
3005,1544984315768,1
3005,1544984315769,1
3005,1544984315769,1
3005,1544984315769,1
3005,1544984315769,1
3005,1544984316768,1
3005,1544984316768,1
3005,1544984316769,1
3005,1544984316769,1
3005,1544984316769,1
3005,1544984316769,1
3005,1544984317771,1
3005,1544984317771,1
3005,1544984317771,1
3005,1544984317772,1
3005,1544984317772,1
3005,1544984317772,1
3005,1544984318773,1
3005,1544984318773,1
3005,1544984318773,1
3005,1544984318773,1
3005,1544984318773,1
3005,1544984318774,1
3005,1544984319773,1
3005,1544984319774,1
3005,1544984319774,1
3005,1544984319774,1
3005,1544984319775,1
3005,1544984319776,1
3005,1544984320773,1
3005,1544984320774,1
3005,1544984320774,1
3005,1544984320774,1
3005,1544984320775,1
3005,1544984320775,1
3005,1544984321774,1
3005,1544984321774,1
3005,1544984321774,1
3005,1544984321775,1
3005,1544984321775,1
3005,1544984321775,1
3005,1544984322774,1
3005,1544984322775,1
3005,1544984322775,1
3005,1544984322775,1
3005,1544984322775,1
3005,1544984322776,1
3005,1544984323776,1
3005,1544984323776,1
3005,1544984323777,1
3005,1544984323777,1
3005,1544984323777,1
3005,1544984323777,1
3005,1544984324779,1
3005,1544984324779,1
3005,1544984324779,1
3005,1544984324779,1
3005,1544984324779,1
3005,1544984324780,1
3005,1544984325781,1
3005,1544984325781,1
3005,1544984325781,1
3005,1544984325782,1
3005,1544984325782,1
3005,1544984325782,1
3005,1544984326781,1
3005,1544984326782,1
3005,1544984326782,1
3005,1544984326782,1
3005,1544984326782,1
3005,1544984326782,1
3005,1544984327786,1
3005,1544984327786,1
3005,1544984327786,1
3005,1544984327786,1
3005,1544984327786,1
3005,1544984327787,1
3005,1544984328786,1
3005,1544984328786,1
3005,1544984328786,1
3005,1544984328786,1
3005,1544984328787,1
3005,1544984328787,1
3005,1544984329789,1
3005,1544984329790,1
3005,1544984329790,1
3005,1544984329790,1
3005,1544984329790,1
3005,1544984329791,1
3005,1544984330792,1
3005,1544984330792,1
3005,1544984330793,1
3005,1544984330793,1
3005,1544984330793,1
3005,1544984330793,1
3005,1544984331793,1
3005,1544984331793,1
3005,1544984331793,1
3005,1544984331794,1
3005,1544984331794,1
3005,1544984331794,1
3005,1544984332801,1
3005,1544984332801,1
3005,1544984332802,1
3005,1544984332802,1
3005,1544984332802,1
3005,1544984332802,1
3005,1544984333808,1
3005,1544984333809,1
3005,1544984333809,1
3005,1544984333809,1
3005,1544984333809,1
3005,1544984333809,1
3005,1544984334817,1
3005,1544984334817,1
3005,1544984334818,1
3005,1544984334818,1
3005,1544984334818,1
3005,1544984334818,1
3005,1544984335826,1
3005,1544984335826,1
3005,1544984335827,1
3005,1544984335827,1
3005,1544984335827,1
3005,1544984335827,1
3005,1544984336835,1
3005,1544984336835,1
3005,1544984336836,1
3005,1544984336836,1
3005,1544984336836,1
3005,1544984336836,1
3005,1544984337842,1
3005,1544984337842,1
3005,1544984337842,1
3005,1544984337842,1
3005,1544984337842,1
3005,1544984337843,1
3005,1544984338849,1
3005,1544984338850,1
3005,1544984338850,1
3005,1544984338850,1
3005,1544984338850,1
3005,1544984338850,1
3005,1544984339858,1
3005,1544984339858,1
3005,1544984339858,1
3005,1544984339859,1
3005,1544984339859,1
3005,1544984339859,1
3005,1544984340861,1
3005,1544984340862,1
3005,1544984340862,1
3005,1544984340862,1
3005,1544984340862,1
3005,1544984340863,1
3005,1544984341868,1
3005,1544984341868,1
3005,1544984341868,1
3005,1544984341869,1
3005,1544984341869,1
3005,1544984341869,1
3005,1544984342877,1
3005,1544984342878,1
3005,1544984342878,1
3005,1544984342878,1
3005,1544984342878,1
3005,1544984342879,1
3005,1544984343879,1
3005,1544984343879,1
3005,1544984343879,1
3005,1544984343879,1
3005,1544984343879,1
3005,1544984343879,1
3005,1544984344889,1
3005,1544984344889,1
3005,1544984344889,1
3005,1544984344889,1
3005,1544984344889,1
3005,1544984344889,1
3005,1544984345895,1
3005,1544984345896,1
3005,1544984345896,1
3005,1544984345896,1
3005,1544984345897,1
3005,1544984345897,1
3005,1544984346903,1
3005,1544984346904,1
3005,1544984346904,1
3005,1544984346904,1
3005,1544984346904,1
3005,1544984346905,1
3005,1544984347912,1
3005,1544984347913,1
3005,1544984347913,1
3005,1544984347913,1
3005,1544984347913,1
3005,1544984347913,1
3005,1544984348915,1
3005,1544984348915,1
3005,1544984348915,1
3005,1544984348915,1
3005,1544984348916,1
3005,1544984348916,1
3005,1544984349919,1
3005,1544984349920,1
3005,1544984349920,1
3005,1544984349921,1
3005,1544984349922,1
3005,1544984349922,1
3005,1544984350930,1
3005,1544984350930,1
3005,1544984350930,1
3005,1544984350930,1
3005,1544984350930,1
3005,1544984350930,1
3005,1544984351937,1
3005,1544984351937,1
3005,1544984351938,1
3005,1544984351938,1
3005,1544984351938,1
3005,1544984351939,1
3005,1544984352947,1
3005,1544984352947,1
3005,1544984352947,1
3005,1544984352948,1
3005,1544984352948,1
3005,1544984352948,1
3005,1544984353953,1
3005,1544984353954,1
3005,1544984353954,1
3005,1544984353954,1
3005,1544984353955,1
3005,1544984353955,1
3005,1544984354957,1
3005,1544984354958,1
3005,1544984354958,1
3005,1544984354958,1
3005,1544984354958,1
3005,1544984354958,1
3005,1544984355964,1
3005,1544984355964,1
3005,1544984355965,1
3005,1544984355965,1
3005,1544984355966,1
3005,1544984355966,1
3005,1544984356965,1
3005,1544984356965,1
3005,1544984356966,1
3005,1544984356966,1
3005,1544984356966,1
3005,1544984356967,1
3005,1544984357970,1
3005,1544984357971,1
3005,1544984357971,1
3005,1544984357971,1
3005,1544984357971,1
3005,1544984357972,1
3005,1544984358971,1
3005,1544984358971,1
3005,1544984358972,1
3005,1544984358972,1
3005,1544984358972,1
3005,1544984358972,1
3005,1544984359976,1
3005,1544984359976,1
3005,1544984359977,1
3005,1544984359977,1
3005,1544984359977,1
3005,1544984359978,1
3005,1544984360979,1
3005,1544984360979,1
3005,1544984360979,1
3005,1544984360980,1
3005,1544984360980,1
3005,1544984360980,1
3005,1544984361980,1
3005,1544984361981,1
3005,1544984361981,1
3005,1544984361981,1
3005,1544984361981,1
3005,1544984361981,1
3005,1544984362983,1
3005,1544984362983,1
3005,1544984362983,1
3005,1544984362984,1
3005,1544984362984,1
3005,1544984362984,1
3005,1544984363984,1
3005,1544984363985,1
3005,1544984363985,1
3005,1544984363985,1
3005,1544984363986,1
3005,1544984363986,1
3005,1544984364984,1
3005,1544984364985,1
3005,1544984364985,1
3005,1544984364985,1
3005,1544984364985,1
3005,1544984364986,1
3005,1544984365989,1
3005,1544984365990,1
3005,1544984365990,1
3005,1544984365990,1
3005,1544984365991,1
3005,1544984365991,1
3005,1544984366991,1
3005,1544984366991,1
3005,1544984366991,1
3005,1544984366992,1
3005,1544984366992,1
3005,1544984366992,1
3005,1544984367991,1
3005,1544984367991,1
3005,1544984367992,1
3005,1544984367992,1
3005,1544984367992,1
3005,1544984367992,1
3005,1544984368993,1
3005,1544984368994,1
3005,1544984368994,1
3005,1544984368994,1
3005,1544984368994,1
3005,1544984368994,1
3005,1544984369998,1
3005,1544984369999,1
3005,1544984369999,1
3005,1544984369999,1
3005,1544984369999,1
3005,1544984369999,1
3005,1544984371002,1
3005,1544984371002,1
3005,1544984371002,1
3005,1544984371002,1
3005,1544984371002,1
3005,1544984371002,1
3005,1544984372002,1
3005,1544984372003,1
3005,1544984372003,1
3005,1544984372003,1
3005,1544984372003,1
3005,1544984372003,1
3005,1544984373004,1
3005,1544984373005,1
3005,1544984373005,1
3005,1544984373005,1
3005,1544984373006,1
3005,1544984373007,1
3005,1544984374004,1
3005,1544984374005,1
3005,1544984374005,1
3005,1544984374005,1
3005,1544984374005,1
3005,1544984374005,1
3005,1544984375005,1
3005,1544984375005,1
3005,1544984375007,1
3005,1544984375007,1
3005,1544984375007,1
3005,1544984375007,1
3005,1544984376006,1
3005,1544984376007,1
3005,1544984376007,1
3005,1544984376007,1
3005,1544984376008,1
3005,1544984376008,1
3005,1544984377007,1
3005,1544984377008,1
3005,1544984377008,1
3005,1544984377008,1
3005,1544984377008,1
3005,1544984377008,1
3005,1544984378008,1
3005,1544984378008,1
3005,1544984378009,1
3005,1544984378009,1
3005,1544984378009,1
3005,1544984378009,1
3005,1544984379009,1
3005,1544984379010,1
3005,1544984379010,1
3005,1544984379010,1
3005,1544984379010,1
3005,1544984379010,1
3005,1544984380010,1
3005,1544984380011,1
3005,1544984380011,1
3005,1544984380011,1
3005,1544984380011,1
3005,1544984380011,1
3005,1544984381010,1
3005,1544984381011,1
3005,1544984381011,1
3005,1544984381011,1
3005,1544984381012,1
3005,1544984381012,1
3005,1544984382012,1
3005,1544984382012,1
3005,1544984382013,1
3005,1544984382013,1
3005,1544984382013,1
3005,1544984382013,1
3005,1544984383014,1
3005,1544984383014,1
3005,1544984383014,1
3005,1544984383014,1
3005,1544984383015,1
3005,1544984383015,1
3005,1544984384015,1
3005,1544984384015,1
3005,1544984384015,1
3005,1544984384016,1
3005,1544984384016,1
3005,1544984384016,1
3005,1544984385016,1
3005,1544984385016,1
3005,1544984385016,1
3005,1544984385017,1
3005,1544984385017,1
3005,1544984385017,1
3005,1544984386016,1
3005,1544984386016,1
3005,1544984386016,1
3005,1544984386017,1
3005,1544984386017,1
3005,1544984386017,1
3005,1544984387017,1
3005,1544984387017,1
3005,1544984387017,1
3005,1544984387018,1
3005,1544984387018,1
3005,1544984387018,1
3005,1544984388019,1
3005,1544984388019,1
3005,1544984388020,1
3005,1544984388020,1
3005,1544984388020,1
3005,1544984388020,1
3005,1544984389023,1
3005,1544984389023,1
3005,1544984389024,1
3005,1544984389024,1
3005,1544984389024,1
3005,1544984389024,1
3005,1544984390024,1
3005,1544984390024,1
3005,1544984390024,1
3005,1544984390024,1
3005,1544984390025,1
3005,1544984390025,1
3005,1544984391029,1
3005,1544984391029,1
3005,1544984391029,1
3005,1544984391030,1
3005,1544984391030,1
3005,1544984391030,1
3005,1544984392032,1
3005,1544984392033,1
3005,1544984392033,1
3005,1544984392033,1
3005,1544984392033,1
3005,1544984392033,1
3005,1544984393033,1
3005,1544984393033,1
3005,1544984393034,1
3005,1544984393034,1
3005,1544984393034,1
3005,1544984393034,1
3005,1544984394037,1
3005,1544984394038,1
3005,1544984394038,1
3005,1544984394038,1
3005,1544984394038,1
3005,1544984394038,1
3005,1544984395039,1
3005,1544984395039,1
3005,1544984395040,1
3005,1544984395040,1
3005,1544984395040,1
3005,1544984395040,1
3005,1544984396039,1
3005,1544984396039,1
3005,1544984396039,1
3005,1544984396039,1
3005,1544984396040,1
3005,1544984396040,1
3005,1544984397039,1
3005,1544984397040,1
3005,1544984397040,1
3005,1544984397040,1
3005,1544984397040,1
3005,1544984397040,1
3005,1544984398040,1
3005,1544984398040,1
3005,1544984398040,1
3005,1544984398040,1
3005,1544984398040,1
3005,1544984398040,1
3005,1544984399042,1
3005,1544984399042,1
3005,1544984399042,1
3005,1544984399042,1
3005,1544984399043,1
3005,1544984399043,1
3005,1544984400043,1
3005,1544984400043,1
3005,1544984400043,1
3005,1544984400044,1
3005,1544984400044,1
3005,1544984400044,1
3005,1544984401046,1
3005,1544984401046,1
3005,1544984401046,1
3005,1544984401047,1
3005,1544984401047,1
3005,1544984401047,1
3005,1544984402051,1
3005,1544984402052,1
3005,1544984402052,1
3005,1544984402052,1
3005,1544984402052,1
3005,1544984402052,1
3005,1544984403055,1
3005,1544984403055,1
3005,1544984403056,1
3005,1544984403056,1
3005,1544984403056,1
3005,1544984403056,1
3005,1544984404060,1
3005,1544984404060,1
3005,1544984404060,1
3005,1544984404060,1
3005,1544984404060,1
3005,1544984404061,1
3005,1544984405060,1
3005,1544984405061,1
3005,1544984405061,1
3005,1544984405061,1
3005,1544984405062,1
3005,1544984405062,1
3005,1544984406062,1
3005,1544984406062,1
3005,1544984406062,1
3005,1544984406062,1
3005,1544984406063,1
3005,1544984406063,1
3005,1544984407067,1
3005,1544984407067,1
3005,1544984407067,1
3005,1544984407067,1
3005,1544984407067,1
3005,1544984407068,1
3005,1544984408070,1
3005,1544984408071,1
3005,1544984408071,1
3005,1544984408071,1
3005,1544984408071,1
3005,1544984408071,1
3005,1544984409075,1
3005,1544984409075,1
3005,1544984409075,1
3005,1544984409076,1
3005,1544984409076,1
3005,1544984409076,1
3005,1544984410078,1
3005,1544984410078,1
3005,1544984410079,1
3005,1544984410079,1
3005,1544984410079,1
3005,1544984410079,1
3005,1544984411081,1
3005,1544984411081,1
3005,1544984411081,1
3005,1544984411081,1
3005,1544984411081,1
3005,1544984411081,1
3005,1544984412082,1
3005,1544984412082,1
3005,1544984412082,1
3005,1544984412083,1
3005,1544984412083,1
3005,1544984412083,1
3005,1544984413082,1
3005,1544984413082,1
3005,1544984413082,1
3005,1544984413082,1
3005,1544984413083,1
3005,1544984413083,1
3005,1544984414082,1
3005,1544984414082,1
3005,1544984414082,1
3005,1544984414082,1
3005,1544984414082,1
3005,1544984414082,1
3005,1544984415086,1
3005,1544984415086,1
3005,1544984415086,1
3005,1544984415086,1
3005,1544984415087,1
3005,1544984415087,1
3005,1544984416091,1
3005,1544984416091,1
3005,1544984416091,1
3005,1544984416091,1
3005,1544984416091,1
3005,1544984416091,1
3005,1544984417095,1
3005,1544984417096,1
3005,1544984417096,1
3005,1544984417096,1
3005,1544984417096,1
3005,1544984417096,1
3005,1544984418097,1
3005,1544984418097,1
3005,1544984418098,1
3005,1544984418098,1
3005,1544984418098,1
3005,1544984418098,1
3005,1544984419098,1
3005,1544984419098,1
3005,1544984419099,1
3005,1544984419099,1
3005,1544984419099,1
3005,1544984419099,1
3005,1544984420103,1
3005,1544984420104,1
3005,1544984420104,1
3005,1544984420104,1
3005,1544984420104,1
3005,1544984420104,1
3005,1544984421103,1
3005,1544984421104,1
3005,1544984421104,1
3005,1544984421105,1
3005,1544984421106,1
3005,1544984421106,1
3005,1544984422109,1
3005,1544984422109,1
3005,1544984422109,1
3005,1544984422109,1
3005,1544984422109,1
3005,1544984422110,1
3005,1544984423111,1
3005,1544984423111,1
3005,1544984423112,1
3005,1544984423112,1
3005,1544984423112,1
3005,1544984423112,1
3005,1544984424112,1
3005,1544984424113,1
3005,1544984424113,1
3005,1544984424113,1
3005,1544984424113,1
3005,1544984424113,1
3005,1544984425117,1
3005,1544984425117,1
3005,1544984425117,1
3005,1544984425117,1
3005,1544984425117,1
3005,1544984425117,1
3005,1544984426118,1
3005,1544984426118,1
3005,1544984426118,1
3005,1544984426119,1
3005,1544984426119,1
3005,1544984426119,1
3005,1544984427119,1
3005,1544984427120,1
3005,1544984427120,1
3005,1544984427120,1
3005,1544984427120,1
3005,1544984427120,1
3005,1544984428120,1
3005,1544984428121,1
3005,1544984428121,1
3005,1544984428122,1
3005,1544984428122,1
3005,1544984428122,1
3005,1544984429120,1
3005,1544984429120,1
3005,1544984429121,1
3005,1544984429121,1
3005,1544984429121,1
3005,1544984429121,1
3005,1544984430123,1
3005,1544984430123,1
3005,1544984430123,1
3005,1544984430123,1
3005,1544984430124,1
3005,1544984430124,1
3005,1544984431128,1
3005,1544984431128,1
3005,1544984431128,1
3005,1544984431128,1
3005,1544984431128,1
3005,1544984431129,1
3005,1544984432128,1
3005,1544984432128,1
3005,1544984432128,1
3005,1544984432129,1
3005,1544984432129,1
3005,1544984432129,1
3005,1544984433130,1
3005,1544984433130,1
3005,1544984433130,1
3005,1544984433131,1
3005,1544984433131,1
3005,1544984433131,1
3005,1544984434135,1
3005,1544984434135,1
3005,1544984434135,1
3005,1544984434135,1
3005,1544984434136,1
3005,1544984434136,1
3005,1544984435138,1
3005,1544984435139,1
3005,1544984435139,1
3005,1544984435139,1
3005,1544984435139,1
3005,1544984435139,1
3005,1544984436144,1
3005,1544984436144,1
3005,1544984436144,1
3005,1544984436145,1
3005,1544984436145,1
3005,1544984436145,1
3005,1544984437147,1
3005,1544984437147,1
3005,1544984437147,1
3005,1544984437148,1
3005,1544984437148,1
3005,1544984437149,1
3005,1544984438152,1
3005,1544984438152,1
3005,1544984438152,1
3005,1544984438153,1
3005,1544984438153,1
3005,1544984438153,1
3005,1544984439155,1
3005,1544984439155,1
3005,1544984439155,1
3005,1544984439156,1
3005,1544984439156,1
3005,1544984439156,1
3005,1544984440156,1
3005,1544984440157,1
3005,1544984440157,1
3005,1544984440157,1
3005,1544984440157,1
3005,1544984440157,1
3005,1544984441161,1
3005,1544984441162,1
3005,1544984441162,1
3005,1544984441162,1
3005,1544984441162,1
3005,1544984441162,1
3005,1544984442162,1
3005,1544984442162,1
3005,1544984442162,1
3005,1544984442163,1
3005,1544984442163,1
3005,1544984442163,1
3005,1544984443167,1
3005,1544984443168,1
3005,1544984443168,1
3005,1544984443168,1
3005,1544984443168,1
3005,1544984443168,1
3005,1544984444170,1
3005,1544984444171,1
3005,1544984444171,1
3005,1544984444171,1
3005,1544984444171,1
3005,1544984444171,1
3005,1544984445170,1
3005,1544984445171,1
3005,1544984445171,1
3005,1544984445171,1
3005,1544984445171,1
3005,1544984445171,1
3005,1544984446175,1
3005,1544984446176,1
3005,1544984446176,1
3005,1544984446176,1
3005,1544984446176,1
3005,1544984446176,1
3005,1544984447179,1
3005,1544984447179,1
3005,1544984447180,1
3005,1544984447180,1
3005,1544984447180,1
3005,1544984447180,1
3005,1544984448183,1
3005,1544984448183,1
3005,1544984448183,1
3005,1544984448183,1
3005,1544984448183,1
3005,1544984448183,1
3005,1544984449187,1
3005,1544984449187,1
3005,1544984449187,1
3005,1544984449187,1
3005,1544984449187,1
3005,1544984449188,1
3005,1544984450187,1
3005,1544984450187,1
3005,1544984450187,1
3005,1544984450187,1
3005,1544984450188,1
3005,1544984450188,1
3005,1544984451187,1
3005,1544984451187,1
3005,1544984451188,1
3005,1544984451188,1
3005,1544984451188,1
3005,1544984451188,1
3005,1544984452189,1
3005,1544984452189,1
3005,1544984452189,1
3005,1544984452189,1
3005,1544984452189,1
3005,1544984452189,1
3005,1544984453194,1
3005,1544984453195,1
3005,1544984453195,1
3005,1544984453195,1
3005,1544984453195,1
3005,1544984453196,1
3005,1544984454197,1
3005,1544984454197,1
3005,1544984454197,1
3005,1544984454197,1
3005,1544984454198,1
3005,1544984454198,1
3005,1544984455199,1
3005,1544984455200,1
3005,1544984455200,1
3005,1544984455200,1
3005,1544984455200,1
3005,1544984455200,1
3005,1544984456203,1
3005,1544984456203,1
3005,1544984456203,1
3005,1544984456203,1
3005,1544984456204,1
3005,1544984456204,1
3005,1544984457203,1
3005,1544984457203,1
3005,1544984457203,1
3005,1544984457204,1
3005,1544984457204,1
3005,1544984457204,1
3005,1544984458206,1
3005,1544984458206,1
3005,1544984458207,1
3005,1544984458207,1
3005,1544984458207,1
3005,1544984458207,1
3005,1544984459207,1
3005,1544984459207,1
3005,1544984459207,1
3005,1544984459207,1
3005,1544984459207,1
3005,1544984459208,1
3005,1544984460212,1
3005,1544984460213,1
3005,1544984460213,1
3005,1544984460213,1
3005,1544984460213,1
3005,1544984460213,1
3005,1544984461213,1
3005,1544984461213,1
3005,1544984461214,1
3005,1544984461214,1
3005,1544984461214,1
3005,1544984461214,1
3005,1544984462214,1
3005,1544984462214,1
3005,1544984462214,1
3005,1544984462214,1
3005,1544984462215,1
3005,1544984462215,1
3005,1544984463214,1
3005,1544984463214,1
3005,1544984463215,1
3005,1544984463215,1
3005,1544984463215,1
3005,1544984463215,1
3005,1544984464217,1
3005,1544984464218,1
3005,1544984464218,1
3005,1544984464218,1
3005,1544984464218,1
3005,1544984464218,1
3005,1544984465218,1
3005,1544984465219,1
3005,1544984465219,1
3005,1544984465219,1
3005,1544984465219,1
3005,1544984465219,1
3005,1544984466219,1
3005,1544984466220,1
3005,1544984466220,1
3005,1544984466220,1
3005,1544984466220,1
3005,1544984466220,1
3005,1544984467222,1
3005,1544984467222,1
3005,1544984467223,1
3005,1544984467223,1
3005,1544984467223,1
3005,1544984467223,1
3005,1544984468226,1
3005,1544984468226,1
3005,1544984468226,1
3005,1544984468226,1
3005,1544984468226,1
3005,1544984468226,1
3005,1544984469226,1
3005,1544984469226,1
3005,1544984469226,1
3005,1544984469227,1
3005,1544984469227,1
3005,1544984469227,1
3005,1544984470226,1
3005,1544984470227,1
3005,1544984470227,1
3005,1544984470227,1
3005,1544984470227,1
3005,1544984470227,1
3005,1544984471228,1
3005,1544984471228,1
3005,1544984471229,1
3005,1544984471229,1
3005,1544984471229,1
3005,1544984471229,1
3005,1544984472230,1
3005,1544984472231,1
3005,1544984472231,1
3005,1544984472231,1
3005,1544984472231,1
3005,1544984472231,1
3005,1544984473230,1
3005,1544984473231,1
3005,1544984473231,1
3005,1544984473231,1
3005,1544984473231,1
3005,1544984473231,1
3005,1544984474235,1
3005,1544984474236,1
3005,1544984474236,1
3005,1544984474236,1
3005,1544984474236,1
3005,1544984474236,1
3005,1544984475238,1
3005,1544984475238,1
3005,1544984475238,1
3005,1544984475238,1
3005,1544984475238,1
3005,1544984475238,1
3005,1544984476239,1
3005,1544984476240,1
3005,1544984476240,1
3005,1544984476240,1
3005,1544984476240,1
3005,1544984476240,1
3005,1544984477239,1
3005,1544984477240,1
3005,1544984477240,1
3005,1544984477240,1
3005,1544984477240,1
3005,1544984477240,1
3005,1544984478245,1
3005,1544984478245,1
3005,1544984478245,1
3005,1544984478245,1
3005,1544984478245,1
3005,1544984478246,1
3005,1544984479248,1
3005,1544984479249,1
3005,1544984479249,1
3005,1544984479249,1
3005,1544984479249,1
3005,1544984479249,1
3005,1544984480253,1
3005,1544984480253,1
3005,1544984480253,1
3005,1544984480253,1
3005,1544984480253,1
3005,1544984480254,1
3005,1544984481255,1
3005,1544984481256,1
3005,1544984481256,1
3005,1544984481256,1
3005,1544984481256,1
3005,1544984481256,1
3005,1544984482261,1
3005,1544984482261,1
3005,1544984482261,1
3005,1544984482262,1
3005,1544984482262,1
3005,1544984482262,1
3005,1544984483262,1
3005,1544984483263,1
3005,1544984483263,1
3005,1544984483263,1
3005,1544984483263,1
3005,1544984483263,1
3005,1544984484265,1
3005,1544984484265,1
3005,1544984484265,1
3005,1544984484266,1
3005,1544984484266,1
3005,1544984484266,1
3005,1544984485265,1
3005,1544984485265,1
3005,1544984485265,1
3005,1544984485265,1
3005,1544984485266,1
3005,1544984485266,1
3005,1544984486269,1
3005,1544984486269,1
3005,1544984486269,1
3005,1544984486269,1
3005,1544984486269,1
3005,1544984486269,1
3005,1544984487269,1
3005,1544984487269,1
3005,1544984487269,1
3005,1544984487269,1
3005,1544984487269,1
3005,1544984487270,1
3005,1544984488273,1
3005,1544984488274,1
3005,1544984488274,1
3005,1544984488274,1
3005,1544984488274,1
3005,1544984488274,1
3005,1544984489274,1
3005,1544984489275,1
3005,1544984489275,1
3005,1544984489275,1
3005,1544984489275,1
3005,1544984489275,1
3005,1544984490276,1
3005,1544984490276,1
3005,1544984490276,1
3005,1544984490276,1
3005,1544984490277,1
3005,1544984490277,1
3005,1544984491282,1
3005,1544984491282,1
3005,1544984491282,1
3005,1544984491282,1
3005,1544984491282,1
3005,1544984491282,1
3005,1544984492285,1
3005,1544984492285,1
3005,1544984492285,1
3005,1544984492285,1
3005,1544984492286,1
3005,1544984492286,1
3005,1544984493290,1
3005,1544984493290,1
3005,1544984493290,1
3005,1544984493290,1
3005,1544984493291,1
3005,1544984493291,1
3005,1544984494295,1
3005,1544984494295,1
3005,1544984494296,1
3005,1544984494296,1
3005,1544984494296,1
3005,1544984494296,1
3005,1544984495299,1
3005,1544984495299,1
3005,1544984495299,1
3005,1544984495299,1
3005,1544984495299,1
3005,1544984495299,1
3005,1544984496302,1
3005,1544984496302,1
3005,1544984496302,1
3005,1544984496303,1
3005,1544984496303,1
3005,1544984496303,1
3005,1544984497303,1
3005,1544984497304,1
3005,1544984497304,1
3005,1544984497304,1
3005,1544984497304,1
3005,1544984497304,1
3005,1544984498306,1
3005,1544984498307,1
3005,1544984498307,1
3005,1544984498307,1
3005,1544984498307,1
3005,1544984498307,1
3005,1544984499309,1
3005,1544984499310,1
3005,1544984499310,1
3005,1544984499310,1
3005,1544984499310,1
3005,1544984499310,1
3005,1544984500314,1
3005,1544984500314,1
3005,1544984500314,1
3005,1544984500315,1
3005,1544984500315,1
3005,1544984500315,1
3005,1544984501314,1
3005,1544984501314,1
3005,1544984501315,1
3005,1544984501315,1
3005,1544984501315,1
3005,1544984501315,1
3005,1544984502319,1
3005,1544984502319,1
3005,1544984502319,1
3005,1544984502319,1
3005,1544984502320,1
3005,1544984502320,1
3005,1544984503321,1
3005,1544984503321,1
3005,1544984503321,1
3005,1544984503321,1
3005,1544984503321,1
3005,1544984503321,1
3005,1544984504326,1
3005,1544984504326,1
3005,1544984504326,1
3005,1544984504326,1
3005,1544984504326,1
3005,1544984504327,1
3005,1544984505329,1
3005,1544984505329,1
3005,1544984505330,1
3005,1544984505330,1
3005,1544984505330,1
3005,1544984505330,1
3005,1544984506334,1
3005,1544984506334,1
3005,1544984506335,1
3005,1544984506335,1
3005,1544984506335,1
3005,1544984506335,1
3005,1544984507338,1
3005,1544984507338,1
3005,1544984507338,1
3005,1544984507338,1
3005,1544984507338,1
3005,1544984507338,1
3005,1544984508339,1
3005,1544984508339,1
3005,1544984508339,1
3005,1544984508339,1
3005,1544984508340,1
3005,1544984508340,1
3005,1544984509339,1
3005,1544984509339,1
3005,1544984509339,1
3005,1544984509339,1
3005,1544984509340,1
3005,1544984509340,1
3005,1544984510339,1
3005,1544984510339,1
3005,1544984510340,1
3005,1544984510340,1
3005,1544984510340,1
3005,1544984510340,1
3005,1544984511343,1
3005,1544984511343,1
3005,1544984511343,1
3005,1544984511343,1
3005,1544984511343,1
3005,1544984511343,1
3005,1544984512345,1
3005,1544984512345,1
3005,1544984512346,1
3005,1544984512346,1
3005,1544984512346,1
3005,1544984512346,1
3005,1544984513350,1
3005,1544984513350,1
3005,1544984513351,1
3005,1544984513351,1
3005,1544984513351,1
3005,1544984513351,1
3005,1544984514353,1
3005,1544984514353,1
3005,1544984514353,1
3005,1544984514353,1
3005,1544984514353,1
3005,1544984514354,1
3005,1544984515354,1
3005,1544984515354,1
3005,1544984515355,1
3005,1544984515355,1
3005,1544984515355,1
3005,1544984515355,1
3005,1544984516359,1
3005,1544984516359,1
3005,1544984516360,1
3005,1544984516360,1
3005,1544984516360,1
3005,1544984516360,1
3005,1544984517359,1
3005,1544984517360,1
3005,1544984517360,1
3005,1544984517360,1
3005,1544984517360,1
3005,1544984517361,1
3005,1544984518364,1
3005,1544984518364,1
3005,1544984518364,1
3005,1544984518364,1
3005,1544984518364,1
3005,1544984518365,1
3005,1544984519368,1
3005,1544984519368,1
3005,1544984519368,1
3005,1544984519368,1
3005,1544984519368,1
3005,1544984519369,1
3005,1544984520368,1
3005,1544984520368,1
3005,1544984520368,1
3005,1544984520368,1
3005,1544984520368,1
3005,1544984520369,1
3005,1544984521369,1
3005,1544984521369,1
3005,1544984521370,1
3005,1544984521370,1
3005,1544984521370,1
3005,1544984521370,1
3005,1544984522372,1
3005,1544984522372,1
3005,1544984522372,1
3005,1544984522372,1
3005,1544984522372,1
3005,1544984522373,1
3005,1544984523376,1
3005,1544984523376,1
3005,1544984523376,1
3005,1544984523376,1
3005,1544984523376,1
3005,1544984523376,1
3005,1544984524380,1
3005,1544984524381,1
3005,1544984524381,1
3005,1544984524381,1
3005,1544984524381,1
3005,1544984524381,1
3005,1544984525383,1
3005,1544984525383,1
3005,1544984525384,1
3005,1544984525384,1
3005,1544984525384,1
3005,1544984525384,1
3005,1544984526383,1
3005,1544984526384,1
3005,1544984526384,1
3005,1544984526384,1
3005,1544984526384,1
3005,1544984526384,1
3005,1544984527387,1
3005,1544984527387,1
3005,1544984527387,1
3005,1544984527387,1
3005,1544984527388,1
3005,1544984527388,1
3005,1544984528387,1
3005,1544984528387,1
3005,1544984528387,1
3005,1544984528387,1
3005,1544984528387,1
3005,1544984528388,1
3005,1544984529387,1
3005,1544984529388,1
3005,1544984529388,1
3005,1544984529388,1
3005,1544984529388,1
3005,1544984529388,1
3005,1544984530388,1
3005,1544984530389,1
3005,1544984530389,1
3005,1544984530389,1
3005,1544984530389,1
3005,1544984530389,1
3005,1544984531393,1
3005,1544984531393,1
3005,1544984531393,1
3005,1544984531394,1
3005,1544984531394,1
3005,1544984531394,1
3005,1544984532395,1
3005,1544984532395,1
3005,1544984532396,1
3005,1544984532396,1
3005,1544984532396,1
3005,1544984532396,1
3005,1544984533399,1
3005,1544984533400,1
3005,1544984533400,1
3005,1544984533400,1
3005,1544984533400,1
3005,1544984533401,1
3005,1544984534401,1
3005,1544984534402,1
3005,1544984534402,1
3005,1544984534402,1
3005,1544984534402,1
3005,1544984534402,1
3005,1544984535404,1
3005,1544984535404,1
3005,1544984535404,1
3005,1544984535405,1
3005,1544984535405,1
3005,1544984535405,1
3005,1544984536408,1
3005,1544984536408,1
3005,1544984536408,1
3005,1544984536408,1
3005,1544984536408,1
3005,1544984536409,1
3005,1544984537411,1
3005,1544984537411,1
3005,1544984537411,1
3005,1544984537412,1
3005,1544984537412,1
3005,1544984537412,1
3005,1544984538416,1
3005,1544984538416,1
3005,1544984538417,1
3005,1544984538417,1
3005,1544984538417,1
3005,1544984538418,1
3005,1544984539416,1
3005,1544984539416,1
3005,1544984539417,1
3005,1544984539417,1
3005,1544984539417,1
3005,1544984539417,1
3005,1544984540416,1
3005,1544984540417,1
3005,1544984540417,1
3005,1544984540417,1
3005,1544984540417,1
3005,1544984540417,1
3005,1544984541419,1
3005,1544984541419,1
3005,1544984541419,1
3005,1544984541419,1
3005,1544984541420,1
3005,1544984541420,1
3005,1544984542421,1
3005,1544984542422,1
3005,1544984542422,1
3005,1544984542422,1
3005,1544984542422,1
3005,1544984542422,1
3005,1544984543422,1
3005,1544984543422,1
3005,1544984543422,1
3005,1544984543422,1
3005,1544984543423,1
3005,1544984543423,1
3005,1544984544422,1
3005,1544984544423,1
3005,1544984544423,1
3005,1544984544423,1
3005,1544984544423,1
3005,1544984544423,1
3005,1544984545423,1
3005,1544984545423,1
3005,1544984545423,1
3005,1544984545423,1
3005,1544984545423,1
3005,1544984545424,1
3005,1544984546423,1
3005,1544984546423,1
3005,1544984546423,1
3005,1544984546423,1
3005,1544984546423,1
3005,1544984546423,1
3005,1544984547423,1
3005,1544984547424,1
3005,1544984547424,1
3005,1544984547424,1
3005,1544984547424,1
3005,1544984547424,1
3005,1544984548427,1
3005,1544984548427,1
3005,1544984548427,1
3005,1544984548427,1
3005,1544984548428,1
3005,1544984548428,1
3005,1544984549427,1
3005,1544984549427,1
3005,1544984549427,1
3005,1544984549427,1
3005,1544984549427,1
3005,1544984549428,1
3005,1544984550432,1
3005,1544984550432,1
3005,1544984550432,1
3005,1544984550432,1
3005,1544984550433,1
3005,1544984550433,1
3005,1544984551432,1
3005,1544984551432,1
3005,1544984551432,1
3005,1544984551432,1
3005,1544984551433,1
3005,1544984551433,1
3005,1544984552432,1
3005,1544984552432,1
3005,1544984552433,1
3005,1544984552433,1
3005,1544984552433,1
3005,1544984552433,1
3005,1544984553435,1
3005,1544984553435,1
3005,1544984553436,1
3005,1544984553436,1
3005,1544984553436,1
3005,1544984553436,1
3005,1544984554437,1
3005,1544984554437,1
3005,1544984554437,1
3005,1544984554437,1
3005,1544984554438,1
3005,1544984554438,1
3005,1544984555438,1
3005,1544984555439,1
3005,1544984555439,1
3005,1544984555439,1
3005,1544984555439,1
3005,1544984555439,1
3005,1544984556443,1
3005,1544984556443,1
3005,1544984556443,1
3005,1544984556443,1
3005,1544984556444,1
3005,1544984556444,1
3005,1544984557444,1
3005,1544984557444,1
3005,1544984557444,1
3005,1544984557445,1
3005,1544984557445,1
3005,1544984557445,1
3005,1544984558448,1
3005,1544984558448,1
3005,1544984558449,1
3005,1544984558449,1
3005,1544984558449,1
3005,1544984558449,1
3005,1544984559452,1
3005,1544984559453,1
3005,1544984559453,1
3005,1544984559453,1
3005,1544984559453,1
3005,1544984559453,1
3005,1544984560452,1
3005,1544984560452,1
3005,1544984560452,1
3005,1544984560452,1
3005,1544984560453,1
3005,1544984560453,1
3005,1544984561456,1
3005,1544984561457,1
3005,1544984561457,1
3005,1544984561457,1
3005,1544984561457,1
3005,1544984561457,1
3005,1544984562459,1
3005,1544984562459,1
3005,1544984562460,1
3005,1544984562460,1
3005,1544984562460,1
3005,1544984562460,1
3005,1544984563462,1
3005,1544984563462,1
3005,1544984563462,1
3005,1544984563462,1
3005,1544984563462,1
3005,1544984563462,1
3005,1544984564462,1
3005,1544984564463,1
3005,1544984564463,1
3005,1544984564463,1
3005,1544984564463,1
3005,1544984564463,1
3005,1544984565462,1
3005,1544984565462,1
3005,1544984565462,1
3005,1544984565463,1
3005,1544984565463,1
3005,1544984565464,1
3005,1544984566462,1
3005,1544984566462,1
3005,1544984566462,1
3005,1544984566463,1
3005,1544984566463,1
3005,1544984566463,1
3005,1544984567463,1
3005,1544984567463,1
3005,1544984567463,1
3005,1544984567464,1
3005,1544984567464,1
3005,1544984567464,1
3005,1544984568466,1
3005,1544984568467,1
3005,1544984568467,1
3005,1544984568467,1
3005,1544984568467,1
3005,1544984568467,1
3005,1544984569471,1
3005,1544984569472,1
3005,1544984569472,1
3005,1544984569472,1
3005,1544984569472,1
3005,1544984569472,1
3005,1544984570472,1
3005,1544984570472,1
3005,1544984570472,1
3005,1544984570473,1
3005,1544984570473,1
3005,1544984570473,1
3005,1544984571472,1
3005,1544984571472,1
3005,1544984571472,1
3005,1544984571472,1
3005,1544984571473,1
3005,1544984571473,1
3005,1544984572472,1
3005,1544984572472,1
3005,1544984572473,1
3005,1544984572473,1
3005,1544984572473,1
3005,1544984572473,1
3005,1544984573476,1
3005,1544984573477,1
3005,1544984573477,1
3005,1544984573477,1
3005,1544984573477,1
3005,1544984573477,1
3005,1544984574481,1
3005,1544984574482,1
3005,1544984574482,1
3005,1544984574482,1
3005,1544984574482,1
3005,1544984574482,1
3005,1544984575485,1
3005,1544984575485,1
3005,1544984575485,1
3005,1544984575485,1
3005,1544984575486,1
3005,1544984575486,1
3005,1544984576485,1
3005,1544984576485,1
3005,1544984576485,1
3005,1544984576485,1
3005,1544984576485,1
3005,1544984576485,1
3005,1544984577484,1
3005,1544984577484,1
3005,1544984577485,1
3005,1544984577485,1
3005,1544984577485,1
3005,1544984577485,1
3005,1544984578484,1
3005,1544984578485,1
3005,1544984578485,1
3005,1544984578485,1
3005,1544984578485,1
3005,1544984578485,1
3005,1544984579484,1
3005,1544984579484,1
3005,1544984579485,1
3005,1544984579485,1
3005,1544984579485,1
3005,1544984579485,1
3005,1544984580489,1
3005,1544984580489,1
3005,1544984580489,1
3005,1544984580489,1
3005,1544984580489,1
3005,1544984580490,1
3005,1544984581489,1
3005,1544984581490,1
3005,1544984581490,1
3005,1544984581490,1
3005,1544984581490,1
3005,1544984581490,1
3005,1544984582490,1
3005,1544984582491,1
3005,1544984582491,1
3005,1544984582491,1
3005,1544984582491,1
3005,1544984582491,1
3005,1544984583496,1
3005,1544984583496,1
3005,1544984583496,1
3005,1544984583496,1
3005,1544984583496,1
3005,1544984583496,1
3005,1544984584498,1
3005,1544984584499,1
3005,1544984584499,1
3005,1544984584499,1
3005,1544984584499,1
3005,1544984584499,1
3005,1544984585498,1
3005,1544984585499,1
3005,1544984585499,1
3005,1544984585499,1
3005,1544984585499,1
3005,1544984585499,1
3005,1544984586502,1
3005,1544984586503,1
3005,1544984586503,1
3005,1544984586503,1
3005,1544984586503,1
3005,1544984586503,1
3005,1544984587504,1
3005,1544984587505,1
3005,1544984587505,1
3005,1544984587505,1
3005,1544984587505,1
3005,1544984587505,1
3005,1544984588504,1
3005,1544984588505,1
3005,1544984588505,1
3005,1544984588505,1
3005,1544984588505,1
3005,1544984588505,1
3005,1544984589505,1
3005,1544984589506,1
3005,1544984589506,1
3005,1544984589506,1
3005,1544984589506,1
3005,1544984589506,1
3005,1544984590505,1
3005,1544984590505,1
3005,1544984590506,1
3005,1544984590506,1
3005,1544984590506,1
3005,1544984590507,1
3005,1544984591507,1
3005,1544984591507,1
3005,1544984591507,1
3005,1544984591507,1
3005,1544984591508,1
3005,1544984591508,1
3005,1544984592507,1
3005,1544984592508,1
3005,1544984592508,1
3005,1544984592508,1
3005,1544984592508,1
3005,1544984592508,1
3005,1544984593509,1
3005,1544984593510,1
3005,1544984593510,1
3005,1544984593510,1
3005,1544984593510,1
3005,1544984593510,1
3005,1544984594514,1
3005,1544984594514,1
3005,1544984594514,1
3005,1544984594515,1
3005,1544984594515,1
3005,1544984594515,1
3005,1544984595516,1
3005,1544984595516,1
3005,1544984595516,1
3005,1544984595517,1
3005,1544984595517,1
3005,1544984595517,1
3005,1544984596521,1
3005,1544984596522,1
3005,1544984596522,1
3005,1544984596522,1
3005,1544984596522,1
3005,1544984596522,1
3005,1544984597526,1
3005,1544984597526,1
3005,1544984597526,1
3005,1544984597526,1
3005,1544984597526,1
3005,1544984597526,1
3005,1544984598527,1
3005,1544984598527,1
3005,1544984598528,1
3005,1544984598528,1
3005,1544984598528,1
3005,1544984598528,1
3005,1544984599530,1
3005,1544984599530,1
3005,1544984599531,1
3005,1544984599531,1
3005,1544984599532,1
3005,1544984599532,1
3005,1544984600533,1
3005,1544984600533,1
3005,1544984600534,1
3005,1544984600534,1
3005,1544984600534,1
3005,1544984600534,1
3005,1544984601537,1
3005,1544984601537,1
3005,1544984601537,1
3005,1544984601537,1
3005,1544984601537,1
3005,1544984601538,1
3005,1544984602536,1
3005,1544984602537,1
3005,1544984602537,1
3005,1544984602537,1
3005,1544984602537,1
3005,1544984602537,1
3005,1544984603538,1
3005,1544984603538,1
3005,1544984603538,1
3005,1544984603538,1
3005,1544984603538,1
3005,1544984603539,1
3005,1544984604539,1
3005,1544984604540,1
3005,1544984604540,1
3005,1544984604540,1
3005,1544984604540,1
3005,1544984604540,1
3005,1544984605543,1
3005,1544984605544,1
3005,1544984605544,1
3005,1544984605544,1
3005,1544984605544,1
3005,1544984605544,1
3005,1544984606546,1
3005,1544984606547,1
3005,1544984606547,1
3005,1544984606547,1
3005,1544984606547,1
3005,1544984606547,1
3005,1544984607550,1
3005,1544984607551,1
3005,1544984607551,1
3005,1544984607551,1
3005,1544984607551,1
3005,1544984607551,1
3005,1544984608551,1
3005,1544984608551,1
3005,1544984608551,1
3005,1544984608552,1
3005,1544984608552,1
3005,1544984608552,1
3005,1544984609555,1
3005,1544984609555,1
3005,1544984609555,1
3005,1544984609555,1
3005,1544984609555,1
3005,1544984609556,1
3005,1544984610559,1
3005,1544984610559,1
3005,1544984610559,1
3005,1544984610559,1
3005,1544984610559,1
3005,1544984610560,1
3005,1544984611560,1
3005,1544984611561,1
3005,1544984611561,1
3005,1544984611561,1
3005,1544984611561,1
3005,1544984611561,1
3005,1544984612562,1
3005,1544984612562,1
3005,1544984612562,1
3005,1544984612563,1
3005,1544984612563,1
3005,1544984612563,1
3005,1544984613564,1
3005,1544984613564,1
3005,1544984613565,1
3005,1544984613565,1
3005,1544984613565,1
3005,1544984613565,1
3005,1544984614567,1
3005,1544984614568,1
3005,1544984614568,1
3005,1544984614568,1
3005,1544984614568,1
3005,1544984614568,1
3005,1544984615568,1
3005,1544984615568,1
3005,1544984615568,1
3005,1544984615568,1
3005,1544984615569,1
3005,1544984615570,1
3005,1544984616571,1
3005,1544984616571,1
3005,1544984616571,1
3005,1544984616571,1
3005,1544984616571,1
3005,1544984616571,1
3005,1544984617573,1
3005,1544984617573,1
3005,1544984617573,1
3005,1544984617573,1
3005,1544984617573,1
3005,1544984617574,1
3005,1544984618576,1
3005,1544984618576,1
3005,1544984618576,1
3005,1544984618576,1
3005,1544984618577,1
3005,1544984618577,1
3005,1544984619579,1
3005,1544984619579,1
3005,1544984619580,1
3005,1544984619580,1
3005,1544984619580,1
3005,1544984619580,1
3005,1544984620579,1
3005,1544984620580,1
3005,1544984620580,1
3005,1544984620580,1
3005,1544984620580,1
3005,1544984620580,1
3005,1544984621584,1
3005,1544984621585,1
3005,1544984621585,1
3005,1544984621585,1
3005,1544984621585,1
3005,1544984621585,1
3005,1544984622586,1
3005,1544984622587,1
3005,1544984622587,1
3005,1544984622587,1
3005,1544984622587,1
3005,1544984622587,1
3005,1544984623587,1
3005,1544984623587,1
3005,1544984623587,1
3005,1544984623587,1
3005,1544984623587,1
3005,1544984623587,1
3005,1544984624592,1
3005,1544984624593,1
3005,1544984624593,1
3005,1544984624593,1
3005,1544984624593,1
3005,1544984624593,1
3005,1544984625595,1
3005,1544984625595,1
3005,1544984625596,1
3005,1544984625596,1
3005,1544984625596,1
3005,1544984625596,1
3005,1544984626600,1
3005,1544984626600,1
3005,1544984626600,1
3005,1544984626600,1
3005,1544984626600,1
3005,1544984626600,1
3005,1544984627602,1
3005,1544984627603,1
3005,1544984627603,1
3005,1544984627603,1
3005,1544984627603,1
3005,1544984627603,1
3005,1544984628606,1
3005,1544984628606,1
3005,1544984628606,1
3005,1544984628606,1
3005,1544984628606,1
3005,1544984628607,1
3005,1544984629608,1
3005,1544984629609,1
3005,1544984629609,1
3005,1544984629609,1
3005,1544984629609,1
3005,1544984629609,1
3005,1544984630608,1
3005,1544984630608,1
3005,1544984630609,1
3005,1544984630609,1
3005,1544984630609,1
3005,1544984630609,1
3005,1544984631608,1
3005,1544984631609,1
3005,1544984631609,1
3005,1544984631609,1
3005,1544984631609,1
3005,1544984631609,1
3005,1544984632610,1
3005,1544984632611,1
3005,1544984632611,1
3005,1544984632611,1
3005,1544984632611,1
3005,1544984632611,1
