3003,1544984037543,1
3003,1544984038545,1
3003,1544984039087,1
3003,1544984039546,1
3003,1544984040086,1
3003,1544984040549,1
3003,1544984040665,1
3003,1544984041085,1
3003,1544984041548,1
3003,1544984041667,1
3003,1544984042086,1
3003,1544984042238,1
3003,1544984042549,1
3003,1544984042671,1
3003,1544984043092,1
3003,1544984043241,1
3003,1544984043552,1
3003,1544984043671,1
3003,1544984043787,1
3003,1544984044092,1
3003,1544984044241,1
3003,1544984044557,1
3003,1544984044686,1
3003,1544984044785,1
3003,1544984045096,1
3003,1544984045240,1
3003,1544984045309,1
3003,1544984045557,1
3003,1544984045676,1
3003,1544984045792,1
3003,1544984046096,1
3003,1544984046240,1
3003,1544984046309,1
3003,1544984046561,1
3003,1544984046675,1
3003,1544984046797,1
3003,1544984046900,1
3003,1544984047100,1
3003,1544984047244,1
3003,1544984047318,1
3003,1544984047566,1
3003,1544984047681,1
3003,1544984047786,1
3003,1544984047902,1
3003,1544984048104,1
3003,1544984048244,1
3003,1544984048314,1
3003,1544984048567,1
3003,1544984048680,1
3003,1544984048790,1
3003,1544984048903,1
3003,1544984049112,1
3003,1544984049242,1
3003,1544984049312,1
3003,1544984049566,1
3003,1544984049686,1
3003,1544984049793,1
3003,1544984049904,1
3003,1544984050111,1
3003,1544984050248,1
3003,1544984050312,1
3003,1544984050565,1
3003,1544984050687,1
3003,1544984050804,1
3003,1544984050908,1
3003,1544984051117,1
3003,1544984051253,1
3003,1544984051316,1
3003,1544984051567,1
3003,1544984051689,1
3003,1544984051805,1
3003,1544984051907,1
3003,1544984052117,1
3003,1544984052254,1
3003,1544984052322,1
3003,1544984052569,1
3003,1544984052691,1
3003,1544984052800,1
3003,1544984052909,1
3003,1544984053120,1
3003,1544984053261,1
3003,1544984053333,1
3003,1544984053572,1
3003,1544984053695,1
3003,1544984053806,1
3003,1544984053909,1
3003,1544984054123,1
3003,1544984054258,1
3003,1544984054320,1
3003,1544984054578,1
3003,1544984054739,1
3003,1544984054827,1
3003,1544984054922,1
3003,1544984055125,1
3003,1544984055259,1
3003,1544984055326,1
3003,1544984055583,1
3003,1544984055701,1
3003,1544984055814,1
3003,1544984055920,1
3003,1544984056128,1
3003,1544984056261,1
3003,1544984056328,1
3003,1544984056587,1
3003,1544984056704,1
3003,1544984056818,1
3003,1544984056918,1
3003,1544984057130,1
3003,1544984057267,1
3003,1544984057328,1
3003,1544984057590,1
3003,1544984057708,1
3003,1544984057821,1
3003,1544984057922,1
3003,1544984058133,1
3003,1544984058271,1
3003,1544984058335,1
3003,1544984058590,1
3003,1544984058710,1
3003,1544984058822,1
3003,1544984058929,1
3003,1544984059129,1
3003,1544984059271,1
3003,1544984059331,1
3003,1544984059593,1
3003,1544984059716,1
3003,1544984059826,1
3003,1544984059929,1
3003,1544984060129,1
3003,1544984060274,1
3003,1544984060328,1
3003,1544984060592,1
3003,1544984060716,1
3003,1544984060830,1
3003,1544984060935,1
3003,1544984061131,1
3003,1544984061281,1
3003,1544984061337,1
3003,1544984061594,1
3003,1544984061719,1
3003,1544984061829,1
3003,1544984061934,1
3003,1544984062139,1
3003,1544984062283,1
3003,1544984062338,1
3003,1544984062599,1
3003,1544984062718,1
3003,1544984062830,1
3003,1544984062935,1
3003,1544984063134,1
3003,1544984063280,1
3003,1544984063337,1
3003,1544984063599,1
3003,1544984063720,1
3003,1544984063839,1
3003,1544984063938,1
3003,1544984064135,1
3003,1544984064282,1
3003,1544984064341,1
3003,1544984064605,1
3003,1544984064727,1
3003,1544984064838,1
3003,1544984064942,1
3003,1544984065137,1
3003,1544984065283,1
3003,1544984065343,1
3003,1544984065611,1
3003,1544984065727,1
3003,1544984065840,1
3003,1544984065943,1
3003,1544984066144,1
3003,1544984066285,1
3003,1544984066344,1
3003,1544984066612,1
3003,1544984066724,1
3003,1544984066839,1
3003,1544984066953,1
3003,1544984067143,1
3003,1544984067289,1
3003,1544984067345,1
3003,1544984067612,1
3003,1544984067731,1
3003,1544984067840,1
3003,1544984067949,1
3003,1544984068145,1
3003,1544984068286,1
3003,1544984068359,1
3003,1544984068615,1
3003,1544984068732,1
3003,1544984068845,1
3003,1544984068951,1
3003,1544984069142,1
3003,1544984069293,1
3003,1544984069356,1
3003,1544984069616,1
3003,1544984069732,1
3003,1544984069851,1
3003,1544984069956,1
3003,1544984070145,1
3003,1544984070296,1
3003,1544984070353,1
3003,1544984070621,1
3003,1544984070737,1
3003,1544984070863,1
3003,1544984070955,1
3003,1544984071152,1
3003,1544984071300,1
3003,1544984071360,1
3003,1544984071624,1
3003,1544984071741,1
3003,1544984071858,1
3003,1544984071971,1
3003,1544984072158,1
3003,1544984072306,1
3003,1544984072367,1
3003,1544984072629,1
3003,1544984072740,1
3003,1544984072894,1
3003,1544984072980,1
3003,1544984073155,1
3003,1544984073300,1
3003,1544984073375,1
3003,1544984073636,1
3003,1544984073745,1
3003,1544984073860,1
3003,1544984073961,1
3003,1544984074160,1
3003,1544984074305,1
3003,1544984074378,1
3003,1544984074634,1
3003,1544984074762,1
3003,1544984074866,1
3003,1544984074962,1
3003,1544984075164,1
3003,1544984075303,1
3003,1544984075380,1
3003,1544984075641,1
3003,1544984075752,1
3003,1544984075867,1
3003,1544984076024,1
3003,1544984076165,1
3003,1544984076312,1
3003,1544984076370,1
3003,1544984076643,1
3003,1544984076753,1
3003,1544984076869,1
3003,1544984076968,1
3003,1544984077167,1
3003,1544984077309,1
3003,1544984077376,1
3003,1544984077643,1
3003,1544984077755,1
3003,1544984077871,1
3003,1544984077971,1
3003,1544984078168,1
3003,1544984078309,1
3003,1544984078383,1
3003,1544984078647,1
3003,1544984078758,1
3003,1544984078871,1
3003,1544984078975,1
3003,1544984079172,1
3003,1544984079313,1
3003,1544984079377,1
3003,1544984079651,1
3003,1544984079761,1
3003,1544984079875,1
3003,1544984079979,1
3003,1544984080178,1
3003,1544984080314,1
3003,1544984080378,1
3003,1544984080651,1
3003,1544984080765,1
3003,1544984080876,1
3003,1544984080978,1
3003,1544984081181,1
3003,1544984081321,1
3003,1544984081382,1
3003,1544984081656,1
3003,1544984081762,1
3003,1544984081879,1
3003,1544984081985,1
3003,1544984082182,1
3003,1544984082324,1
3003,1544984082384,1
3003,1544984082657,1
3003,1544984082768,1
3003,1544984082882,1
3003,1544984082977,1
3003,1544984083189,1
3003,1544984083324,1
3003,1544984083392,1
3003,1544984083659,1
3003,1544984083772,1
3003,1544984083891,1
3003,1544984083984,1
3003,1544984084186,1
3003,1544984084324,1
3003,1544984084395,1
3003,1544984084658,1
3003,1544984084775,1
3003,1544984084895,1
3003,1544984084987,1
3003,1544984085192,1
3003,1544984085324,1
3003,1544984085395,1
3003,1544984085665,1
3003,1544984085785,1
3003,1544984085904,1
3003,1544984085992,1
3003,1544984086192,1
3003,1544984086330,1
3003,1544984086398,1
3003,1544984086665,1
3003,1544984086785,1
3003,1544984086900,1
3003,1544984087006,1
3003,1544984087195,1
3003,1544984087329,1
3003,1544984087404,1
3003,1544984087670,1
3003,1544984087786,1
3003,1544984087901,1
3003,1544984087999,1
3003,1544984088192,1
3003,1544984088333,1
3003,1544984088413,1
3003,1544984088673,1
3003,1544984088785,1
3003,1544984088923,1
3003,1544984089004,1
3003,1544984089196,1
3003,1544984089339,1
3003,1544984089409,1
3003,1544984089674,1
3003,1544984089788,1
3003,1544984089907,1
3003,1544984090006,1
3003,1544984090203,1
3003,1544984090337,1
3003,1544984090410,1
3003,1544984090677,1
3003,1544984090788,1
3003,1544984090918,1
3003,1544984091008,1
3003,1544984091202,1
3003,1544984091338,1
3003,1544984091410,1
3003,1544984091678,1
3003,1544984091793,1
3003,1544984091920,1
3003,1544984092008,1
3003,1544984092206,1
3003,1544984092349,1
3003,1544984092415,1
3003,1544984092680,1
3003,1544984092796,1
3003,1544984092919,1
3003,1544984093013,1
3003,1544984093214,1
3003,1544984093346,1
3003,1544984093422,1
3003,1544984093680,1
3003,1544984093797,1
3003,1544984093919,1
3003,1544984094009,1
3003,1544984094216,1
3003,1544984094348,1
3003,1544984094428,1
3003,1544984094694,1
3003,1544984094803,1
3003,1544984094922,1
3003,1544984095012,1
3003,1544984095215,1
3003,1544984095350,1
3003,1544984095426,1
3003,1544984095689,1
3003,1544984095806,1
3003,1544984095925,1
3003,1544984096011,1
3003,1544984096213,1
3003,1544984096362,1
3003,1544984096436,1
3003,1544984096691,1
3003,1544984096812,1
3003,1544984096929,1
3003,1544984097019,1
3003,1544984097217,1
3003,1544984097357,1
3003,1544984097427,1
3003,1544984097692,1
3003,1544984097814,1
3003,1544984097930,1
3003,1544984098018,1
3003,1544984098219,1
3003,1544984098363,1
3003,1544984098437,1
3003,1544984098698,1
3003,1544984098813,1
3003,1544984098935,1
3003,1544984099020,1
3003,1544984099222,1
3003,1544984099371,1
3003,1544984099442,1
3003,1544984099702,1
3003,1544984099821,1
3003,1544984099935,1
3003,1544984100029,1
3003,1544984100225,1
3003,1544984100367,1
3003,1544984100443,1
3003,1544984100703,1
3003,1544984100820,1
3003,1544984100935,1
3003,1544984101027,1
3003,1544984101229,1
3003,1544984101370,1
3003,1544984101441,1
3003,1544984101705,1
3003,1544984101821,1
3003,1544984101941,1
3003,1544984102040,1
3003,1544984102233,1
3003,1544984102373,1
3003,1544984102442,1
3003,1544984102706,1
3003,1544984102829,1
3003,1544984102940,1
3003,1544984103031,1
3003,1544984103240,1
3003,1544984103380,1
3003,1544984103450,1
3003,1544984103708,1
3003,1544984103839,1
3003,1544984103942,1
3003,1544984104032,1
3003,1544984104238,1
3003,1544984104383,1
3003,1544984104452,1
3003,1544984104709,1
3003,1544984104830,1
3003,1544984104939,1
3003,1544984105043,1
3003,1544984105239,1
3003,1544984105385,1
3003,1544984105450,1
3003,1544984105708,1
3003,1544984105835,1
3003,1544984105948,1
3003,1544984106040,1
3003,1544984106240,1
3003,1544984106384,1
3003,1544984106451,1
3003,1544984106712,1
3003,1544984106832,1
3003,1544984106946,1
3003,1544984107043,1
3003,1544984107243,1
3003,1544984107383,1
3003,1544984107463,1
3003,1544984107711,1
3003,1544984107833,1
3003,1544984107952,1
3003,1544984108047,1
3003,1544984108251,1
3003,1544984108387,1
3003,1544984108464,1
3003,1544984108713,1
3003,1544984108834,1
3003,1544984108954,1
3003,1544984109045,1
3003,1544984109252,1
3003,1544984109390,1
3003,1544984109463,1
3003,1544984109715,1
3003,1544984109832,1
3003,1544984109957,1
3003,1544984110048,1
3003,1544984110254,1
3003,1544984110393,1
3003,1544984110465,1
3003,1544984110718,1
3003,1544984110838,1
3003,1544984110969,1
3003,1544984111049,1
3003,1544984111255,1
3003,1544984111398,1
3003,1544984111474,1
3003,1544984111716,1
3003,1544984111840,1
3003,1544984112048,1
3003,1544984112075,1
3003,1544984112256,1
3003,1544984112392,1
3003,1544984112471,1
3003,1544984112720,1
3003,1544984112840,1
3003,1544984112968,1
3003,1544984113072,1
3003,1544984113261,1
3003,1544984113400,1
3003,1544984113471,1
3003,1544984113723,1
3003,1544984113844,1
3003,1544984113968,1
3003,1544984114067,1
3003,1544984114263,1
3003,1544984114406,1
3003,1544984114482,1
3003,1544984114726,1
3003,1544984114851,1
3003,1544984114974,1
3003,1544984115049,1
3003,1544984115263,1
3003,1544984115403,1
3003,1544984115475,1
3003,1544984115737,1
3003,1544984115856,1
3003,1544984115976,1
3003,1544984116054,1
3003,1544984116270,1
3003,1544984116407,1
3003,1544984116477,1
3003,1544984116738,1
3003,1544984116855,1
3003,1544984116979,1
3003,1544984117064,1
3003,1544984117271,1
3003,1544984117411,1
3003,1544984117482,1
3003,1544984117741,1
3003,1544984117861,1
3003,1544984117978,1
3003,1544984118054,1
3003,1544984118277,1
3003,1544984118417,1
3003,1544984118481,1
3003,1544984118748,1
3003,1544984118863,1
3003,1544984118982,1
3003,1544984119060,1
3003,1544984119278,1
3003,1544984119415,1
3003,1544984119487,1
3003,1544984119749,1
3003,1544984119864,1
3003,1544984119986,1
3003,1544984120061,1
3003,1544984120281,1
3003,1544984120418,1
3003,1544984120490,1
3003,1544984120749,1
3003,1544984120867,1
3003,1544984120987,1
3003,1544984121064,1
3003,1544984121283,1
3003,1544984121426,1
3003,1544984121501,1
3003,1544984121751,1
3003,1544984121868,1
3003,1544984121991,1
3003,1544984122068,1
3003,1544984122286,1
3003,1544984122418,1
3003,1544984122524,1
3003,1544984122755,1
3003,1544984122866,1
3003,1544984122989,1
3003,1544984123073,1
3003,1544984123286,1
3003,1544984123419,1
3003,1544984123498,1
3003,1544984123758,1
3003,1544984123865,1
3003,1544984123991,1
3003,1544984124074,1
3003,1544984124292,1
3003,1544984124423,1
3003,1544984124511,1
3003,1544984124761,1
3003,1544984124867,1
3003,1544984124994,1
3003,1544984125078,1
3003,1544984125292,1
3003,1544984125427,1
3003,1544984125505,1
3003,1544984125769,1
3003,1544984125875,1
3003,1544984125999,1
3003,1544984126085,1
3003,1544984126294,1
3003,1544984126430,1
3003,1544984126508,1
3003,1544984126766,1
3003,1544984126877,1
3003,1544984127004,1
3003,1544984127087,1
3003,1544984127300,1
3003,1544984127435,1
3003,1544984127515,1
3003,1544984127765,1
3003,1544984127878,1
3003,1544984128010,1
3003,1544984128088,1
3003,1544984128312,1
3003,1544984128442,1
3003,1544984128517,1
3003,1544984128764,1
3003,1544984128879,1
3003,1544984129003,1
3003,1544984129092,1
3003,1544984129305,1
3003,1544984129456,1
3003,1544984129528,1
3003,1544984129768,1
3003,1544984129880,1
3003,1544984130005,1
3003,1544984130091,1
3003,1544984130307,1
3003,1544984130447,1
3003,1544984130536,1
3003,1544984130771,1
3003,1544984130882,1
3003,1544984131006,1
3003,1544984131098,1
3003,1544984131312,1
3003,1544984131451,1
3003,1544984131527,1
3003,1544984131773,1
3003,1544984131893,1
3003,1544984132013,1
3003,1544984132107,1
3003,1544984132311,1
3003,1544984132457,1
3003,1544984132533,1
3003,1544984132779,1
3003,1544984132889,1
3003,1544984133011,1
3003,1544984133105,1
3003,1544984133318,1
3003,1544984133463,1
3003,1544984133533,1
3003,1544984133783,1
3003,1544984133895,1
3003,1544984134019,1
3003,1544984134104,1
3003,1544984134315,1
3003,1544984134465,1
3003,1544984134542,1
3003,1544984134787,1
3003,1544984134898,1
3003,1544984135023,1
3003,1544984135110,1
3003,1544984135320,1
3003,1544984135464,1
3003,1544984135537,1
3003,1544984135789,1
3003,1544984135903,1
3003,1544984136020,1
3003,1544984136112,1
3003,1544984136323,1
3003,1544984136469,1
3003,1544984136543,1
3003,1544984136791,1
3003,1544984136902,1
3003,1544984137018,1
3003,1544984137117,1
3003,1544984137328,1
3003,1544984137470,1
3003,1544984137540,1
3003,1544984137794,1
3003,1544984137907,1
3003,1544984138019,1
3003,1544984138107,1
3003,1544984138335,1
3003,1544984138483,1
3003,1544984138542,1
3003,1544984138799,1
3003,1544984138909,1
3003,1544984139018,1
3003,1544984139112,1
3003,1544984139337,1
3003,1544984139474,1
3003,1544984139547,1
3003,1544984139800,1
3003,1544984139910,1
3003,1544984140020,1
3003,1544984140114,1
3003,1544984140336,1
3003,1544984140479,1
3003,1544984140541,1
3003,1544984140806,1
3003,1544984140908,1
3003,1544984141022,1
3003,1544984141110,1
3003,1544984141341,1
3003,1544984141476,1
3003,1544984141549,1
3003,1544984141806,1
3003,1544984141915,1
3003,1544984142023,1
3003,1544984142116,1
3003,1544984142342,1
3003,1544984142476,1
3003,1544984142555,1
3003,1544984142808,1
3003,1544984142915,1
3003,1544984143022,1
3003,1544984143124,1
3003,1544984143356,1
3003,1544984143480,1
3003,1544984143566,1
3003,1544984143812,1
3003,1544984143916,1
3003,1544984144024,1
3003,1544984144120,1
3003,1544984144347,1
3003,1544984144481,1
3003,1544984144580,1
3003,1544984144813,1
3003,1544984144922,1
3003,1544984145026,1
3003,1544984145121,1
3003,1544984145349,1
3003,1544984145482,1
3003,1544984145556,1
3003,1544984145821,1
3003,1544984145926,1
3003,1544984146030,1
3003,1544984146126,1
3003,1544984146348,1
3003,1544984146487,1
3003,1544984146555,1
3003,1544984146824,1
3003,1544984146931,1
3003,1544984147033,1
3003,1544984147135,1
3003,1544984147351,1
3003,1544984147491,1
3003,1544984147559,1
3003,1544984147828,1
3003,1544984147933,1
3003,1544984148031,1
3003,1544984148134,1
3003,1544984148361,1
3003,1544984148501,1
3003,1544984148566,1
3003,1544984148830,1
3003,1544984148933,1
3003,1544984149032,1
3003,1544984149130,1
3003,1544984149359,1
3003,1544984149490,1
3003,1544984149569,1
3003,1544984149836,1
3003,1544984149938,1
3003,1544984150029,1
3003,1544984150133,1
3003,1544984150360,1
3003,1544984150497,1
3003,1544984150568,1
3003,1544984150836,1
3003,1544984150940,1
3003,1544984151035,1
3003,1544984151138,1
3003,1544984151364,1
3003,1544984151496,1
3003,1544984151571,1
3003,1544984151839,1
3003,1544984151946,1
3003,1544984152040,1
3003,1544984152141,1
3003,1544984152368,1
3003,1544984152494,1
3003,1544984152576,1
3003,1544984152842,1
3003,1544984152945,1
3003,1544984153049,1
3003,1544984153148,1
3003,1544984153374,1
3003,1544984153499,1
3003,1544984153580,1
3003,1544984153847,1
3003,1544984153945,1
3003,1544984154047,1
3003,1544984154146,1
3003,1544984154374,1
3003,1544984154505,1
3003,1544984154581,1
3003,1544984154852,1
3003,1544984154950,1
3003,1544984155042,1
3003,1544984155157,1
3003,1544984155373,1
3003,1544984155508,1
3003,1544984155590,1
3003,1544984155857,1
3003,1544984155952,1
3003,1544984156048,1
3003,1544984156156,1
3003,1544984156376,1
3003,1544984156511,1
3003,1544984156590,1
3003,1544984156856,1
3003,1544984156959,1
3003,1544984157048,1
3003,1544984157155,1
3003,1544984157378,1
3003,1544984157517,1
3003,1544984157594,1
3003,1544984157858,1
3003,1544984157960,1
3003,1544984158053,1
3003,1544984158156,1
3003,1544984158379,1
3003,1544984158519,1
3003,1544984158598,1
3003,1544984158861,1
3003,1544984158959,1
3003,1544984159052,1
3003,1544984159159,1
3003,1544984159384,1
3003,1544984159525,1
3003,1544984159605,1
3003,1544984159863,1
3003,1544984159965,1
3003,1544984160051,1
3003,1544984160162,1
3003,1544984160383,1
3003,1544984160521,1
3003,1544984160604,1
3003,1544984160865,1
3003,1544984160966,1
3003,1544984161056,1
3003,1544984161166,1
3003,1544984161384,1
3003,1544984161520,1
3003,1544984161605,1
3003,1544984161872,1
3003,1544984161973,1
3003,1544984162058,1
3003,1544984162175,1
3003,1544984162391,1
3003,1544984162526,1
3003,1544984162603,1
3003,1544984162886,1
3003,1544984162975,1
3003,1544984163063,1
3003,1544984163176,1
3003,1544984163396,1
3003,1544984163527,1
3003,1544984163608,1
3003,1544984163876,1
3003,1544984163976,1
3003,1544984164065,1
3003,1544984164173,1
3003,1544984164396,1
3003,1544984164532,1
3003,1544984164615,1
3003,1544984164876,1
3003,1544984164978,1
3003,1544984165067,1
3003,1544984165177,1
3003,1544984165396,1
3003,1544984165532,1
3003,1544984165617,1
3003,1544984165881,1
3003,1544984165983,1
3003,1544984166069,1
3003,1544984166181,1
3003,1544984166399,1
3003,1544984166533,1
3003,1544984166622,1
3003,1544984166885,1
3003,1544984166985,1
3003,1544984167071,1
3003,1544984167185,1
3003,1544984167398,1
3003,1544984167534,1
3003,1544984167622,1
3003,1544984167889,1
3003,1544984167985,1
3003,1544984168076,1
3003,1544984168187,1
3003,1544984168397,1
3003,1544984168533,1
3003,1544984168624,1
3003,1544984168891,1
3003,1544984168999,1
3003,1544984169079,1
3003,1544984169189,1
3003,1544984169401,1
3003,1544984169569,1
3003,1544984169637,1
3003,1544984169895,1
3003,1544984170005,1
3003,1544984170083,1
3003,1544984170188,1
3003,1544984170402,1
3003,1544984170540,1
3003,1544984170632,1
3003,1544984170896,1
3003,1544984170990,1
3003,1544984171083,1
3003,1544984171187,1
3003,1544984171406,1
3003,1544984171540,1
3003,1544984171630,1
3003,1544984171899,1
3003,1544984171992,1
3003,1544984172081,1
3003,1544984172192,1
3003,1544984172407,1
3003,1544984172545,1
3003,1544984172638,1
3003,1544984172904,1
3003,1544984173005,1
3003,1544984173125,1
3003,1544984173201,1
3003,1544984173410,1
3003,1544984173546,1
3003,1544984173635,1
3003,1544984173909,1
3003,1544984173996,1
3003,1544984174086,1
3003,1544984174198,1
3003,1544984174417,1
3003,1544984174549,1
3003,1544984174645,1
3003,1544984174909,1
3003,1544984175004,1
3003,1544984175088,1
3003,1544984175202,1
3003,1544984175416,1
3003,1544984175547,1
3003,1544984175640,1
3003,1544984175910,1
3003,1544984176010,1
3003,1544984176088,1
3003,1544984176205,1
3003,1544984176417,1
3003,1544984176551,1
3003,1544984176646,1
3003,1544984176914,1
3003,1544984177010,1
3003,1544984177086,1
3003,1544984177211,1
3003,1544984177422,1
3003,1544984177556,1
3003,1544984177645,1
3003,1544984177916,1
3003,1544984178012,1
3003,1544984178089,1
3003,1544984178214,1
3003,1544984178428,1
3003,1544984178560,1
3003,1544984178648,1
3003,1544984178921,1
3003,1544984179016,1
3003,1544984179095,1
3003,1544984179216,1
3003,1544984179434,1
3003,1544984179568,1
3003,1544984179655,1
3003,1544984179923,1
3003,1544984180016,1
3003,1544984180093,1
3003,1544984180230,1
3003,1544984180429,1
3003,1544984180568,1
3003,1544984180650,1
3003,1544984180928,1
3003,1544984181016,1
3003,1544984181101,1
3003,1544984181232,1
3003,1544984181431,1
3003,1544984181570,1
3003,1544984181655,1
3003,1544984181937,1
3003,1544984182022,1
3003,1544984182100,1
3003,1544984182229,1
3003,1544984182435,1
3003,1544984182572,1
3003,1544984182658,1
3003,1544984182933,1
3003,1544984183018,1
3003,1544984183100,1
3003,1544984183224,1
3003,1544984183443,1
3003,1544984183578,1
3003,1544984183660,1
3003,1544984183937,1
3003,1544984184019,1
3003,1544984184102,1
3003,1544984184226,1
3003,1544984184442,1
3003,1544984184579,1
3003,1544984184672,1
3003,1544984184944,1
3003,1544984185021,1
3003,1544984185106,1
3003,1544984185224,1
3003,1544984185443,1
3003,1544984185581,1
3003,1544984185673,1
3003,1544984185946,1
3003,1544984186022,1
3003,1544984186111,1
3003,1544984186232,1
3003,1544984186448,1
3003,1544984186585,1
3003,1544984186675,1
3003,1544984186950,1
3003,1544984187020,1
3003,1544984187119,1
3003,1544984187237,1
3003,1544984187452,1
3003,1544984187587,1
3003,1544984187679,1
3003,1544984187954,1
3003,1544984188021,1
3003,1544984188120,1
3003,1544984188239,1
3003,1544984188460,1
3003,1544984188588,1
3003,1544984188680,1
3003,1544984188955,1
3003,1544984189025,1
3003,1544984189117,1
3003,1544984189252,1
3003,1544984189456,1
3003,1544984189588,1
3003,1544984189687,1
3003,1544984189958,1
3003,1544984190024,1
3003,1544984190122,1
3003,1544984190237,1
3003,1544984190462,1
3003,1544984190591,1
3003,1544984190685,1
3003,1544984190963,1
3003,1544984191026,1
3003,1544984191127,1
3003,1544984191240,1
3003,1544984191466,1
3003,1544984191591,1
3003,1544984191689,1
3003,1544984191968,1
3003,1544984192030,1
3003,1544984192132,1
3003,1544984192243,1
3003,1544984192470,1
3003,1544984192599,1
3003,1544984192691,1
3003,1544984192975,1
3003,1544984193030,1
3003,1544984193239,1
3003,1544984193251,1
3003,1544984193480,1
3003,1544984193598,1
3003,1544984193691,1
3003,1544984193974,1
3003,1544984194035,1
3003,1544984194135,1
3003,1544984194252,1
3003,1544984194478,1
3003,1544984194655,1
3003,1544984194715,1
3003,1544984194977,1
3003,1544984195037,1
3003,1544984195138,1
3003,1544984195262,1
3003,1544984195479,1
3003,1544984195603,1
3003,1544984195698,1
3003,1544984195979,1
3003,1544984196039,1
3003,1544984196146,1
3003,1544984196252,1
3003,1544984196483,1
3003,1544984196613,1
3003,1544984196694,1
3003,1544984196982,1
3003,1544984197042,1
3003,1544984197139,1
3003,1544984197251,1
3003,1544984197488,1
3003,1544984197608,1
3003,1544984197696,1
3003,1544984197980,1
3003,1544984198043,1
3003,1544984198147,1
3003,1544984198251,1
3003,1544984198485,1
3003,1544984198610,1
3003,1544984198698,1
3003,1544984198980,1
3003,1544984199051,1
3003,1544984199143,1
3003,1544984199253,1
3003,1544984199490,1
3003,1544984199617,1
3003,1544984199702,1
3003,1544984199988,1
3003,1544984200048,1
3003,1544984200151,1
3003,1544984200253,1
3003,1544984200490,1
3003,1544984200619,1
3003,1544984200704,1
3003,1544984200987,1
3003,1544984201050,1
3003,1544984201147,1
3003,1544984201259,1
3003,1544984201497,1
3003,1544984201620,1
3003,1544984201708,1
3003,1544984201992,1
3003,1544984202052,1
3003,1544984202150,1
3003,1544984202271,1
3003,1544984202498,1
3003,1544984202626,1
3003,1544984202708,1
3003,1544984202993,1
3003,1544984203058,1
3003,1544984203156,1
3003,1544984203267,1
3003,1544984203498,1
3003,1544984203631,1
3003,1544984203716,1
3003,1544984203997,1
3003,1544984204060,1
3003,1544984204154,1
3003,1544984204269,1
3003,1544984204504,1
3003,1544984204626,1
3003,1544984204717,1
3003,1544984205004,1
3003,1544984205063,1
3003,1544984205162,1
3003,1544984205273,1
3003,1544984205503,1
3003,1544984205630,1
3003,1544984205716,1
3003,1544984206007,1
3003,1544984206065,1
3003,1544984206169,1
3003,1544984206282,1
3003,1544984206504,1
3003,1544984206650,1
3003,1544984206729,1
3003,1544984207006,1
3003,1544984207069,1
3003,1544984207161,1
3003,1544984207283,1
3003,1544984207509,1
3003,1544984207633,1
3003,1544984207726,1
3003,1544984208011,1
3003,1544984208066,1
3003,1544984208166,1
3003,1544984208282,1
3003,1544984208505,1
3003,1544984208625,1
3003,1544984208721,1
3003,1544984209013,1
3003,1544984209069,1
3003,1544984209174,1
3003,1544984209286,1
3003,1544984209517,1
3003,1544984209632,1
3003,1544984209725,1
3003,1544984210012,1
3003,1544984210074,1
3003,1544984210175,1
3003,1544984210304,1
3003,1544984210510,1
3003,1544984210635,1
3003,1544984210728,1
3003,1544984211011,1
3003,1544984211071,1
3003,1544984211172,1
3003,1544984211291,1
3003,1544984211514,1
3003,1544984211634,1
3003,1544984211727,1
3003,1544984212010,1
3003,1544984212078,1
3003,1544984212176,1
3003,1544984212293,1
3003,1544984212517,1
3003,1544984212640,1
3003,1544984212731,1
3003,1544984213012,1
3003,1544984213080,1
3003,1544984213180,1
3003,1544984213293,1
3003,1544984213518,1
3003,1544984213642,1
3003,1544984213726,1
3003,1544984214012,1
3003,1544984214082,1
3003,1544984214185,1
3003,1544984214298,1
3003,1544984214520,1
3003,1544984214643,1
3003,1544984214728,1
3003,1544984215012,1
3003,1544984215084,1
3003,1544984215186,1
3003,1544984215319,1
3003,1544984215524,1
3003,1544984215641,1
3003,1544984215770,1
3003,1544984216014,1
3003,1544984216090,1
3003,1544984216193,1
3003,1544984216308,1
3003,1544984216526,1
3003,1544984216652,1
3003,1544984216731,1
3003,1544984217012,1
3003,1544984217092,1
3003,1544984217193,1
3003,1544984217305,1
3003,1544984217534,1
3003,1544984217644,1
3003,1544984217736,1
3003,1544984218015,1
3003,1544984218096,1
3003,1544984218200,1
3003,1544984218306,1
3003,1544984218536,1
3003,1544984218650,1
3003,1544984218735,1
3003,1544984219018,1
3003,1544984219099,1
3003,1544984219204,1
3003,1544984219311,1
3003,1544984219533,1
3003,1544984219653,1
3003,1544984219734,1
3003,1544984220019,1
3003,1544984220101,1
3003,1544984220205,1
3003,1544984220314,1
3003,1544984220539,1
3003,1544984220659,1
3003,1544984220738,1
3003,1544984221021,1
3003,1544984221104,1
3003,1544984221208,1
3003,1544984221321,1
3003,1544984221542,1
3003,1544984221662,1
3003,1544984221745,1
3003,1544984222028,1
3003,1544984222104,1
3003,1544984222206,1
3003,1544984222320,1
3003,1544984222545,1
3003,1544984222671,1
3003,1544984222754,1
3003,1544984223026,1
3003,1544984223106,1
3003,1544984223213,1
3003,1544984223321,1
3003,1544984223543,1
3003,1544984223664,1
3003,1544984223773,1
3003,1544984224031,1
3003,1544984224109,1
3003,1544984224210,1
3003,1544984224325,1
3003,1544984224548,1
3003,1544984224663,1
3003,1544984224754,1
3003,1544984225031,1
3003,1544984225111,1
3003,1544984225220,1
3003,1544984225326,1
3003,1544984225553,1
3003,1544984225670,1
3003,1544984225755,1
3003,1544984226033,1
3003,1544984226115,1
3003,1544984226220,1
3003,1544984226331,1
3003,1544984226556,1
3003,1544984226666,1
3003,1544984226759,1
3003,1544984227036,1
3003,1544984227117,1
3003,1544984227227,1
3003,1544984227332,1
3003,1544984227556,1
3003,1544984227675,1
3003,1544984227761,1
3003,1544984228043,1
3003,1544984228122,1
3003,1544984228229,1
3003,1544984228335,1
3003,1544984228563,1
3003,1544984228671,1
3003,1544984228763,1
3003,1544984229051,1
3003,1544984229127,1
3003,1544984229231,1
3003,1544984229344,1
3003,1544984229563,1
3003,1544984229673,1
3003,1544984229764,1
3003,1544984230049,1
3003,1544984230132,1
3003,1544984230234,1
3003,1544984230345,1
3003,1544984230571,1
3003,1544984230677,1
3003,1544984230768,1
3003,1544984231054,1
3003,1544984231129,1
3003,1544984231238,1
3003,1544984231349,1
3003,1544984231576,1
3003,1544984231681,1
3003,1544984231769,1
3003,1544984232058,1
3003,1544984232130,1
3003,1544984232239,1
3003,1544984232353,1
3003,1544984232573,1
3003,1544984232685,1
3003,1544984232774,1
3003,1544984233062,1
3003,1544984233129,1
3003,1544984233241,1
3003,1544984233358,1
3003,1544984233574,1
3003,1544984233682,1
3003,1544984233777,1
3003,1544984234066,1
3003,1544984234134,1
3003,1544984234240,1
3003,1544984234361,1
3003,1544984234576,1
3003,1544984234680,1
3003,1544984234776,1
3003,1544984235067,1
3003,1544984235135,1
3003,1544984235242,1
3003,1544984235361,1
3003,1544984235580,1
3003,1544984235686,1
3003,1544984235785,1
3003,1544984236067,1
3003,1544984236135,1
3003,1544984236247,1
3003,1544984236368,1
3003,1544984236580,1
3003,1544984236691,1
3003,1544984236785,1
3003,1544984237067,1
3003,1544984237137,1
3003,1544984237251,1
3003,1544984237367,1
3003,1544984237586,1
3003,1544984237691,1
3003,1544984237784,1
3003,1544984238071,1
3003,1544984238139,1
3003,1544984238256,1
3003,1544984238371,1
3003,1544984238586,1
3003,1544984238696,1
3003,1544984238794,1
3003,1544984239071,1
3003,1544984239143,1
3003,1544984239259,1
3003,1544984239376,1
3003,1544984239584,1
3003,1544984239694,1
3003,1544984239789,1
3003,1544984240099,1
3003,1544984240153,1
3003,1544984240263,1
3003,1544984240378,1
3003,1544984240592,1
3003,1544984240700,1
3003,1544984240791,1
3003,1544984241078,1
3003,1544984241146,1
3003,1544984241265,1
3003,1544984241378,1
3003,1544984241593,1
3003,1544984241701,1
3003,1544984241794,1
3003,1544984242079,1
3003,1544984242150,1
3003,1544984242266,1
3003,1544984242381,1
3003,1544984242598,1
3003,1544984242700,1
3003,1544984242800,1
3003,1544984243084,1
3003,1544984243155,1
3003,1544984243269,1
3003,1544984243386,1
3003,1544984243596,1
3003,1544984243700,1
3003,1544984243804,1
3003,1544984244088,1
3003,1544984244161,1
3003,1544984244276,1
3003,1544984244387,1
3003,1544984244600,1
3003,1544984244702,1
3003,1544984244799,1
3003,1544984245086,1
3003,1544984245176,1
3003,1544984245284,1
3003,1544984245390,1
3003,1544984245601,1
3003,1544984245706,1
3003,1544984245803,1
3003,1544984246088,1
3003,1544984246162,1
3003,1544984246281,1
3003,1544984246394,1
3003,1544984246608,1
3003,1544984246707,1
3003,1544984246809,1
3003,1544984247085,1
3003,1544984247167,1
3003,1544984247286,1
3003,1544984247401,1
3003,1544984247611,1
3003,1544984247709,1
3003,1544984247810,1
3003,1544984248090,1
3003,1544984248171,1
3003,1544984248292,1
3003,1544984248405,1
3003,1544984248617,1
3003,1544984248712,1
3003,1544984248812,1
3003,1544984249093,1
3003,1544984249178,1
3003,1544984249294,1
3003,1544984249411,1
3003,1544984249617,1
3003,1544984249716,1
3003,1544984249813,1
3003,1544984250091,1
3003,1544984250175,1
3003,1544984250314,1
3003,1544984250411,1
3003,1544984250618,1
3003,1544984250718,1
3003,1544984250819,1
3003,1544984251095,1
3003,1544984251182,1
3003,1544984251293,1
3003,1544984251420,1
3003,1544984251622,1
3003,1544984251723,1
3003,1544984251815,1
3003,1544984252096,1
3003,1544984252180,1
3003,1544984252295,1
3003,1544984252416,1
3003,1544984252622,1
3003,1544984252728,1
3003,1544984252817,1
3003,1544984253097,1
3003,1544984253181,1
3003,1544984253299,1
3003,1544984253420,1
3003,1544984253625,1
3003,1544984253730,1
3003,1544984253819,1
3003,1544984254102,1
3003,1544984254181,1
3003,1544984254304,1
3003,1544984254422,1
3003,1544984254627,1
3003,1544984254729,1
3003,1544984254822,1
3003,1544984255106,1
3003,1544984255181,1
3003,1544984255302,1
3003,1544984255423,1
3003,1544984255628,1
3003,1544984255733,1
3003,1544984255830,1
3003,1544984256107,1
3003,1544984256184,1
3003,1544984256304,1
3003,1544984256434,1
3003,1544984256627,1
3003,1544984256729,1
3003,1544984256835,1
3003,1544984257113,1
3003,1544984257185,1
3003,1544984257305,1
3003,1544984257447,1
3003,1544984257633,1
3003,1544984257734,1
3003,1544984257831,1
3003,1544984258118,1
3003,1544984258192,1
3003,1544984258305,1
3003,1544984258450,1
3003,1544984258635,1
3003,1544984258740,1
3003,1544984258833,1
3003,1544984259120,1
3003,1544984259195,1
3003,1544984259311,1
3003,1544984259437,1
3003,1544984259639,1
3003,1544984259741,1
3003,1544984259835,1
3003,1544984260125,1
3003,1544984260199,1
3003,1544984260315,1
3003,1544984260443,1
3003,1544984260643,1
3003,1544984260743,1
3003,1544984260838,1
3003,1544984261128,1
3003,1544984261200,1
3003,1544984261315,1
3003,1544984261445,1
3003,1544984261648,1
3003,1544984261745,1
3003,1544984261837,1
3003,1544984262128,1
3003,1544984262208,1
3003,1544984262313,1
3003,1544984262445,1
3003,1544984262647,1
3003,1544984262743,1
3003,1544984262837,1
3003,1544984263132,1
3003,1544984263207,1
3003,1544984263317,1
3003,1544984263450,1
3003,1544984263651,1
3003,1544984263748,1
3003,1544984263845,1
3003,1544984264134,1
3003,1544984264210,1
3003,1544984264322,1
3003,1544984264452,1
3003,1544984264653,1
3003,1544984264748,1
3003,1544984264845,1
3003,1544984265136,1
3003,1544984265215,1
3003,1544984265320,1
3003,1544984265457,1
3003,1544984265656,1
3003,1544984265750,1
3003,1544984265850,1
3003,1544984266137,1
3003,1544984266214,1
3003,1544984266323,1
3003,1544984266463,1
3003,1544984266659,1
3003,1544984266754,1
3003,1544984266854,1
3003,1544984267141,1
3003,1544984267219,1
3003,1544984267325,1
3003,1544984267457,1
3003,1544984267661,1
3003,1544984267758,1
3003,1544984267857,1
3003,1544984268147,1
3003,1544984268225,1
3003,1544984268327,1
3003,1544984268460,1
3003,1544984268658,1
3003,1544984268759,1
3003,1544984268861,1
3003,1544984269152,1
3003,1544984269226,1
3003,1544984269329,1
3003,1544984269462,1
3003,1544984269674,1
3003,1544984269758,1
3003,1544984269868,1
3003,1544984270153,1
3003,1544984270227,1
3003,1544984270333,1
3003,1544984270469,1
3003,1544984270660,1
3003,1544984270758,1
3003,1544984270868,1
3003,1544984271153,1
3003,1544984271230,1
3003,1544984271332,1
3003,1544984271469,1
3003,1544984271664,1
3003,1544984271768,1
3003,1544984271871,1
3003,1544984272156,1
3003,1544984272236,1
3003,1544984272336,1
3003,1544984272473,1
3003,1544984272665,1
3003,1544984272768,1
3003,1544984272875,1
3003,1544984273158,1
3003,1544984273240,1
3003,1544984273341,1
3003,1544984273475,1
3003,1544984273670,1
3003,1544984273772,1
3003,1544984273875,1
3003,1544984274161,1
3003,1544984274241,1
3003,1544984274340,1
3003,1544984274473,1
3003,1544984274671,1
3003,1544984274783,1
3003,1544984274876,1
3003,1544984275167,1
3003,1544984275244,1
3003,1544984275347,1
3003,1544984275480,1
3003,1544984275676,1
3003,1544984275795,1
3003,1544984275880,1
3003,1544984276169,1
3003,1544984276248,1
3003,1544984276346,1
3003,1544984276482,1
3003,1544984276683,1
3003,1544984276781,1
3003,1544984276884,1
3003,1544984277175,1
3003,1544984277246,1
3003,1544984277347,1
3003,1544984277489,1
3003,1544984277683,1
3003,1544984277781,1
3003,1544984277884,1
3003,1544984278177,1
3003,1544984278252,1
3003,1544984278344,1
3003,1544984278488,1
3003,1544984278686,1
3003,1544984278781,1
3003,1544984278887,1
3003,1544984279178,1
3003,1544984279257,1
3003,1544984279349,1
3003,1544984279492,1
3003,1544984279688,1
3003,1544984279782,1
3003,1544984279892,1
3003,1544984280182,1
3003,1544984280255,1
3003,1544984280345,1
3003,1544984280493,1
3003,1544984280693,1
3003,1544984280789,1
3003,1544984280906,1
3003,1544984281181,1
3003,1544984281257,1
3003,1544984281344,1
3003,1544984281490,1
3003,1544984281693,1
3003,1544984281784,1
3003,1544984281896,1
3003,1544984282183,1
3003,1544984282261,1
3003,1544984282349,1
3003,1544984282492,1
3003,1544984282699,1
3003,1544984282788,1
3003,1544984282891,1
3003,1544984283189,1
3003,1544984283262,1
3003,1544984283353,1
3003,1544984283499,1
3003,1544984283703,1
3003,1544984283788,1
3003,1544984283892,1
3003,1544984284191,1
3003,1544984284266,1
3003,1544984284353,1
3003,1544984284508,1
3003,1544984284703,1
3003,1544984284793,1
3003,1544984284899,1
3003,1544984285189,1
3003,1544984285270,1
3003,1544984285359,1
3003,1544984285505,1
3003,1544984285705,1
3003,1544984285798,1
3003,1544984285899,1
3003,1544984286190,1
3003,1544984286270,1
3003,1544984286363,1
3003,1544984286508,1
3003,1544984286706,1
3003,1544984286798,1
3003,1544984286898,1
3003,1544984287197,1
3003,1544984287276,1
3003,1544984287365,1
3003,1544984287508,1
3003,1544984287712,1
3003,1544984287800,1
3003,1544984287903,1
3003,1544984288196,1
3003,1544984288281,1
3003,1544984288363,1
3003,1544984288515,1
3003,1544984288716,1
3003,1544984288806,1
3003,1544984288904,1
3003,1544984289200,1
3003,1544984289278,1
3003,1544984289368,1
3003,1544984289521,1
3003,1544984289723,1
3003,1544984289812,1
3003,1544984289912,1
3003,1544984290205,1
3003,1544984290283,1
3003,1544984290366,1
3003,1544984290526,1
3003,1544984290724,1
3003,1544984290810,1
3003,1544984290909,1
3003,1544984291210,1
3003,1544984291288,1
3003,1544984291373,1
3003,1544984291521,1
3003,1544984291727,1
3003,1544984291813,1
3003,1544984291913,1
3003,1544984292210,1
3003,1544984292283,1
3003,1544984292378,1
3003,1544984292520,1
3003,1544984292731,1
3003,1544984292818,1
3003,1544984292921,1
3003,1544984293209,1
3003,1544984293284,1
3003,1544984293380,1
3003,1544984293523,1
3003,1544984293730,1
3003,1544984293827,1
3003,1544984293924,1
3003,1544984294211,1
3003,1544984294288,1
3003,1544984294380,1
3003,1544984294522,1
3003,1544984294730,1
3003,1544984294830,1
3003,1544984294928,1
3003,1544984295218,1
3003,1544984295294,1
3003,1544984295384,1
3003,1544984295524,1
3003,1544984295737,1
3003,1544984295829,1
3003,1544984295923,1
3003,1544984296236,1
3003,1544984296294,1
3003,1544984296379,1
3003,1544984296527,1
3003,1544984296738,1
3003,1544984296829,1
3003,1544984296929,1
3003,1544984297216,1
3003,1544984297298,1
3003,1544984297384,1
3003,1544984297532,1
3003,1544984297740,1
3003,1544984297836,1
3003,1544984297932,1
3003,1544984298220,1
3003,1544984298301,1
3003,1544984298385,1
3003,1544984298537,1
3003,1544984298743,1
3003,1544984298837,1
3003,1544984298935,1
3003,1544984299223,1
3003,1544984299327,1
3003,1544984299392,1
3003,1544984299536,1
3003,1544984299746,1
3003,1544984299839,1
3003,1544984299937,1
3003,1544984300225,1
3003,1544984300312,1
3003,1544984300394,1
3003,1544984300544,1
3003,1544984300750,1
3003,1544984300843,1
3003,1544984300944,1
3003,1544984301230,1
3003,1544984301315,1
3003,1544984301391,1
3003,1544984301545,1
3003,1544984301757,1
3003,1544984301851,1
3003,1544984301950,1
3003,1544984302233,1
3003,1544984302315,1
3003,1544984302409,1
3003,1544984302553,1
3003,1544984302757,1
3003,1544984302851,1
3003,1544984302946,1
3003,1544984303243,1
3003,1544984303326,1
3003,1544984303427,1
3003,1544984303552,1
3003,1544984303762,1
3003,1544984303847,1
3003,1544984303956,1
3003,1544984304238,1
3003,1544984304325,1
3003,1544984304401,1
3003,1544984304551,1
3003,1544984304767,1
3003,1544984304855,1
3003,1544984304954,1
3003,1544984305242,1
3003,1544984305330,1
3003,1544984305401,1
3003,1544984305553,1
3003,1544984305762,1
3003,1544984305850,1
3003,1544984305950,1
3003,1544984306245,1
3003,1544984306335,1
3003,1544984306406,1
3003,1544984306558,1
3003,1544984306763,1
3003,1544984306857,1
3003,1544984306957,1
3003,1544984307250,1
3003,1544984307336,1
3003,1544984307411,1
3003,1544984307559,1
3003,1544984307762,1
3003,1544984307854,1
3003,1544984307958,1
3003,1544984308255,1
3003,1544984308336,1
3003,1544984308414,1
3003,1544984308569,1
3003,1544984308765,1
3003,1544984308860,1
3003,1544984308965,1
3003,1544984309255,1
3003,1544984309342,1
3003,1544984309409,1
3003,1544984309592,1
3003,1544984309767,1
3003,1544984309861,1
3003,1544984309972,1
3003,1544984310256,1
3003,1544984310343,1
3003,1544984310413,1
3003,1544984310576,1
3003,1544984310765,1
3003,1544984310860,1
3003,1544984310969,1
3003,1544984311260,1
3003,1544984311344,1
3003,1544984311419,1
3003,1544984311579,1
3003,1544984311770,1
3003,1544984311862,1
3003,1544984311975,1
3003,1544984312261,1
3003,1544984312348,1
3003,1544984312417,1
3003,1544984312581,1
3003,1544984312772,1
3003,1544984312870,1
3003,1544984312980,1
3003,1544984313261,1
3003,1544984313353,1
3003,1544984313423,1
3003,1544984313570,1
3003,1544984313772,1
3003,1544984313865,1
3003,1544984313977,1
3003,1544984314266,1
3003,1544984314356,1
3003,1544984314431,1
3003,1544984314575,1
3003,1544984314772,1
3003,1544984314866,1
3003,1544984314980,1
3003,1544984315270,1
3003,1544984315356,1
3003,1544984315425,1
3003,1544984315588,1
3003,1544984315779,1
3003,1544984315873,1
3003,1544984315979,1
3003,1544984316272,1
3003,1544984316361,1
3003,1544984316429,1
3003,1544984316583,1
3003,1544984316778,1
3003,1544984316877,1
3003,1544984316984,1
3003,1544984317275,1
3003,1544984317363,1
3003,1544984317433,1
3003,1544984317587,1
3003,1544984317789,1
3003,1544984317877,1
3003,1544984317983,1
3003,1544984318279,1
3003,1544984318366,1
3003,1544984318439,1
3003,1544984318586,1
3003,1544984318780,1
3003,1544984318887,1
3003,1544984318990,1
3003,1544984319282,1
3003,1544984319370,1
3003,1544984319440,1
3003,1544984319595,1
3003,1544984319785,1
3003,1544984319883,1
3003,1544984319989,1
3003,1544984320287,1
3003,1544984320374,1
3003,1544984320443,1
3003,1544984320590,1
3003,1544984320783,1
3003,1544984320887,1
3003,1544984320997,1
3003,1544984321290,1
3003,1544984321376,1
3003,1544984321442,1
3003,1544984321596,1
3003,1544984321782,1
3003,1544984321900,1
3003,1544984322003,1
3003,1544984322292,1
3003,1544984322382,1
3003,1544984322446,1
3003,1544984322590,1
3003,1544984322786,1
3003,1544984322888,1
3003,1544984322999,1
3003,1544984323296,1
3003,1544984323379,1
3003,1544984323451,1
3003,1544984323600,1
3003,1544984323789,1
3003,1544984323896,1
3003,1544984324006,1
3003,1544984324298,1
3003,1544984324383,1
3003,1544984324453,1
3003,1544984324592,1
3003,1544984324786,1
3003,1544984324889,1
3003,1544984325011,1
3003,1544984325302,1
3003,1544984325389,1
3003,1544984325453,1
3003,1544984325593,1
3003,1544984325790,1
3003,1544984325895,1
3003,1544984326011,1
3003,1544984326302,1
3003,1544984326384,1
3003,1544984326463,1
3003,1544984326599,1
3003,1544984326793,1
3003,1544984326897,1
3003,1544984327037,1
3003,1544984327308,1
3003,1544984327386,1
3003,1544984327458,1
3003,1544984327592,1
3003,1544984327799,1
3003,1544984327902,1
3003,1544984328014,1
3003,1544984328307,1
3003,1544984328392,1
3003,1544984328465,1
3003,1544984328598,1
3003,1544984328798,1
3003,1544984328902,1
3003,1544984329011,1
3003,1544984329308,1
3003,1544984329393,1
3003,1544984329468,1
3003,1544984329600,1
3003,1544984329803,1
3003,1544984329907,1
3003,1544984330020,1
3003,1544984330310,1
3003,1544984330395,1
3003,1544984330464,1
3003,1544984330602,1
3003,1544984330803,1
3003,1544984330905,1
3003,1544984331014,1
3003,1544984331316,1
3003,1544984331396,1
3003,1544984331464,1
3003,1544984331600,1
3003,1544984331804,1
3003,1544984331915,1
3003,1544984332023,1
3003,1544984332320,1
3003,1544984332402,1
3003,1544984332470,1
3003,1544984332603,1
3003,1544984332811,1
3003,1544984332914,1
3003,1544984333034,1
3003,1544984333331,1
3003,1544984333417,1
3003,1544984333476,1
3003,1544984333600,1
3003,1544984333817,1
3003,1544984333923,1
3003,1544984334032,1
3003,1544984334337,1
3003,1544984334418,1
3003,1544984334480,1
3003,1544984334615,1
3003,1544984334830,1
3003,1544984334925,1
3003,1544984335030,1
3003,1544984335339,1
3003,1544984335430,1
3003,1544984335489,1
3003,1544984335617,1
3003,1544984335836,1
3003,1544984335936,1
3003,1544984336038,1
3003,1544984336349,1
3003,1544984336436,1
3003,1544984336487,1
3003,1544984336621,1
3003,1544984336844,1
3003,1544984336935,1
3003,1544984337031,1
3003,1544984337356,1
3003,1544984337446,1
3003,1544984337489,1
3003,1544984337641,1
3003,1544984337852,1
3003,1544984337947,1
3003,1544984338036,1
3003,1544984338354,1
3003,1544984338441,1
3003,1544984338500,1
3003,1544984338647,1
3003,1544984338859,1
3003,1544984338956,1
3003,1544984339041,1
3003,1544984339355,1
3003,1544984339446,1
3003,1544984339510,1
3003,1544984339645,1
3003,1544984339867,1
3003,1544984339961,1
3003,1544984340038,1
3003,1544984340381,1
3003,1544984340453,1
3003,1544984340514,1
3003,1544984340651,1
3003,1544984340873,1
3003,1544984340975,1
3003,1544984341043,1
3003,1544984341371,1
3003,1544984341468,1
3003,1544984341522,1
3003,1544984341660,1
3003,1544984341876,1
3003,1544984341974,1
3003,1544984342049,1
3003,1544984342373,1
3003,1544984342469,1
3003,1544984342529,1
3003,1544984342674,1
3003,1544984342889,1
3003,1544984342987,1
3003,1544984343049,1
3003,1544984343378,1
3003,1544984343469,1
3003,1544984343534,1
3003,1544984343676,1
3003,1544984343887,1
3003,1544984343995,1
3003,1544984344057,1
3003,1544984344384,1
3003,1544984344493,1
3003,1544984344541,1
3003,1544984344683,1
3003,1544984344896,1
3003,1544984345000,1
3003,1544984345059,1
3003,1544984345383,1
3003,1544984345482,1
3003,1544984345547,1
3003,1544984345694,1
3003,1544984345904,1
3003,1544984346003,1
3003,1544984346063,1
3003,1544984346391,1
3003,1544984346488,1
3003,1544984346549,1
3003,1544984346694,1
3003,1544984346915,1
3003,1544984347017,1
3003,1544984347077,1
3003,1544984347400,1
3003,1544984347490,1
3003,1544984347575,1
3003,1544984347699,1
3003,1544984347921,1
3003,1544984348020,1
3003,1544984348084,1
3003,1544984348407,1
3003,1544984348497,1
3003,1544984348595,1
3003,1544984348707,1
3003,1544984348924,1
3003,1544984349019,1
3003,1544984349093,1
3003,1544984349414,1
3003,1544984349506,1
3003,1544984349568,1
3003,1544984349717,1
3003,1544984349932,1
3003,1544984350025,1
3003,1544984350107,1
3003,1544984350419,1
3003,1544984350516,1
3003,1544984350577,1
3003,1544984350716,1
3003,1544984350938,1
3003,1544984351024,1
3003,1544984351119,1
3003,1544984351428,1
3003,1544984351526,1
3003,1544984351591,1
3003,1544984351729,1
3003,1544984351949,1
3003,1544984352027,1
3003,1544984352125,1
3003,1544984352436,1
3003,1544984352533,1
3003,1544984352598,1
3003,1544984352730,1
3003,1544984352954,1
3003,1544984353022,1
3003,1544984353129,1
3003,1544984353439,1
3003,1544984353532,1
3003,1544984353596,1
3003,1544984353746,1
3003,1544984353964,1
3003,1544984354025,1
3003,1544984354133,1
3003,1544984354447,1
3003,1544984354532,1
3003,1544984354609,1
3003,1544984354771,1
3003,1544984354966,1
3003,1544984355030,1
3003,1544984355137,1
3003,1544984355457,1
3003,1544984355542,1
3003,1544984355616,1
3003,1544984355788,1
3003,1544984355987,1
3003,1544984356031,1
3003,1544984356135,1
3003,1544984356464,1
3003,1544984356551,1
3003,1544984356621,1
3003,1544984356772,1
3003,1544984356979,1
3003,1544984357034,1
3003,1544984357139,1
3003,1544984357470,1
3003,1544984357551,1
3003,1544984357624,1
3003,1544984357766,1
3003,1544984357981,1
3003,1544984358035,1
3003,1544984358153,1
3003,1544984358468,1
3003,1544984358550,1
3003,1544984358627,1
3003,1544984358773,1
3003,1544984358985,1
3003,1544984359044,1
3003,1544984359150,1
3003,1544984359471,1
3003,1544984359555,1
3003,1544984359636,1
3003,1544984359783,1
3003,1544984359986,1
3003,1544984360044,1
3003,1544984360152,1
3003,1544984360472,1
3003,1544984360552,1
3003,1544984360631,1
3003,1544984360785,1
3003,1544984360991,1
3003,1544984361048,1
3003,1544984361146,1
3003,1544984361474,1
3003,1544984361557,1
3003,1544984361635,1
3003,1544984361788,1
3003,1544984361988,1
3003,1544984362050,1
3003,1544984362155,1
3003,1544984362480,1
3003,1544984362562,1
3003,1544984362638,1
3003,1544984362790,1
3003,1544984363003,1
3003,1544984363056,1
3003,1544984363153,1
3003,1544984363482,1
3003,1544984363570,1
3003,1544984363648,1
3003,1544984363793,1
3003,1544984364021,1
3003,1544984364053,1
3003,1544984364148,1
3003,1544984364482,1
3003,1544984364570,1
3003,1544984364648,1
3003,1544984364794,1
3003,1544984364996,1
3003,1544984365064,1
3003,1544984365157,1
3003,1544984365482,1
3003,1544984365569,1
3003,1544984365641,1
3003,1544984365790,1
3003,1544984366000,1
3003,1544984366080,1
3003,1544984366154,1
3003,1544984366484,1
3003,1544984366576,1
3003,1544984366644,1
3003,1544984366791,1
3003,1544984366998,1
3003,1544984367052,1
3003,1544984367154,1
3003,1544984367484,1
3003,1544984367576,1
3003,1544984367650,1
3003,1544984367796,1
3003,1544984367998,1
3003,1544984368056,1
3003,1544984368147,1
3003,1544984368485,1
3003,1544984368580,1
3003,1544984368647,1
3003,1544984368795,1
3003,1544984369001,1
3003,1544984369061,1
3003,1544984369158,1
3003,1544984369487,1
3003,1544984369579,1
3003,1544984369650,1
3003,1544984369798,1
3003,1544984370006,1
3003,1544984370057,1
3003,1544984370175,1
3003,1544984370495,1
3003,1544984370584,1
3003,1544984370658,1
3003,1544984370799,1
3003,1544984371008,1
3003,1544984371059,1
3003,1544984371155,1
3003,1544984371497,1
3003,1544984371587,1
3003,1544984371658,1
3003,1544984371800,1
3003,1544984372011,1
3003,1544984372059,1
3003,1544984372160,1
3003,1544984372500,1
3003,1544984372591,1
3003,1544984372657,1
3003,1544984372807,1
3003,1544984373014,1
3003,1544984373068,1
3003,1544984373162,1
3003,1544984373505,1
3003,1544984373593,1
3003,1544984373662,1
3003,1544984373808,1
3003,1544984374011,1
3003,1544984374070,1
3003,1544984374162,1
3003,1544984374507,1
3003,1544984374593,1
3003,1544984374661,1
3003,1544984374803,1
3003,1544984375014,1
3003,1544984375070,1
3003,1544984375166,1
3003,1544984375512,1
3003,1544984375598,1
3003,1544984375673,1
3003,1544984375817,1
3003,1544984376016,1
3003,1544984376070,1
3003,1544984376167,1
3003,1544984376516,1
3003,1544984376602,1
3003,1544984376673,1
3003,1544984376815,1
3003,1544984377016,1
3003,1544984377075,1
3003,1544984377182,1
3003,1544984377519,1
3003,1544984377607,1
3003,1544984377676,1
3003,1544984377817,1
3003,1544984378015,1
3003,1544984378072,1
3003,1544984378175,1
3003,1544984378524,1
3003,1544984378607,1
3003,1544984378679,1
3003,1544984378825,1
3003,1544984379017,1
3003,1544984379069,1
3003,1544984379176,1
3003,1544984379525,1
3003,1544984379609,1
3003,1544984379681,1
3003,1544984379831,1
3003,1544984380019,1
3003,1544984380070,1
3003,1544984380180,1
3003,1544984380527,1
3003,1544984380611,1
3003,1544984380680,1
3003,1544984380827,1
3003,1544984381022,1
3003,1544984381078,1
3003,1544984381187,1
3003,1544984381528,1
3003,1544984381615,1
3003,1544984381681,1
3003,1544984381832,1
3003,1544984382020,1
3003,1544984382076,1
3003,1544984382185,1
3003,1544984382531,1
3003,1544984382619,1
3003,1544984382689,1
3003,1544984382834,1
3003,1544984383022,1
3003,1544984383077,1
3003,1544984383185,1
3003,1544984383532,1
3003,1544984383616,1
3003,1544984383690,1
3003,1544984383840,1
3003,1544984384027,1
3003,1544984384080,1
3003,1544984384196,1
3003,1544984384535,1
3003,1544984384619,1
3003,1544984384688,1
3003,1544984384833,1
3003,1544984385027,1
3003,1544984385080,1
3003,1544984385191,1
3003,1544984385536,1
3003,1544984385623,1
3003,1544984385687,1
3003,1544984385836,1
3003,1544984386024,1
3003,1544984386086,1
3003,1544984386195,1
3003,1544984386536,1
3003,1544984386621,1
3003,1544984386686,1
3003,1544984386838,1
3003,1544984387024,1
3003,1544984387088,1
3003,1544984387205,1
3003,1544984387558,1
3003,1544984387629,1
3003,1544984387692,1
3003,1544984387848,1
3003,1544984388029,1
3003,1544984388089,1
3003,1544984388204,1
3003,1544984388538,1
3003,1544984388630,1
3003,1544984388693,1
3003,1544984388843,1
3003,1544984389031,1
3003,1544984389096,1
3003,1544984389214,1
3003,1544984389544,1
3003,1544984389631,1
3003,1544984389693,1
3003,1544984389847,1
3003,1544984390032,1
3003,1544984390094,1
3003,1544984390205,1
3003,1544984390547,1
3003,1544984390632,1
3003,1544984390693,1
3003,1544984390851,1
3003,1544984391037,1
3003,1544984391098,1
3003,1544984391204,1
3003,1544984391545,1
3003,1544984391661,1
3003,1544984391702,1
3003,1544984391860,1
3003,1544984392041,1
3003,1544984392101,1
3003,1544984392206,1
3003,1544984392549,1
3003,1544984392640,1
3003,1544984392703,1
3003,1544984392857,1
3003,1544984393046,1
3003,1544984393105,1
3003,1544984393215,1
3003,1544984393552,1
3003,1544984393644,1
3003,1544984393712,1
3003,1544984393862,1
3003,1544984394045,1
3003,1544984394104,1
3003,1544984394211,1
3003,1544984394556,1
3003,1544984394642,1
3003,1544984394735,1
3003,1544984394863,1
3003,1544984395047,1
3003,1544984395109,1
3003,1544984395212,1
3003,1544984395557,1
3003,1544984395645,1
3003,1544984395704,1
3003,1544984395872,1
3003,1544984396049,1
3003,1544984396111,1
3003,1544984396218,1
3003,1544984396563,1
3003,1544984396644,1
3003,1544984396710,1
3003,1544984396870,1
3003,1544984397050,1
3003,1544984397119,1
3003,1544984397224,1
3003,1544984397564,1
3003,1544984397646,1
3003,1544984397712,1
3003,1544984397879,1
3003,1544984398047,1
3003,1544984398118,1
3003,1544984398226,1
3003,1544984398568,1
3003,1544984398651,1
3003,1544984398713,1
3003,1544984398877,1
3003,1544984399049,1
3003,1544984399123,1
3003,1544984399234,1
3003,1544984399573,1
3003,1544984399657,1
3003,1544984399717,1
3003,1544984399882,1
3003,1544984400051,1
3003,1544984400125,1
3003,1544984400231,1
3003,1544984400575,1
3003,1544984400658,1
3003,1544984400721,1
3003,1544984400891,1
3003,1544984401054,1
3003,1544984401133,1
3003,1544984401236,1
3003,1544984401575,1
3003,1544984401662,1
3003,1544984401721,1
3003,1544984401905,1
3003,1544984402060,1
3003,1544984402131,1
3003,1544984402242,1
3003,1544984402579,1
3003,1544984402665,1
3003,1544984402722,1
3003,1544984402917,1
3003,1544984403062,1
3003,1544984403131,1
3003,1544984403241,1
3003,1544984403581,1
3003,1544984403670,1
3003,1544984403723,1
3003,1544984403900,1
3003,1544984404069,1
3003,1544984404131,1
3003,1544984404239,1
3003,1544984404582,1
3003,1544984404668,1
3003,1544984404724,1
3003,1544984404895,1
3003,1544984405069,1
3003,1544984405137,1
3003,1544984405249,1
3003,1544984405585,1
3003,1544984405673,1
3003,1544984405729,1
3003,1544984405902,1
3003,1544984406070,1
3003,1544984406134,1
3003,1544984406245,1
3003,1544984406587,1
3003,1544984406674,1
3003,1544984406730,1
3003,1544984406901,1
3003,1544984407076,1
3003,1544984407137,1
3003,1544984407251,1
3003,1544984407587,1
3003,1544984407675,1
3003,1544984407734,1
3003,1544984407906,1
3003,1544984408080,1
3003,1544984408142,1
3003,1544984408261,1
3003,1544984408589,1
3003,1544984408680,1
3003,1544984408737,1
3003,1544984408914,1
3003,1544984409083,1
3003,1544984409144,1
3003,1544984409260,1
3003,1544984409594,1
3003,1544984409679,1
3003,1544984409739,1
3003,1544984409913,1
3003,1544984410098,1
3003,1544984410144,1
3003,1544984410269,1
3003,1544984410594,1
3003,1544984410680,1
3003,1544984410743,1
3003,1544984410916,1
3003,1544984411088,1
3003,1544984411147,1
3003,1544984411264,1
3003,1544984411597,1
3003,1544984411682,1
3003,1544984411747,1
3003,1544984411919,1
3003,1544984412090,1
3003,1544984412151,1
3003,1544984412261,1
3003,1544984412598,1
3003,1544984412687,1
3003,1544984412747,1
3003,1544984412924,1
3003,1544984413092,1
3003,1544984413171,1
3003,1544984413264,1
3003,1544984413600,1
3003,1544984413684,1
3003,1544984413750,1
3003,1544984413923,1
3003,1544984414090,1
3003,1544984414151,1
3003,1544984414269,1
3003,1544984414601,1
3003,1544984414684,1
3003,1544984414754,1
3003,1544984414925,1
3003,1544984415093,1
3003,1544984415153,1
3003,1544984415266,1
3003,1544984415606,1
3003,1544984415688,1
3003,1544984415760,1
3003,1544984415930,1
3003,1544984416099,1
3003,1544984416158,1
3003,1544984416269,1
3003,1544984416611,1
3003,1544984416688,1
3003,1544984416759,1
3003,1544984416935,1
3003,1544984417104,1
3003,1544984417161,1
3003,1544984417285,1
3003,1544984417613,1
3003,1544984417693,1
3003,1544984417764,1
3003,1544984417934,1
3003,1544984418105,1
3003,1544984418162,1
3003,1544984418304,1
3003,1544984418615,1
3003,1544984418696,1
3003,1544984418770,1
3003,1544984418932,1
3003,1544984419106,1
3003,1544984419166,1
3003,1544984419280,1
3003,1544984419619,1
3003,1544984419700,1
3003,1544984419775,1
3003,1544984419938,1
3003,1544984420112,1
3003,1544984420167,1
3003,1544984420288,1
3003,1544984420620,1
3003,1544984420702,1
3003,1544984420769,1
3003,1544984420945,1
3003,1544984421118,1
3003,1544984421168,1
3003,1544984421285,1
3003,1544984421626,1
3003,1544984421704,1
3003,1544984421774,1
3003,1544984421950,1
3003,1544984422116,1
3003,1544984422174,1
3003,1544984422290,1
3003,1544984422629,1
3003,1544984422710,1
3003,1544984422779,1
3003,1544984422951,1
3003,1544984423119,1
3003,1544984423169,1
3003,1544984423290,1
3003,1544984423630,1
3003,1544984423715,1
3003,1544984423781,1
3003,1544984423953,1
3003,1544984424120,1
3003,1544984424176,1
3003,1544984424297,1
3003,1544984424630,1
3003,1544984424717,1
3003,1544984424789,1
3003,1544984424958,1
3003,1544984425124,1
3003,1544984425180,1
3003,1544984425297,1
3003,1544984425633,1
3003,1544984425714,1
3003,1544984425784,1
3003,1544984425955,1
3003,1544984426127,1
3003,1544984426183,1
3003,1544984426303,1
3003,1544984426633,1
3003,1544984426718,1
3003,1544984426785,1
3003,1544984426959,1
3003,1544984427127,1
3003,1544984427188,1
3003,1544984427301,1
3003,1544984427637,1
3003,1544984427724,1
3003,1544984427792,1
3003,1544984427960,1
3003,1544984428129,1
3003,1544984428190,1
3003,1544984428302,1
3003,1544984428643,1
3003,1544984428724,1
3003,1544984428795,1
3003,1544984428964,1
3003,1544984429128,1
3003,1544984429194,1
3003,1544984429305,1
3003,1544984429646,1
3003,1544984429725,1
3003,1544984429800,1
3003,1544984429969,1
3003,1544984430131,1
3003,1544984430201,1
3003,1544984430309,1
3003,1544984430651,1
3003,1544984430727,1
3003,1544984430801,1
3003,1544984430969,1
3003,1544984431135,1
3003,1544984431205,1
3003,1544984431310,1
3003,1544984431652,1
3003,1544984431731,1
3003,1544984431800,1
3003,1544984431976,1
3003,1544984432134,1
3003,1544984432206,1
3003,1544984432316,1
3003,1544984432655,1
3003,1544984432732,1
3003,1544984432802,1
3003,1544984432975,1
3003,1544984433137,1
3003,1544984433209,1
3003,1544984433318,1
3003,1544984433659,1
3003,1544984433736,1
3003,1544984433805,1
3003,1544984433977,1
3003,1544984434143,1
3003,1544984434215,1
3003,1544984434321,1
3003,1544984434660,1
3003,1544984434734,1
3003,1544984434807,1
3003,1544984434976,1
3003,1544984435147,1
3003,1544984435217,1
3003,1544984435324,1
3003,1544984435660,1
3003,1544984435738,1
3003,1544984435811,1
3003,1544984435980,1
3003,1544984436151,1
3003,1544984436216,1
3003,1544984436329,1
3003,1544984436670,1
3003,1544984436741,1
3003,1544984436811,1
3003,1544984436980,1
3003,1544984437155,1
3003,1544984437224,1
3003,1544984437329,1
3003,1544984437665,1
3003,1544984437744,1
3003,1544984437821,1
3003,1544984437983,1
3003,1544984438159,1
3003,1544984438225,1
3003,1544984438333,1
3003,1544984438667,1
3003,1544984438745,1
3003,1544984438820,1
3003,1544984438991,1
3003,1544984439163,1
3003,1544984439227,1
3003,1544984439336,1
3003,1544984439672,1
3003,1544984439749,1
3003,1544984439823,1
3003,1544984439989,1
3003,1544984440164,1
3003,1544984440230,1
3003,1544984440338,1
3003,1544984440674,1
3003,1544984440767,1
3003,1544984440832,1
3003,1544984440993,1
3003,1544984441169,1
3003,1544984441230,1
3003,1544984441340,1
3003,1544984441675,1
3003,1544984441754,1
3003,1544984441828,1
3003,1544984441993,1
3003,1544984442168,1
3003,1544984442231,1
3003,1544984442345,1
3003,1544984442677,1
3003,1544984442756,1
3003,1544984442829,1
3003,1544984442997,1
3003,1544984443175,1
3003,1544984443229,1
3003,1544984443348,1
3003,1544984443683,1
3003,1544984443760,1
3003,1544984443835,1
3003,1544984444005,1
3003,1544984444177,1
3003,1544984444235,1
3003,1544984444352,1
3003,1544984444682,1
3003,1544984444764,1
3003,1544984444853,1
3003,1544984445012,1
3003,1544984445177,1
3003,1544984445234,1
3003,1544984445353,1
3003,1544984445684,1
3003,1544984445768,1
3003,1544984445834,1
3003,1544984446002,1
3003,1544984446183,1
3003,1544984446237,1
3003,1544984446356,1
3003,1544984446685,1
3003,1544984446773,1
3003,1544984446837,1
3003,1544984447008,1
3003,1544984447187,1
3003,1544984447243,1
3003,1544984447360,1
3003,1544984447689,1
3003,1544984447775,1
3003,1544984447844,1
3003,1544984448014,1
3003,1544984448189,1
3003,1544984448247,1
3003,1544984448364,1
3003,1544984448691,1
3003,1544984448778,1
3003,1544984448842,1
3003,1544984449011,1
3003,1544984449197,1
3003,1544984449253,1
3003,1544984449372,1
3003,1544984449692,1
3003,1544984449779,1
3003,1544984449840,1
3003,1544984450018,1
3003,1544984450194,1
3003,1544984450257,1
3003,1544984450375,1
3003,1544984450696,1
3003,1544984450779,1
3003,1544984450843,1
3003,1544984451019,1
3003,1544984451194,1
3003,1544984451261,1
3003,1544984451377,1
3003,1544984451700,1
3003,1544984451782,1
3003,1544984451845,1
3003,1544984452024,1
3003,1544984452195,1
3003,1544984452261,1
3003,1544984452382,1
3003,1544984452706,1
3003,1544984452786,1
3003,1544984452850,1
3003,1544984453028,1
3003,1544984453202,1
3003,1544984453264,1
3003,1544984453384,1
3003,1544984453707,1
3003,1544984453791,1
3003,1544984453851,1
3003,1544984454043,1
3003,1544984454205,1
3003,1544984454271,1
3003,1544984454391,1
3003,1544984454714,1
3003,1544984454796,1
3003,1544984454853,1
3003,1544984455053,1
3003,1544984455206,1
3003,1544984455271,1
3003,1544984455388,1
3003,1544984455716,1
3003,1544984455800,1
3003,1544984455856,1
3003,1544984456035,1
3003,1544984456210,1
3003,1544984456270,1
3003,1544984456389,1
3003,1544984456716,1
3003,1544984456802,1
3003,1544984456857,1
3003,1544984457038,1
3003,1544984457210,1
3003,1544984457275,1
3003,1544984457391,1
3003,1544984457716,1
3003,1544984457803,1
3003,1544984457863,1
3003,1544984458038,1
3003,1544984458213,1
3003,1544984458280,1
3003,1544984458394,1
3003,1544984458718,1
3003,1544984458806,1
3003,1544984458864,1
3003,1544984459041,1
3003,1544984459214,1
3003,1544984459287,1
3003,1544984459404,1
3003,1544984459721,1
3003,1544984459812,1
3003,1544984459869,1
3003,1544984460045,1
3003,1544984460219,1
3003,1544984460287,1
3003,1544984460402,1
3003,1544984460725,1
3003,1544984460815,1
3003,1544984460868,1
3003,1544984461048,1
3003,1544984461221,1
3003,1544984461294,1
3003,1544984461408,1
3003,1544984461730,1
3003,1544984461820,1
3003,1544984461869,1
3003,1544984462055,1
3003,1544984462220,1
3003,1544984462297,1
3003,1544984462410,1
3003,1544984462735,1
3003,1544984462822,1
3003,1544984462872,1
3003,1544984463059,1
3003,1544984463222,1
3003,1544984463298,1
3003,1544984463411,1
3003,1544984463734,1
3003,1544984463826,1
3003,1544984463877,1
3003,1544984464058,1
3003,1544984464241,1
3003,1544984464304,1
3003,1544984464417,1
3003,1544984464736,1
3003,1544984464826,1
3003,1544984464887,1
3003,1544984465059,1
3003,1544984465227,1
3003,1544984465306,1
3003,1544984465420,1
3003,1544984465740,1
3003,1544984465826,1
3003,1544984465886,1
3003,1544984466062,1
3003,1544984466227,1
3003,1544984466309,1
3003,1544984466422,1
3003,1544984466745,1
3003,1544984466827,1
3003,1544984466885,1
3003,1544984467071,1
3003,1544984467229,1
3003,1544984467313,1
3003,1544984467421,1
3003,1544984467747,1
3003,1544984467827,1
3003,1544984467883,1
3003,1544984468068,1
3003,1544984468233,1
3003,1544984468326,1
3003,1544984468425,1
3003,1544984468752,1
3003,1544984468832,1
3003,1544984468887,1
3003,1544984469073,1
3003,1544984469233,1
3003,1544984469337,1
3003,1544984469428,1
3003,1544984469753,1
3003,1544984469836,1
3003,1544984469892,1
3003,1544984470076,1
3003,1544984470233,1
3003,1544984470319,1
3003,1544984470426,1
3003,1544984470760,1
3003,1544984470839,1
3003,1544984470896,1
3003,1544984471078,1
3003,1544984471235,1
3003,1544984471322,1
3003,1544984471432,1
3003,1544984471760,1
3003,1544984471836,1
3003,1544984471901,1
3003,1544984472087,1
3003,1544984472237,1
3003,1544984472324,1
3003,1544984472433,1
3003,1544984472761,1
3003,1544984472837,1
3003,1544984472900,1
3003,1544984473082,1
3003,1544984473238,1
3003,1544984473328,1
3003,1544984473440,1
3003,1544984473761,1
3003,1544984473842,1
3003,1544984473902,1
3003,1544984474084,1
3003,1544984474244,1
3003,1544984474330,1
3003,1544984474445,1
3003,1544984474765,1
3003,1544984474845,1
3003,1544984474906,1
3003,1544984475087,1
3003,1544984475245,1
3003,1544984475334,1
3003,1544984475456,1
3003,1544984475767,1
3003,1544984475848,1
3003,1544984475912,1
3003,1544984476090,1
3003,1544984476245,1
3003,1544984476337,1
3003,1544984476436,1
3003,1544984476768,1
3003,1544984476854,1
3003,1544984476913,1
3003,1544984477094,1
3003,1544984477246,1
3003,1544984477342,1
3003,1544984477439,1
3003,1544984477769,1
3003,1544984477860,1
3003,1544984477917,1
3003,1544984478102,1
3003,1544984478253,1
3003,1544984478344,1
3003,1544984478446,1
3003,1544984478773,1
3003,1544984478864,1
3003,1544984478919,1
3003,1544984479102,1
3003,1544984479256,1
3003,1544984479346,1
3003,1544984479441,1
3003,1544984479776,1
3003,1544984479867,1
3003,1544984479917,1
3003,1544984480105,1
3003,1544984480260,1
3003,1544984480345,1
3003,1544984480449,1
3003,1544984480780,1
3003,1544984480871,1
3003,1544984480921,1
3003,1544984481112,1
3003,1544984481262,1
3003,1544984481349,1
3003,1544984481452,1
3003,1544984481781,1
3003,1544984481872,1
3003,1544984481924,1
3003,1544984482120,1
3003,1544984482268,1
3003,1544984482353,1
3003,1544984482456,1
3003,1544984482784,1
3003,1544984482873,1
3003,1544984482927,1
3003,1544984483118,1
3003,1544984483272,1
3003,1544984483359,1
3003,1544984483463,1
3003,1544984483787,1
3003,1544984483873,1
3003,1544984483927,1
3003,1544984484123,1
3003,1544984484272,1
3003,1544984484359,1
3003,1544984484462,1
3003,1544984484791,1
3003,1544984484877,1
3003,1544984484933,1
3003,1544984485125,1
3003,1544984485272,1
3003,1544984485363,1
3003,1544984485468,1
3003,1544984485791,1
3003,1544984485876,1
3003,1544984485932,1
3003,1544984486126,1
3003,1544984486275,1
3003,1544984486365,1
3003,1544984486466,1
3003,1544984486794,1
3003,1544984486878,1
3003,1544984486934,1
3003,1544984487129,1
3003,1544984487277,1
3003,1544984487362,1
3003,1544984487473,1
3003,1544984487793,1
3003,1544984487881,1
3003,1544984487933,1
3003,1544984488136,1
3003,1544984488281,1
3003,1544984488366,1
3003,1544984488470,1
3003,1544984488797,1
3003,1544984488885,1
3003,1544984488938,1
3003,1544984489139,1
3003,1544984489280,1
3003,1544984489372,1
3003,1544984489475,1
3003,1544984489801,1
3003,1544984489887,1
3003,1544984489939,1
3003,1544984490143,1
3003,1544984490283,1
3003,1544984490375,1
3003,1544984490479,1
3003,1544984490802,1
3003,1544984490887,1
3003,1544984490939,1
3003,1544984491150,1
3003,1544984491287,1
3003,1544984491380,1
3003,1544984491482,1
3003,1544984491807,1
3003,1544984491887,1
3003,1544984491942,1
3003,1544984492153,1
3003,1544984492293,1
3003,1544984492379,1
3003,1544984492481,1
3003,1544984492808,1
3003,1544984492892,1
3003,1544984492946,1
3003,1544984493154,1
3003,1544984493296,1
3003,1544984493382,1
3003,1544984493481,1
3003,1544984493826,1
3003,1544984493892,1
3003,1544984493950,1
3003,1544984494158,1
3003,1544984494302,1
3003,1544984494386,1
3003,1544984494483,1
3003,1544984494810,1
3003,1544984494895,1
3003,1544984494953,1
3003,1544984495156,1
3003,1544984495306,1
3003,1544984495390,1
3003,1544984495486,1
3003,1544984495810,1
3003,1544984495900,1
3003,1544984495950,1
3003,1544984496158,1
3003,1544984496309,1
3003,1544984496394,1
3003,1544984496495,1
3003,1544984496814,1
3003,1544984496905,1
3003,1544984496953,1
3003,1544984497159,1
3003,1544984497311,1
3003,1544984497401,1
3003,1544984497496,1
3003,1544984497814,1
3003,1544984497909,1
3003,1544984497957,1
3003,1544984498162,1
3003,1544984498314,1
3003,1544984498403,1
3003,1544984498493,1
3003,1544984498815,1
3003,1544984498930,1
3003,1544984498961,1
3003,1544984499162,1
3003,1544984499316,1
3003,1544984499405,1
3003,1544984499499,1
3003,1544984499820,1
3003,1544984499911,1
3003,1544984499962,1
3003,1544984500164,1
3003,1544984500321,1
3003,1544984500415,1
3003,1544984500503,1
3003,1544984500825,1
3003,1544984500911,1
3003,1544984500971,1
3003,1544984501171,1
3003,1544984501322,1
3003,1544984501415,1
3003,1544984501500,1
3003,1544984501828,1
3003,1544984501913,1
3003,1544984501988,1
3003,1544984502173,1
3003,1544984502326,1
3003,1544984502419,1
3003,1544984502508,1
3003,1544984502831,1
3003,1544984502917,1
3003,1544984502972,1
3003,1544984503177,1
3003,1544984503327,1
3003,1544984503422,1
3003,1544984503508,1
3003,1544984503833,1
3003,1544984503922,1
3003,1544984503974,1
3003,1544984504177,1
3003,1544984504333,1
3003,1544984504423,1
3003,1544984504514,1
3003,1544984504835,1
3003,1544984504925,1
3003,1544984504978,1
3003,1544984505181,1
3003,1544984505336,1
3003,1544984505426,1
3003,1544984505517,1
3003,1544984505840,1
3003,1544984505924,1
3003,1544984505984,1
3003,1544984506188,1
3003,1544984506343,1
3003,1544984506430,1
3003,1544984506519,1
3003,1544984506844,1
3003,1544984506928,1
3003,1544984506985,1
3003,1544984507188,1
3003,1544984507343,1
3003,1544984507436,1
3003,1544984507522,1
3003,1544984507846,1
3003,1544984507932,1
3003,1544984507987,1
3003,1544984508197,1
3003,1544984508346,1
3003,1544984508437,1
3003,1544984508524,1
3003,1544984508847,1
3003,1544984508937,1
3003,1544984508993,1
3003,1544984509196,1
3003,1544984509345,1
3003,1544984509437,1
3003,1544984509525,1
3003,1544984509850,1
3003,1544984509939,1
3003,1544984509992,1
3003,1544984510198,1
3003,1544984510345,1
3003,1544984510440,1
3003,1544984510527,1
3003,1544984510855,1
3003,1544984510943,1
3003,1544984510998,1
3003,1544984511202,1
3003,1544984511349,1
3003,1544984511444,1
3003,1544984511530,1
3003,1544984511856,1
3003,1544984511946,1
3003,1544984512001,1
3003,1544984512206,1
3003,1544984512352,1
3003,1544984512444,1
3003,1544984512534,1
3003,1544984512857,1
3003,1544984512947,1
3003,1544984512999,1
3003,1544984513215,1
3003,1544984513356,1
3003,1544984513451,1
3003,1544984513532,1
3003,1544984513858,1
3003,1544984513949,1
3003,1544984514006,1
3003,1544984514228,1
3003,1544984514359,1
3003,1544984514458,1
3003,1544984514537,1
3003,1544984514864,1
3003,1544984514950,1
3003,1544984515009,1
3003,1544984515215,1
3003,1544984515362,1
3003,1544984515456,1
3003,1544984515541,1
3003,1544984515865,1
3003,1544984515952,1
3003,1544984516013,1
3003,1544984516218,1
3003,1544984516365,1
3003,1544984516457,1
3003,1544984516545,1
3003,1544984516866,1
3003,1544984516954,1
3003,1544984517011,1
3003,1544984517223,1
3003,1544984517367,1
3003,1544984517459,1
3003,1544984517556,1
3003,1544984517867,1
3003,1544984517958,1
3003,1544984518018,1
3003,1544984518222,1
3003,1544984518372,1
3003,1544984518462,1
3003,1544984518550,1
3003,1544984518871,1
3003,1544984518964,1
3003,1544984519024,1
3003,1544984519229,1
3003,1544984519375,1
3003,1544984519464,1
3003,1544984519552,1
3003,1544984519874,1
3003,1544984519968,1
3003,1544984520017,1
3003,1544984520235,1
3003,1544984520377,1
3003,1544984520467,1
3003,1544984520553,1
3003,1544984520877,1
3003,1544984520970,1
3003,1544984521017,1
3003,1544984521230,1
3003,1544984521376,1
3003,1544984521479,1
3003,1544984521557,1
3003,1544984521876,1
3003,1544984521972,1
3003,1544984522017,1
3003,1544984522234,1
3003,1544984522383,1
3003,1544984522475,1
3003,1544984522557,1
3003,1544984522879,1
3003,1544984522974,1
3003,1544984523020,1
3003,1544984523240,1
3003,1544984523401,1
3003,1544984523480,1
3003,1544984523558,1
3003,1544984523884,1
3003,1544984523980,1
3003,1544984524022,1
3003,1544984524238,1
3003,1544984524388,1
3003,1544984524486,1
3003,1544984524562,1
3003,1544984524884,1
3003,1544984524980,1
3003,1544984525022,1
3003,1544984525244,1
3003,1544984525390,1
3003,1544984525488,1
3003,1544984525564,1
3003,1544984525889,1
3003,1544984525985,1
3003,1544984526024,1
3003,1544984526246,1
3003,1544984526391,1
3003,1544984526494,1
3003,1544984526572,1
3003,1544984526893,1
3003,1544984526989,1
3003,1544984527024,1
3003,1544984527250,1
3003,1544984527393,1
3003,1544984527493,1
3003,1544984527569,1
3003,1544984527898,1
3003,1544984527994,1
3003,1544984528026,1
3003,1544984528255,1
3003,1544984528393,1
3003,1544984528511,1
3003,1544984528570,1
3003,1544984528896,1
3003,1544984528994,1
3003,1544984529031,1
3003,1544984529257,1
3003,1544984529394,1
3003,1544984529501,1
3003,1544984529576,1
3003,1544984529903,1
3003,1544984529995,1
3003,1544984530028,1
3003,1544984530253,1
3003,1544984530396,1
3003,1544984530507,1
3003,1544984530581,1
3003,1544984530905,1
3003,1544984531000,1
3003,1544984531030,1
3003,1544984531253,1
3003,1544984531401,1
3003,1544984531507,1
3003,1544984531578,1
3003,1544984531909,1
3003,1544984532004,1
3003,1544984532034,1
3003,1544984532257,1
3003,1544984532402,1
3003,1544984532510,1
3003,1544984532599,1
3003,1544984532911,1
3003,1544984533008,1
3003,1544984533037,1
3003,1544984533258,1
3003,1544984533407,1
3003,1544984533513,1
3003,1544984533581,1
3003,1544984533912,1
3003,1544984534011,1
3003,1544984534041,1
3003,1544984534260,1
3003,1544984534409,1
3003,1544984534515,1
3003,1544984534581,1
3003,1544984534916,1
3003,1544984535012,1
3003,1544984535041,1
3003,1544984535264,1
3003,1544984535411,1
3003,1544984535516,1
3003,1544984535586,1
3003,1544984535915,1
3003,1544984536011,1
3003,1544984536044,1
3003,1544984536267,1
3003,1544984536415,1
3003,1544984536519,1
3003,1544984536591,1
3003,1544984536917,1
3003,1544984537015,1
3003,1544984537049,1
3003,1544984537267,1
3003,1544984537418,1
3003,1544984537525,1
3003,1544984537594,1
3003,1544984537915,1
3003,1544984538014,1
3003,1544984538051,1
3003,1544984538274,1
3003,1544984538424,1
3003,1544984538527,1
3003,1544984538596,1
3003,1544984538921,1
3003,1544984539015,1
3003,1544984539052,1
3003,1544984539276,1
3003,1544984539425,1
3003,1544984539530,1
3003,1544984539596,1
3003,1544984539921,1
3003,1544984540015,1
3003,1544984540054,1
3003,1544984540279,1
3003,1544984540423,1
3003,1544984540535,1
3003,1544984540600,1
3003,1544984540926,1
3003,1544984541014,1
3003,1544984541057,1
3003,1544984541278,1
3003,1544984541426,1
3003,1544984541532,1
3003,1544984541601,1
3003,1544984541927,1
3003,1544984542015,1
3003,1544984542063,1
3003,1544984542280,1
3003,1544984542429,1
3003,1544984542532,1
3003,1544984542600,1
3003,1544984542928,1
3003,1544984543017,1
3003,1544984543063,1
3003,1544984543283,1
3003,1544984543429,1
3003,1544984543538,1
3003,1544984543609,1
3003,1544984543927,1
3003,1544984544014,1
3003,1544984544065,1
3003,1544984544287,1
3003,1544984544430,1
3003,1544984544541,1
3003,1544984544607,1
3003,1544984544930,1
3003,1544984545014,1
3003,1544984545067,1
3003,1544984545286,1
3003,1544984545429,1
3003,1544984545545,1
3003,1544984545608,1
3003,1544984545931,1
3003,1544984546013,1
3003,1544984546069,1
3003,1544984546290,1
3003,1544984546429,1
3003,1544984546543,1
3003,1544984546607,1
3003,1544984546932,1
3003,1544984547014,1
3003,1544984547071,1
3003,1544984547291,1
3003,1544984547432,1
3003,1544984547543,1
3003,1544984547611,1
3003,1544984547933,1
3003,1544984548016,1
3003,1544984548076,1
3003,1544984548293,1
3003,1544984548435,1
3003,1544984548546,1
3003,1544984548614,1
3003,1544984548937,1
3003,1544984549016,1
3003,1544984549079,1
3003,1544984549296,1
3003,1544984549434,1
3003,1544984549549,1
3003,1544984549612,1
3003,1544984549942,1
3003,1544984550018,1
3003,1544984550081,1
3003,1544984550297,1
3003,1544984550439,1
3003,1544984550552,1
3003,1544984550619,1
3003,1544984550941,1
3003,1544984551020,1
3003,1544984551083,1
3003,1544984551299,1
3003,1544984551439,1
3003,1544984551551,1
3003,1544984551621,1
3003,1544984551962,1
3003,1544984552022,1
3003,1544984552089,1
3003,1544984552298,1
3003,1544984552439,1
3003,1544984552554,1
3003,1544984552618,1
3003,1544984552942,1
3003,1544984553025,1
3003,1544984553091,1
3003,1544984553306,1
3003,1544984553442,1
3003,1544984553559,1
3003,1544984553624,1
3003,1544984553947,1
3003,1544984554023,1
3003,1544984554096,1
3003,1544984554307,1
3003,1544984554445,1
3003,1544984554562,1
3003,1544984554624,1
3003,1544984554950,1
3003,1544984555026,1
3003,1544984555095,1
3003,1544984555304,1
3003,1544984555445,1
3003,1544984555567,1
3003,1544984555630,1
3003,1544984555953,1
3003,1544984556041,1
3003,1544984556101,1
3003,1544984556310,1
3003,1544984556450,1
3003,1544984556567,1
3003,1544984556628,1
3003,1544984556958,1
3003,1544984557030,1
3003,1544984557101,1
3003,1544984557315,1
3003,1544984557451,1
3003,1544984557570,1
3003,1544984557632,1
3003,1544984557960,1
3003,1544984558031,1
3003,1544984558098,1
3003,1544984558317,1
3003,1544984558454,1
3003,1544984558572,1
3003,1544984558635,1
3003,1544984558964,1
3003,1544984559034,1
3003,1544984559110,1
3003,1544984559316,1
3003,1544984559458,1
3003,1544984559570,1
3003,1544984559634,1
3003,1544984559966,1
3003,1544984560040,1
3003,1544984560122,1
3003,1544984560321,1
3003,1544984560459,1
3003,1544984560571,1
3003,1544984560643,1
3003,1544984560966,1
3003,1544984561040,1
3003,1544984561104,1
3003,1544984561326,1
3003,1544984561462,1
3003,1544984561577,1
3003,1544984561639,1
3003,1544984561966,1
3003,1544984562042,1
3003,1544984562109,1
3003,1544984562330,1
3003,1544984562466,1
3003,1544984562578,1
3003,1544984562643,1
3003,1544984562969,1
3003,1544984563041,1
3003,1544984563112,1
3003,1544984563337,1
3003,1544984563469,1
3003,1544984563580,1
3003,1544984563641,1
3003,1544984563973,1
3003,1544984564039,1
3003,1544984564111,1
3003,1544984564333,1
3003,1544984564470,1
3003,1544984564584,1
3003,1544984564652,1
3003,1544984564973,1
3003,1544984565040,1
3003,1544984565115,1
3003,1544984565338,1
3003,1544984565470,1
3003,1544984565588,1
3003,1544984565651,1
3003,1544984565974,1
3003,1544984566044,1
3003,1544984566118,1
3003,1544984566336,1
3003,1544984566468,1
3003,1544984566591,1
3003,1544984566652,1
3003,1544984566974,1
3003,1544984567044,1
3003,1544984567122,1
3003,1544984567339,1
3003,1544984567470,1
3003,1544984567594,1
3003,1544984567656,1
3003,1544984567972,1
3003,1544984568048,1
3003,1544984568116,1
3003,1544984568347,1
3003,1544984568475,1
3003,1544984568596,1
3003,1544984568666,1
3003,1544984568976,1
3003,1544984569052,1
3003,1544984569119,1
3003,1544984569345,1
3003,1544984569479,1
3003,1544984569598,1
3003,1544984569665,1
3003,1544984569977,1
3003,1544984570053,1
3003,1544984570118,1
3003,1544984570349,1
3003,1544984570478,1
3003,1544984570598,1
3003,1544984570665,1
3003,1544984570982,1
3003,1544984571057,1
3003,1544984571124,1
3003,1544984571357,1
3003,1544984571478,1
3003,1544984571599,1
3003,1544984571668,1
3003,1544984571986,1
3003,1544984572062,1
3003,1544984572126,1
3003,1544984572366,1
3003,1544984572480,1
3003,1544984572604,1
3003,1544984572670,1
3003,1544984572988,1
3003,1544984573065,1
3003,1544984573129,1
3003,1544984573354,1
3003,1544984573483,1
3003,1544984573608,1
3003,1544984573675,1
3003,1544984573993,1
3003,1544984574065,1
3003,1544984574133,1
3003,1544984574351,1
3003,1544984574487,1
3003,1544984574616,1
3003,1544984574676,1
3003,1544984574996,1
3003,1544984575070,1
3003,1544984575136,1
3003,1544984575357,1
3003,1544984575491,1
3003,1544984575613,1
3003,1544984575676,1
3003,1544984576000,1
3003,1544984576076,1
3003,1544984576144,1
3003,1544984576360,1
3003,1544984576490,1
3003,1544984576612,1
3003,1544984576682,1
3003,1544984577002,1
3003,1544984577075,1
3003,1544984577147,1
3003,1544984577367,1
3003,1544984577490,1
3003,1544984577615,1
3003,1544984577681,1
3003,1544984578002,1
3003,1544984578079,1
3003,1544984578144,1
3003,1544984578372,1
3003,1544984578493,1
3003,1544984578624,1
3003,1544984578686,1
3003,1544984579002,1
3003,1544984579081,1
3003,1544984579149,1
3003,1544984579370,1
3003,1544984579503,1
3003,1544984579621,1
3003,1544984579690,1
3003,1544984580005,1
3003,1544984580086,1
3003,1544984580151,1
3003,1544984580375,1
3003,1544984580495,1
3003,1544984580625,1
3003,1544984580689,1
3003,1544984581011,1
3003,1544984581090,1
3003,1544984581159,1
3003,1544984581377,1
3003,1544984581496,1
3003,1544984581627,1
3003,1544984581690,1
3003,1544984582010,1
3003,1544984582093,1
3003,1544984582159,1
3003,1544984582380,1
3003,1544984582498,1
3003,1544984582625,1
3003,1544984582694,1
3003,1544984583009,1
3003,1544984583097,1
3003,1544984583159,1
3003,1544984583377,1
3003,1544984583503,1
3003,1544984583625,1
3003,1544984583698,1
3003,1544984584012,1
3003,1544984584102,1
3003,1544984584162,1
3003,1544984584378,1
3003,1544984584506,1
3003,1544984584628,1
3003,1544984584696,1
3003,1544984585012,1
3003,1544984585107,1
3003,1544984585168,1
3003,1544984585382,1
3003,1544984585505,1
3003,1544984585632,1
3003,1544984585698,1
3003,1544984586014,1
3003,1544984586111,1
3003,1544984586168,1
3003,1544984586382,1
3003,1544984586509,1
3003,1544984586636,1
3003,1544984586700,1
3003,1544984587015,1
3003,1544984587114,1
3003,1544984587168,1
3003,1544984587388,1
3003,1544984587512,1
3003,1544984587651,1
3003,1544984587701,1
3003,1544984588015,1
3003,1544984588118,1
3003,1544984588175,1
3003,1544984588389,1
3003,1544984588512,1
3003,1544984588638,1
3003,1544984588704,1
3003,1544984589017,1
3003,1544984589122,1
3003,1544984589177,1
3003,1544984589392,1
3003,1544984589513,1
3003,1544984589641,1
3003,1544984589709,1
3003,1544984590017,1
3003,1544984590127,1
3003,1544984590185,1
3003,1544984590397,1
3003,1544984590513,1
3003,1544984590644,1
3003,1544984590718,1
3003,1544984591018,1
3003,1544984591132,1
3003,1544984591184,1
3003,1544984591398,1
3003,1544984591513,1
3003,1544984591649,1
3003,1544984591730,1
3003,1544984592018,1
3003,1544984592131,1
3003,1544984592189,1
3003,1544984592405,1
3003,1544984592516,1
3003,1544984592649,1
3003,1544984592719,1
3003,1544984593021,1
3003,1544984593135,1
3003,1544984593187,1
3003,1544984593401,1
3003,1544984593515,1
3003,1544984593656,1
3003,1544984593724,1
3003,1544984594024,1
3003,1544984594141,1
3003,1544984594194,1
3003,1544984594405,1
3003,1544984594521,1
3003,1544984594657,1
3003,1544984594725,1
3003,1544984595026,1
3003,1544984595141,1
3003,1544984595196,1
3003,1544984595411,1
3003,1544984595523,1
3003,1544984595660,1
3003,1544984595729,1
3003,1544984596028,1
3003,1544984596140,1
3003,1544984596195,1
3003,1544984596407,1
3003,1544984596530,1
3003,1544984596663,1
3003,1544984596734,1
3003,1544984597034,1
3003,1544984597147,1
3003,1544984597199,1
3003,1544984597413,1
3003,1544984597532,1
3003,1544984597659,1
3003,1544984597738,1
3003,1544984598036,1
3003,1544984598145,1
3003,1544984598200,1
3003,1544984598415,1
3003,1544984598534,1
3003,1544984598665,1
3003,1544984598746,1
3003,1544984599040,1
3003,1544984599146,1
3003,1544984599203,1
3003,1544984599418,1
3003,1544984599540,1
3003,1544984599669,1
3003,1544984599748,1
3003,1544984600045,1
3003,1544984600153,1
3003,1544984600212,1
3003,1544984600417,1
3003,1544984600541,1
3003,1544984600673,1
3003,1544984600754,1
3003,1544984601045,1
3003,1544984601157,1
3003,1544984601214,1
3003,1544984601420,1
3003,1544984601544,1
3003,1544984601677,1
3003,1544984601750,1
3003,1544984602049,1
3003,1544984602163,1
3003,1544984602214,1
3003,1544984602418,1
3003,1544984602544,1
3003,1544984602680,1
3003,1544984602759,1
3003,1544984603051,1
3003,1544984603166,1
3003,1544984603218,1
3003,1544984603423,1
3003,1544984603545,1
3003,1544984603680,1
3003,1544984603756,1
3003,1544984604052,1
3003,1544984604169,1
3003,1544984604222,1
3003,1544984604425,1
3003,1544984604546,1
3003,1544984604682,1
3003,1544984604756,1
3003,1544984605053,1
3003,1544984605171,1
3003,1544984605226,1
3003,1544984605433,1
3003,1544984605550,1
3003,1544984605682,1
3003,1544984605760,1
3003,1544984606058,1
3003,1544984606172,1
3003,1544984606230,1
3003,1544984606437,1
3003,1544984606554,1
3003,1544984606685,1
3003,1544984606765,1
3003,1544984607057,1
3003,1544984607178,1
3003,1544984607231,1
3003,1544984607435,1
3003,1544984607557,1
3003,1544984607688,1
3003,1544984607768,1
3003,1544984608056,1
3003,1544984608179,1
3003,1544984608235,1
3003,1544984608441,1
3003,1544984608558,1
3003,1544984608690,1
3003,1544984608770,1
3003,1544984609081,1
3003,1544984609182,1
3003,1544984609237,1
3003,1544984609442,1
3003,1544984609562,1
3003,1544984609696,1
3003,1544984609775,1
3003,1544984610058,1
3003,1544984610187,1
3003,1544984610238,1
3003,1544984610445,1
3003,1544984610565,1
3003,1544984610698,1
3003,1544984610773,1
3003,1544984611060,1
3003,1544984611190,1
3003,1544984611247,1
3003,1544984611448,1
3003,1544984611568,1
3003,1544984611701,1
3003,1544984611779,1
3003,1544984612060,1
3003,1544984612192,1
3003,1544984612250,1
3003,1544984612450,1
3003,1544984612569,1
3003,1544984612706,1
3003,1544984612778,1
3003,1544984613066,1
3003,1544984613193,1
3003,1544984613251,1
3003,1544984613456,1
3003,1544984613571,1
3003,1544984613706,1
3003,1544984613778,1
3003,1544984614068,1
3003,1544984614195,1
3003,1544984614256,1
3003,1544984614463,1
3003,1544984614574,1
3003,1544984614708,1
3003,1544984614778,1
3003,1544984615069,1
3003,1544984615203,1
3003,1544984615262,1
3003,1544984615466,1
3003,1544984615576,1
3003,1544984615713,1
3003,1544984615783,1
3003,1544984616073,1
3003,1544984616221,1
3003,1544984616264,1
3003,1544984616462,1
3003,1544984616577,1
3003,1544984616715,1
3003,1544984616789,1
3003,1544984617075,1
3003,1544984617208,1
3003,1544984617262,1
3003,1544984617464,1
3003,1544984617580,1
3003,1544984617721,1
3003,1544984617784,1
3003,1544984618076,1
3003,1544984618209,1
3003,1544984618271,1
3003,1544984618467,1
3003,1544984618582,1
3003,1544984618721,1
3003,1544984618786,1
3003,1544984619076,1
3003,1544984619212,1
3003,1544984619289,1
3003,1544984619469,1
3003,1544984619586,1
3003,1544984619725,1
3003,1544984619787,1
3003,1544984620082,1
3003,1544984620213,1
3003,1544984620270,1
3003,1544984620468,1
3003,1544984620586,1
3003,1544984620728,1
3003,1544984620789,1
3003,1544984621082,1
3003,1544984621215,1
3003,1544984621272,1
3003,1544984621466,1
3003,1544984621592,1
3003,1544984621733,1
3003,1544984621794,1
3003,1544984622083,1
3003,1544984622216,1
3003,1544984622275,1
3003,1544984622473,1
3003,1544984622594,1
3003,1544984622734,1
3003,1544984622793,1
3003,1544984623089,1
3003,1544984623222,1
3003,1544984623277,1
3003,1544984623472,1
3003,1544984623593,1
3003,1544984623738,1
3003,1544984623799,1
3003,1544984624089,1
3003,1544984624221,1
3003,1544984624280,1
3003,1544984624479,1
3003,1544984624599,1
3003,1544984624742,1
3003,1544984624799,1
3003,1544984625088,1
3003,1544984625225,1
3003,1544984625279,1
3003,1544984625480,1
3003,1544984625601,1
3003,1544984625746,1
3003,1544984625803,1
3003,1544984626091,1
3003,1544984626228,1
3003,1544984626278,1
3003,1544984626484,1
3003,1544984626606,1
3003,1544984626755,1
3003,1544984626807,1
3003,1544984627095,1
3003,1544984627232,1
3003,1544984627281,1
3003,1544984627486,1
3003,1544984627610,1
3003,1544984627753,1
3003,1544984627805,1
3003,1544984628097,1
3003,1544984628235,1
3003,1544984628278,1
3003,1544984628486,1
3003,1544984628612,1
3003,1544984628760,1
3003,1544984628808,1
3003,1544984629101,1
3003,1544984629239,1
3003,1544984629286,1
3003,1544984629509,1
3003,1544984629615,1
3003,1544984629763,1
3003,1544984629817,1
3003,1544984630102,1
3003,1544984630243,1
3003,1544984630285,1
3003,1544984630485,1
3003,1544984630616,1
3003,1544984630765,1
3003,1544984630821,1
3003,1544984631102,1
3003,1544984631242,1
3003,1544984631290,1
3003,1544984631495,1
3003,1544984631616,1
3003,1544984631764,1
3003,1544984631817,1
3003,1544984632104,1
3003,1544984632247,1
3003,1544984632291,1
3003,1544984632498,1
3003,1544984632617,1
