3003,1544984036025,1
3003,1544984036026,1
3003,1544984036026,1
3003,1544984036026,1
3003,1544984037027,1
3003,1544984037027,1
3003,1544984037027,1
3003,1544984037027,1
3003,1544984038027,1
3003,1544984038027,1
3003,1544984038027,1
3003,1544984038028,1
3003,1544984039032,1
3003,1544984039033,1
3003,1544984039033,1
3003,1544984039033,1
3003,1544984040032,1
3003,1544984040033,1
3003,1544984040033,1
3003,1544984040034,1
3003,1544984041032,1
3003,1544984041032,1
3003,1544984041033,1
3003,1544984041033,1
3003,1544984042037,1
3003,1544984042037,1
3003,1544984042038,1
3003,1544984042038,1
3003,1544984043042,1
3003,1544984043043,1
3003,1544984043043,1
3003,1544984043043,1
3003,1544984044043,1
3003,1544984044044,1
3003,1544984044044,1
3003,1544984044044,1
3003,1544984045046,1
3003,1544984045047,1
3003,1544984045047,1
3003,1544984045047,1
3003,1544984046047,1
3003,1544984046048,1
3003,1544984046048,1
3003,1544984046048,1
3003,1544984047050,1
3003,1544984047051,1
3003,1544984047051,1
3003,1544984047051,1
3003,1544984048055,1
3003,1544984048055,1
3003,1544984048058,1
3003,1544984048059,1
3003,1544984049055,1
3003,1544984049055,1
3003,1544984049055,1
3003,1544984049055,1
3003,1544984050056,1
3003,1544984050057,1
3003,1544984050057,1
3003,1544984050058,1
3003,1544984051059,1
3003,1544984051060,1
3003,1544984051060,1
3003,1544984051060,1
3003,1544984052059,1
3003,1544984052059,1
3003,1544984052060,1
3003,1544984052060,1
3003,1544984053059,1
3003,1544984053060,1
3003,1544984053060,1
3003,1544984053060,1
3003,1544984054061,1
3003,1544984054061,1
3003,1544984054062,1
3003,1544984054062,1
3003,1544984055061,1
3003,1544984055061,1
3003,1544984055062,1
3003,1544984055062,1
3003,1544984056061,1
3003,1544984056061,1
3003,1544984056061,1
3003,1544984056062,1
3003,1544984057064,1
3003,1544984057065,1
3003,1544984057065,1
3003,1544984057065,1
3003,1544984058067,1
3003,1544984058068,1
3003,1544984058069,1
3003,1544984058069,1
3003,1544984059071,1
3003,1544984059071,1
3003,1544984059071,1
3003,1544984059072,1
3003,1544984060071,1
3003,1544984060072,1
3003,1544984060072,1
3003,1544984060072,1
3003,1544984061072,1
3003,1544984061073,1
3003,1544984061073,1
3003,1544984061074,1
3003,1544984062075,1
3003,1544984062075,1
3003,1544984062075,1
3003,1544984062075,1
3003,1544984063078,1
3003,1544984063079,1
3003,1544984063079,1
3003,1544984063080,1
3003,1544984064081,1
3003,1544984064081,1
3003,1544984064081,1
3003,1544984064081,1
3003,1544984065080,1
3003,1544984065081,1
3003,1544984065081,1
3003,1544984065081,1
3003,1544984066085,1
3003,1544984066086,1
3003,1544984066086,1
3003,1544984066086,1
3003,1544984067085,1
3003,1544984067086,1
3003,1544984067086,1
3003,1544984067086,1
3003,1544984068087,1
3003,1544984068087,1
3003,1544984068087,1
3003,1544984068088,1
3003,1544984069088,1
3003,1544984069089,1
3003,1544984069089,1
3003,1544984069089,1
3003,1544984070092,1
3003,1544984070093,1
3003,1544984070093,1
3003,1544984070093,1
3003,1544984071093,1
3003,1544984071094,1
3003,1544984071094,1
3003,1544984071095,1
3003,1544984072096,1
3003,1544984072096,1
3003,1544984072096,1
3003,1544984072097,1
3003,1544984073098,1
3003,1544984073098,1
3003,1544984073099,1
3003,1544984073099,1
3003,1544984074099,1
3003,1544984074100,1
3003,1544984074100,1
3003,1544984074100,1
3003,1544984075103,1
3003,1544984075104,1
3003,1544984075104,1
3003,1544984075104,1
3003,1544984076103,1
3003,1544984076104,1
3003,1544984076104,1
3003,1544984076104,1
3003,1544984077109,1
3003,1544984077109,1
3003,1544984077109,1
3003,1544984077110,1
3003,1544984078113,1
3003,1544984078113,1
3003,1544984078113,1
3003,1544984078114,1
3003,1544984079115,1
3003,1544984079115,1
3003,1544984079115,1
3003,1544984079115,1
3003,1544984080120,1
3003,1544984080120,1
3003,1544984080120,1
3003,1544984080121,1
3003,1544984081122,1
3003,1544984081123,1
3003,1544984081123,1
3003,1544984081123,1
3003,1544984082125,1
3003,1544984082126,1
3003,1544984082126,1
3003,1544984082126,1
3003,1544984083128,1
3003,1544984083128,1
3003,1544984083128,1
3003,1544984083129,1
3003,1544984084128,1
3003,1544984084129,1
3003,1544984084129,1
3003,1544984084129,1
3003,1544984085132,1
3003,1544984085132,1
3003,1544984085132,1
3003,1544984085133,1
3003,1544984086135,1
3003,1544984086135,1
3003,1544984086136,1
3003,1544984086136,1
3003,1544984087134,1
3003,1544984087136,1
3003,1544984087136,1
3003,1544984087136,1
3003,1544984088138,1
3003,1544984088139,1
3003,1544984088139,1
3003,1544984088139,1
3003,1544984089142,1
3003,1544984089142,1
3003,1544984089142,1
3003,1544984089143,1
3003,1544984090144,1
3003,1544984090144,1
3003,1544984090145,1
3003,1544984090145,1
3003,1544984091147,1
3003,1544984091148,1
3003,1544984091148,1
3003,1544984091148,1
3003,1544984092150,1
3003,1544984092150,1
3003,1544984092151,1
3003,1544984092151,1
3003,1544984093152,1
3003,1544984093153,1
3003,1544984093153,1
3003,1544984093153,1
3003,1544984094157,1
3003,1544984094157,1
3003,1544984094158,1
3003,1544984094158,1
3003,1544984095158,1
3003,1544984095158,1
3003,1544984095158,1
3003,1544984095158,1
3003,1544984096161,1
3003,1544984096162,1
3003,1544984096162,1
3003,1544984096162,1
3003,1544984097164,1
3003,1544984097164,1
3003,1544984097164,1
3003,1544984097165,1
3003,1544984098166,1
3003,1544984098166,1
3003,1544984098167,1
3003,1544984098167,1
3003,1544984099169,1
3003,1544984099169,1
3003,1544984099169,1
3003,1544984099169,1
3003,1544984100171,1
3003,1544984100171,1
3003,1544984100171,1
3003,1544984100172,1
3003,1544984101173,1
3003,1544984101174,1
3003,1544984101174,1
3003,1544984101174,1
3003,1544984102174,1
3003,1544984102174,1
3003,1544984102174,1
3003,1544984102175,1
3003,1544984103177,1
3003,1544984103178,1
3003,1544984103178,1
3003,1544984103178,1
3003,1544984104182,1
3003,1544984104182,1
3003,1544984104182,1
3003,1544984104183,1
3003,1544984105186,1
3003,1544984105186,1
3003,1544984105187,1
3003,1544984105187,1
3003,1544984106187,1
3003,1544984106187,1
3003,1544984106187,1
3003,1544984106187,1
3003,1544984107191,1
3003,1544984107192,1
3003,1544984107192,1
3003,1544984107192,1
3003,1544984108193,1
3003,1544984108194,1
3003,1544984108194,1
3003,1544984108194,1
3003,1544984109194,1
3003,1544984109194,1
3003,1544984109194,1
3003,1544984109195,1
3003,1544984110196,1
3003,1544984110196,1
3003,1544984110196,1
3003,1544984110197,1
3003,1544984111200,1
3003,1544984111200,1
3003,1544984111200,1
3003,1544984111200,1
3003,1544984112202,1
3003,1544984112202,1
3003,1544984112203,1
3003,1544984112203,1
3003,1544984113202,1
3003,1544984113203,1
3003,1544984113203,1
3003,1544984113203,1
3003,1544984114205,1
3003,1544984114206,1
3003,1544984114206,1
3003,1544984114206,1
3003,1544984115205,1
3003,1544984115205,1
3003,1544984115205,1
3003,1544984115206,1
3003,1544984116207,1
3003,1544984116208,1
3003,1544984116208,1
3003,1544984116208,1
3003,1544984117207,1
3003,1544984117208,1
3003,1544984117208,1
3003,1544984117208,1
3003,1544984118209,1
3003,1544984118209,1
3003,1544984118209,1
3003,1544984118209,1
3003,1544984119210,1
3003,1544984119211,1
3003,1544984119211,1
3003,1544984119211,1
3003,1544984120215,1
3003,1544984120215,1
3003,1544984120215,1
3003,1544984120216,1
3003,1544984121218,1
3003,1544984121219,1
3003,1544984121219,1
3003,1544984121219,1
3003,1544984122219,1
3003,1544984122219,1
3003,1544984122220,1
3003,1544984122220,1
3003,1544984123219,1
3003,1544984123219,1
3003,1544984123219,1
3003,1544984123219,1
3003,1544984124221,1
3003,1544984124221,1
3003,1544984124221,1
3003,1544984124222,1
3003,1544984125221,1
3003,1544984125221,1
3003,1544984125222,1
3003,1544984125222,1
3003,1544984126225,1
3003,1544984126226,1
3003,1544984126226,1
3003,1544984126226,1
3003,1544984127226,1
3003,1544984127227,1
3003,1544984127227,1
3003,1544984127227,1
3003,1544984128231,1
3003,1544984128232,1
3003,1544984128232,1
3003,1544984128235,1
3003,1544984129233,1
3003,1544984129234,1
3003,1544984129234,1
3003,1544984129235,1
3003,1544984130236,1
3003,1544984130236,1
3003,1544984130236,1
3003,1544984130236,1
3003,1544984131240,1
3003,1544984131241,1
3003,1544984131241,1
3003,1544984131241,1
3003,1544984132245,1
3003,1544984132245,1
3003,1544984132246,1
3003,1544984132246,1
3003,1544984133247,1
3003,1544984133248,1
3003,1544984133248,1
3003,1544984133248,1
3003,1544984134251,1
3003,1544984134251,1
3003,1544984134251,1
3003,1544984134251,1
3003,1544984135254,1
3003,1544984135255,1
3003,1544984135255,1
3003,1544984135255,1
3003,1544984136256,1
3003,1544984136257,1
3003,1544984136257,1
3003,1544984136257,1
3003,1544984137257,1
3003,1544984137257,1
3003,1544984137257,1
3003,1544984137257,1
3003,1544984138257,1
3003,1544984138257,1
3003,1544984138257,1
3003,1544984138257,1
3003,1544984139260,1
3003,1544984139260,1
3003,1544984139260,1
3003,1544984139261,1
3003,1544984140264,1
3003,1544984140264,1
3003,1544984140264,1
3003,1544984140265,1
3003,1544984141268,1
3003,1544984141268,1
3003,1544984141268,1
3003,1544984141269,1
3003,1544984142273,1
3003,1544984142273,1
3003,1544984142273,1
3003,1544984142274,1
3003,1544984143276,1
3003,1544984143277,1
3003,1544984143277,1
3003,1544984143277,1
3003,1544984144277,1
3003,1544984144278,1
3003,1544984144278,1
3003,1544984144278,1
3003,1544984145282,1
3003,1544984145283,1
3003,1544984145283,1
3003,1544984145283,1
3003,1544984146283,1
3003,1544984146283,1
3003,1544984146284,1
3003,1544984146284,1
3003,1544984147283,1
3003,1544984147283,1
3003,1544984147284,1
3003,1544984147284,1
3003,1544984148283,1
3003,1544984148284,1
3003,1544984148284,1
3003,1544984148284,1
3003,1544984149285,1
3003,1544984149286,1
3003,1544984149286,1
3003,1544984149286,1
3003,1544984150288,1
3003,1544984150289,1
3003,1544984150289,1
3003,1544984150289,1
3003,1544984151290,1
3003,1544984151290,1
3003,1544984151290,1
3003,1544984151290,1
3003,1544984152294,1
3003,1544984152295,1
3003,1544984152295,1
3003,1544984152295,1
3003,1544984153300,1
3003,1544984153300,1
3003,1544984153300,1
3003,1544984153301,1
3003,1544984154302,1
3003,1544984154302,1
3003,1544984154303,1
3003,1544984154303,1
3003,1544984155303,1
3003,1544984155304,1
3003,1544984155304,1
3003,1544984155304,1
3003,1544984156308,1
3003,1544984156309,1
3003,1544984156309,1
3003,1544984156309,1
3003,1544984157312,1
3003,1544984157313,1
3003,1544984157313,1
3003,1544984157313,1
3003,1544984158316,1
3003,1544984158316,1
3003,1544984158316,1
3003,1544984158317,1
3003,1544984159318,1
3003,1544984159319,1
3003,1544984159319,1
3003,1544984159320,1
3003,1544984160319,1
3003,1544984160320,1
3003,1544984160320,1
3003,1544984160320,1
3003,1544984161323,1
3003,1544984161323,1
3003,1544984161323,1
3003,1544984161324,1
3003,1544984162327,1
3003,1544984162328,1
3003,1544984162328,1
3003,1544984162328,1
3003,1544984163332,1
3003,1544984163332,1
3003,1544984163332,1
3003,1544984163332,1
3003,1544984164337,1
3003,1544984164337,1
3003,1544984164337,1
3003,1544984164338,1
3003,1544984165337,1
3003,1544984165337,1
3003,1544984165338,1
3003,1544984165338,1
3003,1544984166336,1
3003,1544984166337,1
3003,1544984166337,1
3003,1544984166337,1
3003,1544984167337,1
3003,1544984167337,1
3003,1544984167338,1
3003,1544984167338,1
3003,1544984168341,1
3003,1544984168342,1
3003,1544984168342,1
3003,1544984168342,1
3003,1544984169342,1
3003,1544984169342,1
3003,1544984169342,1
3003,1544984169343,1
3003,1544984170342,1
3003,1544984170343,1
3003,1544984170343,1
3003,1544984170343,1
3003,1544984171343,1
3003,1544984171343,1
3003,1544984171343,1
3003,1544984171343,1
3003,1544984172347,1
3003,1544984172347,1
3003,1544984172347,1
3003,1544984172348,1
3003,1544984173349,1
3003,1544984173349,1
3003,1544984173350,1
3003,1544984173350,1
3003,1544984174351,1
3003,1544984174351,1
3003,1544984174352,1
3003,1544984174352,1
3003,1544984175356,1
3003,1544984175357,1
3003,1544984175357,1
3003,1544984175357,1
3003,1544984176361,1
3003,1544984176361,1
3003,1544984176361,1
3003,1544984176362,1
3003,1544984177362,1
3003,1544984177362,1
3003,1544984177362,1
3003,1544984177363,1
3003,1544984178365,1
3003,1544984178366,1
3003,1544984178366,1
3003,1544984178366,1
3003,1544984179370,1
3003,1544984179371,1
3003,1544984179371,1
3003,1544984179371,1
3003,1544984180373,1
3003,1544984180374,1
3003,1544984180374,1
3003,1544984180374,1
3003,1544984181374,1
3003,1544984181375,1
3003,1544984181375,1
3003,1544984181375,1
3003,1544984182377,1
3003,1544984182377,1
3003,1544984182377,1
3003,1544984182378,1
3003,1544984183377,1
3003,1544984183377,1
3003,1544984183377,1
3003,1544984183378,1
3003,1544984184382,1
3003,1544984184382,1
3003,1544984184383,1
3003,1544984184383,1
3003,1544984185384,1
3003,1544984185384,1
3003,1544984185384,1
3003,1544984185385,1
3003,1544984186388,1
3003,1544984186388,1
3003,1544984186388,1
3003,1544984186388,1
3003,1544984187392,1
3003,1544984187393,1
3003,1544984187393,1
3003,1544984187393,1
3003,1544984188398,1
3003,1544984188398,1
3003,1544984188398,1
3003,1544984188399,1
3003,1544984189398,1
3003,1544984189399,1
3003,1544984189399,1
3003,1544984189399,1
3003,1544984190399,1
3003,1544984190399,1
3003,1544984190400,1
3003,1544984190400,1
3003,1544984191400,1
3003,1544984191400,1
3003,1544984191400,1
3003,1544984191401,1
3003,1544984192399,1
3003,1544984192400,1
3003,1544984192400,1
3003,1544984192400,1
3003,1544984193404,1
3003,1544984193405,1
3003,1544984193406,1
3003,1544984193407,1
3003,1544984194406,1
3003,1544984194406,1
3003,1544984194406,1
3003,1544984194406,1
3003,1544984195408,1
3003,1544984195408,1
3003,1544984195409,1
3003,1544984195409,1
3003,1544984196413,1
3003,1544984196413,1
3003,1544984196413,1
3003,1544984196413,1
3003,1544984197414,1
3003,1544984197415,1
3003,1544984197415,1
3003,1544984197415,1
3003,1544984198414,1
3003,1544984198415,1
3003,1544984198415,1
3003,1544984198415,1
3003,1544984199416,1
3003,1544984199416,1
3003,1544984199416,1
3003,1544984199416,1
3003,1544984200415,1
3003,1544984200416,1
3003,1544984200416,1
3003,1544984200416,1
3003,1544984201417,1
3003,1544984201418,1
3003,1544984201418,1
3003,1544984201418,1
3003,1544984202421,1
3003,1544984202421,1
3003,1544984202421,1
3003,1544984202422,1
3003,1544984203425,1
3003,1544984203425,1
3003,1544984203426,1
3003,1544984203426,1
3003,1544984204427,1
3003,1544984204428,1
3003,1544984204428,1
3003,1544984204428,1
3003,1544984205427,1
3003,1544984205427,1
3003,1544984205428,1
3003,1544984205428,1
3003,1544984206432,1
3003,1544984206432,1
3003,1544984206432,1
3003,1544984206432,1
3003,1544984207436,1
3003,1544984207436,1
3003,1544984207436,1
3003,1544984207437,1
3003,1544984208440,1
3003,1544984208441,1
3003,1544984208441,1
3003,1544984208441,1
3003,1544984209443,1
3003,1544984209444,1
3003,1544984209444,1
3003,1544984209445,1
3003,1544984210447,1
3003,1544984210447,1
3003,1544984210448,1
3003,1544984210448,1
3003,1544984211448,1
3003,1544984211448,1
3003,1544984211448,1
3003,1544984211448,1
3003,1544984212448,1
3003,1544984212448,1
3003,1544984212448,1
3003,1544984212448,1
3003,1544984213453,1
3003,1544984213453,1
3003,1544984213453,1
3003,1544984213454,1
3003,1544984214456,1
3003,1544984214456,1
3003,1544984214457,1
3003,1544984214457,1
3003,1544984215459,1
3003,1544984215459,1
3003,1544984215459,1
3003,1544984215459,1
3003,1544984216463,1
3003,1544984216463,1
3003,1544984216464,1
3003,1544984216465,1
3003,1544984217465,1
3003,1544984217466,1
3003,1544984217466,1
3003,1544984217467,1
3003,1544984218470,1
3003,1544984218470,1
3003,1544984218471,1
3003,1544984218471,1
3003,1544984219472,1
3003,1544984219472,1
3003,1544984219472,1
3003,1544984219472,1
3003,1544984220476,1
3003,1544984220476,1
3003,1544984220476,1
3003,1544984220476,1
3003,1544984221478,1
3003,1544984221478,1
3003,1544984221478,1
3003,1544984221479,1
3003,1544984222478,1
3003,1544984222478,1
3003,1544984222479,1
3003,1544984222479,1
3003,1544984223483,1
3003,1544984223484,1
3003,1544984223484,1
3003,1544984223485,1
3003,1544984224485,1
3003,1544984224485,1
3003,1544984224485,1
3003,1544984224485,1
3003,1544984225486,1
3003,1544984225487,1
3003,1544984225487,1
3003,1544984225487,1
3003,1544984226490,1
3003,1544984226491,1
3003,1544984226491,1
3003,1544984226491,1
3003,1544984227491,1
3003,1544984227492,1
3003,1544984227492,1
3003,1544984227492,1
3003,1544984228493,1
3003,1544984228493,1
3003,1544984228493,1
3003,1544984228493,1
3003,1544984229496,1
3003,1544984229497,1
3003,1544984229497,1
3003,1544984229497,1
3003,1544984230499,1
3003,1544984230499,1
3003,1544984230499,1
3003,1544984230500,1
3003,1544984231499,1
3003,1544984231499,1
3003,1544984231499,1
3003,1544984231499,1
3003,1544984232499,1
3003,1544984232499,1
3003,1544984232499,1
3003,1544984232499,1
3003,1544984233499,1
3003,1544984233499,1
3003,1544984233499,1
3003,1544984233499,1
3003,1544984234504,1
3003,1544984234504,1
3003,1544984234504,1
3003,1544984234504,1
3003,1544984235505,1
3003,1544984235505,1
3003,1544984235505,1
3003,1544984235505,1
3003,1544984236505,1
3003,1544984236505,1
3003,1544984236506,1
3003,1544984236506,1
3003,1544984237505,1
3003,1544984237505,1
3003,1544984237505,1
3003,1544984237505,1
3003,1544984238509,1
3003,1544984238509,1
3003,1544984238509,1
3003,1544984238509,1
3003,1544984239512,1
3003,1544984239513,1
3003,1544984239513,1
3003,1544984239513,1
3003,1544984240517,1
3003,1544984240518,1
3003,1544984240518,1
3003,1544984240518,1
3003,1544984241521,1
3003,1544984241521,1
3003,1544984241521,1
3003,1544984241522,1
3003,1544984242526,1
3003,1544984242526,1
3003,1544984242526,1
3003,1544984242526,1
3003,1544984243529,1
3003,1544984243530,1
3003,1544984243530,1
3003,1544984243530,1
3003,1544984244532,1
3003,1544984244532,1
3003,1544984244532,1
3003,1544984244532,1
3003,1544984245533,1
3003,1544984245533,1
3003,1544984245533,1
3003,1544984245533,1
3003,1544984246534,1
3003,1544984246534,1
3003,1544984246534,1
3003,1544984246534,1
3003,1544984247538,1
3003,1544984247539,1
3003,1544984247539,1
3003,1544984247539,1
3003,1544984248539,1
3003,1544984248540,1
3003,1544984248540,1
3003,1544984248540,1
3003,1544984249544,1
3003,1544984249544,1
3003,1544984249544,1
3003,1544984249544,1
3003,1544984250548,1
3003,1544984250548,1
3003,1544984250548,1
3003,1544984250548,1
3003,1544984251548,1
3003,1544984251548,1
3003,1544984251548,1
3003,1544984251548,1
3003,1544984252548,1
3003,1544984252549,1
3003,1544984252549,1
3003,1544984252549,1
3003,1544984253548,1
3003,1544984253548,1
3003,1544984253548,1
3003,1544984253548,1
3003,1544984254553,1
3003,1544984254554,1
3003,1544984254554,1
3003,1544984254554,1
3003,1544984255555,1
3003,1544984255556,1
3003,1544984255556,1
3003,1544984255556,1
3003,1544984256560,1
3003,1544984256560,1
3003,1544984256560,1
3003,1544984256560,1
3003,1544984257563,1
3003,1544984257563,1
3003,1544984257563,1
3003,1544984257563,1
3003,1544984258563,1
3003,1544984258564,1
3003,1544984258564,1
3003,1544984258564,1
3003,1544984259568,1
3003,1544984259569,1
3003,1544984259569,1
3003,1544984259569,1
3003,1544984260569,1
3003,1544984260569,1
3003,1544984260569,1
3003,1544984260569,1
3003,1544984261572,1
3003,1544984261572,1
3003,1544984261572,1
3003,1544984261573,1
3003,1544984262575,1
3003,1544984262576,1
3003,1544984262576,1
3003,1544984262576,1
3003,1544984263580,1
3003,1544984263580,1
3003,1544984263580,1
3003,1544984263580,1
3003,1544984264584,1
3003,1544984264584,1
3003,1544984264584,1
3003,1544984264584,1
3003,1544984265584,1
3003,1544984265584,1
3003,1544984265584,1
3003,1544984265584,1
3003,1544984266583,1
3003,1544984266584,1
3003,1544984266584,1
3003,1544984266584,1
3003,1544984267584,1
3003,1544984267584,1
3003,1544984267584,1
3003,1544984267585,1
3003,1544984268589,1
3003,1544984268589,1
3003,1544984268590,1
3003,1544984268590,1
3003,1544984269592,1
3003,1544984269593,1
3003,1544984269593,1
3003,1544984269593,1
3003,1544984270592,1
3003,1544984270592,1
3003,1544984270592,1
3003,1544984270593,1
3003,1544984271596,1
3003,1544984271596,1
3003,1544984271596,1
3003,1544984271596,1
3003,1544984272597,1
3003,1544984272598,1
3003,1544984272598,1
3003,1544984272598,1
3003,1544984273602,1
3003,1544984273602,1
3003,1544984273602,1
3003,1544984273602,1
3003,1544984274606,1
3003,1544984274606,1
3003,1544984274606,1
3003,1544984274606,1
3003,1544984275611,1
3003,1544984275611,1
3003,1544984275611,1
3003,1544984275612,1
3003,1544984276614,1
3003,1544984276614,1
3003,1544984276615,1
3003,1544984276615,1
3003,1544984277615,1
3003,1544984277615,1
3003,1544984277615,1
3003,1544984277615,1
3003,1544984278620,1
3003,1544984278620,1
3003,1544984278620,1
3003,1544984278620,1
3003,1544984279623,1
3003,1544984279624,1
3003,1544984279624,1
3003,1544984279624,1
3003,1544984280624,1
3003,1544984280624,1
3003,1544984280624,1
3003,1544984280624,1
3003,1544984281626,1
3003,1544984281627,1
3003,1544984281627,1
3003,1544984281627,1
3003,1544984282631,1
3003,1544984282632,1
3003,1544984282632,1
3003,1544984282632,1
3003,1544984283637,1
3003,1544984283637,1
3003,1544984283637,1
3003,1544984283637,1
3003,1544984284638,1
3003,1544984284639,1
3003,1544984284639,1
3003,1544984284639,1
3003,1544984285638,1
3003,1544984285639,1
3003,1544984285639,1
3003,1544984285639,1
3003,1544984286642,1
3003,1544984286642,1
3003,1544984286642,1
3003,1544984286642,1
3003,1544984287644,1
3003,1544984287644,1
3003,1544984287644,1
3003,1544984287644,1
3003,1544984288647,1
3003,1544984288647,1
3003,1544984288648,1
3003,1544984288648,1
3003,1544984289649,1
3003,1544984289650,1
3003,1544984289650,1
3003,1544984289650,1
3003,1544984290650,1
3003,1544984290651,1
3003,1544984290651,1
3003,1544984290651,1
3003,1544984291653,1
3003,1544984291654,1
3003,1544984291654,1
3003,1544984291654,1
3003,1544984292654,1
3003,1544984292654,1
3003,1544984292654,1
3003,1544984292655,1
3003,1544984293656,1
3003,1544984293656,1
3003,1544984293656,1
3003,1544984293657,1
3003,1544984294660,1
3003,1544984294660,1
3003,1544984294660,1
3003,1544984294661,1
3003,1544984295662,1
3003,1544984295663,1
3003,1544984295663,1
3003,1544984295664,1
3003,1544984296666,1
3003,1544984296667,1
3003,1544984296667,1
3003,1544984296667,1
3003,1544984297669,1
3003,1544984297670,1
3003,1544984297670,1
3003,1544984297670,1
3003,1544984298670,1
3003,1544984298671,1
3003,1544984298671,1
3003,1544984298671,1
3003,1544984299672,1
3003,1544984299672,1
3003,1544984299672,1
3003,1544984299672,1
3003,1544984300673,1
3003,1544984300673,1
3003,1544984300673,1
3003,1544984300673,1
3003,1544984301677,1
3003,1544984301677,1
3003,1544984301677,1
3003,1544984301678,1
3003,1544984302681,1
3003,1544984302681,1
3003,1544984302681,1
3003,1544984302682,1
3003,1544984303682,1
3003,1544984303683,1
3003,1544984303683,1
3003,1544984303683,1
3003,1544984304683,1
3003,1544984304683,1
3003,1544984304683,1
3003,1544984304684,1
3003,1544984305682,1
3003,1544984305683,1
3003,1544984305683,1
3003,1544984305683,1
3003,1544984306686,1
3003,1544984306686,1
3003,1544984306686,1
3003,1544984306686,1
3003,1544984307691,1
3003,1544984307691,1
3003,1544984307692,1
3003,1544984307692,1
3003,1544984308693,1
3003,1544984308693,1
3003,1544984308694,1
3003,1544984308694,1
3003,1544984309693,1
3003,1544984309693,1
3003,1544984309693,1
3003,1544984309693,1
3003,1544984310696,1
3003,1544984310697,1
3003,1544984310697,1
3003,1544984310697,1
3003,1544984311697,1
3003,1544984311697,1
3003,1544984311697,1
3003,1544984311698,1
3003,1544984312700,1
3003,1544984312701,1
3003,1544984312701,1
3003,1544984312701,1
3003,1544984313702,1
3003,1544984313702,1
3003,1544984313703,1
3003,1544984313703,1
3003,1544984314702,1
3003,1544984314702,1
3003,1544984314703,1
3003,1544984314703,1
3003,1544984315704,1
3003,1544984315704,1
3003,1544984315705,1
3003,1544984315705,1
3003,1544984316709,1
3003,1544984316709,1
3003,1544984316709,1
3003,1544984316710,1
3003,1544984317709,1
3003,1544984317709,1
3003,1544984317709,1
3003,1544984317710,1
3003,1544984318709,1
3003,1544984318709,1
3003,1544984318710,1
3003,1544984318710,1
3003,1544984319709,1
3003,1544984319710,1
3003,1544984319710,1
3003,1544984319710,1
3003,1544984320710,1
3003,1544984320710,1
3003,1544984320711,1
3003,1544984320711,1
3003,1544984321714,1
3003,1544984321714,1
3003,1544984321714,1
3003,1544984321714,1
3003,1544984322714,1
3003,1544984322715,1
3003,1544984322715,1
3003,1544984322715,1
3003,1544984323717,1
3003,1544984323717,1
3003,1544984323717,1
3003,1544984323718,1
3003,1544984324721,1
3003,1544984324722,1
3003,1544984324722,1
3003,1544984324722,1
3003,1544984325723,1
3003,1544984325723,1
3003,1544984325723,1
3003,1544984325723,1
3003,1544984326726,1
3003,1544984326726,1
3003,1544984326727,1
3003,1544984326727,1
3003,1544984327729,1
3003,1544984327730,1
3003,1544984327730,1
3003,1544984327730,1
3003,1544984328730,1
3003,1544984328730,1
3003,1544984328731,1
3003,1544984328731,1
3003,1544984329734,1
3003,1544984329735,1
3003,1544984329735,1
3003,1544984329735,1
3003,1544984330735,1
3003,1544984330735,1
3003,1544984330736,1
3003,1544984330736,1
3003,1544984331738,1
3003,1544984331738,1
3003,1544984331738,1
3003,1544984331738,1
3003,1544984332743,1
3003,1544984332743,1
3003,1544984332743,1
3003,1544984332743,1
3003,1544984333751,1
3003,1544984333752,1
3003,1544984333752,1
3003,1544984333752,1
3003,1544984334758,1
3003,1544984334759,1
3003,1544984334759,1
3003,1544984334759,1
3003,1544984335765,1
3003,1544984335765,1
3003,1544984335765,1
3003,1544984335765,1
3003,1544984336771,1
3003,1544984336772,1
3003,1544984336772,1
3003,1544984336772,1
3003,1544984337774,1
3003,1544984337774,1
3003,1544984337774,1
3003,1544984337775,1
3003,1544984338781,1
3003,1544984338781,1
3003,1544984338782,1
3003,1544984338782,1
3003,1544984339781,1
3003,1544984339781,1
3003,1544984339782,1
3003,1544984339782,1
3003,1544984340788,1
3003,1544984340789,1
3003,1544984340789,1
3003,1544984340789,1
3003,1544984341791,1
3003,1544984341792,1
3003,1544984341792,1
3003,1544984341792,1
3003,1544984342798,1
3003,1544984342798,1
3003,1544984342798,1
3003,1544984342799,1
3003,1544984343808,1
3003,1544984343808,1
3003,1544984343808,1
3003,1544984343808,1
3003,1544984344817,1
3003,1544984344819,1
3003,1544984344819,1
3003,1544984344819,1
3003,1544984345817,1
3003,1544984345817,1
3003,1544984345817,1
3003,1544984345817,1
3003,1544984346825,1
3003,1544984346825,1
3003,1544984346826,1
3003,1544984346826,1
3003,1544984347835,1
3003,1544984347835,1
3003,1544984347836,1
3003,1544984347836,1
3003,1544984348845,1
3003,1544984348845,1
3003,1544984348846,1
3003,1544984348846,1
3003,1544984349855,1
3003,1544984349855,1
3003,1544984349857,1
3003,1544984349857,1
3003,1544984350864,1
3003,1544984350864,1
3003,1544984350864,1
3003,1544984350865,1
3003,1544984351868,1
3003,1544984351869,1
3003,1544984351869,1
3003,1544984351869,1
3003,1544984352874,1
3003,1544984352874,1
3003,1544984352874,1
3003,1544984352874,1
3003,1544984353881,1
3003,1544984353881,1
3003,1544984353881,1
3003,1544984353881,1
3003,1544984354885,1
3003,1544984354885,1
3003,1544984354886,1
3003,1544984354886,1
3003,1544984355889,1
3003,1544984355889,1
3003,1544984355889,1
3003,1544984355890,1
3003,1544984356891,1
3003,1544984356891,1
3003,1544984356891,1
3003,1544984356891,1
3003,1544984357891,1
3003,1544984357891,1
3003,1544984357891,1
3003,1544984357892,1
3003,1544984358891,1
3003,1544984358891,1
3003,1544984358893,1
3003,1544984358893,1
3003,1544984359892,1
3003,1544984359892,1
3003,1544984359892,1
3003,1544984359893,1
3003,1544984360896,1
3003,1544984360897,1
3003,1544984360897,1
3003,1544984360897,1
3003,1544984361897,1
3003,1544984361897,1
3003,1544984361897,1
3003,1544984361897,1
3003,1544984362898,1
3003,1544984362898,1
3003,1544984362898,1
3003,1544984362898,1
3003,1544984363903,1
3003,1544984363903,1
3003,1544984363903,1
3003,1544984363904,1
3003,1544984364906,1
3003,1544984364906,1
3003,1544984364906,1
3003,1544984364907,1
3003,1544984365907,1
3003,1544984365907,1
3003,1544984365907,1
3003,1544984365907,1
3003,1544984366909,1
3003,1544984366910,1
3003,1544984366910,1
3003,1544984366910,1
3003,1544984367909,1
3003,1544984367910,1
3003,1544984367911,1
3003,1544984367911,1
3003,1544984368910,1
3003,1544984368910,1
3003,1544984368910,1
3003,1544984368911,1
3003,1544984369913,1
3003,1544984369913,1
3003,1544984369913,1
3003,1544984369914,1
3003,1544984370915,1
3003,1544984370916,1
3003,1544984370916,1
3003,1544984370916,1
3003,1544984371915,1
3003,1544984371916,1
3003,1544984371916,1
3003,1544984371916,1
3003,1544984372917,1
3003,1544984372918,1
3003,1544984372919,1
3003,1544984372919,1
3003,1544984373919,1
3003,1544984373920,1
3003,1544984373920,1
3003,1544984373920,1
3003,1544984374919,1
3003,1544984374919,1
3003,1544984374920,1
3003,1544984374920,1
3003,1544984375919,1
3003,1544984375920,1
3003,1544984375920,1
3003,1544984375920,1
3003,1544984376920,1
3003,1544984376921,1
3003,1544984376922,1
3003,1544984376922,1
3003,1544984377925,1
3003,1544984377925,1
3003,1544984377925,1
3003,1544984377925,1
3003,1544984378925,1
3003,1544984378925,1
3003,1544984378926,1
3003,1544984378926,1
3003,1544984379925,1
3003,1544984379926,1
3003,1544984379926,1
3003,1544984379926,1
3003,1544984380926,1
3003,1544984380926,1
3003,1544984380926,1
3003,1544984380927,1
3003,1544984381929,1
3003,1544984381929,1
3003,1544984381930,1
3003,1544984381930,1
3003,1544984382931,1
3003,1544984382931,1
3003,1544984382931,1
3003,1544984382931,1
3003,1544984383931,1
3003,1544984383931,1
3003,1544984383932,1
3003,1544984383932,1
3003,1544984384931,1
3003,1544984384932,1
3003,1544984384932,1
3003,1544984384932,1
3003,1544984385932,1
3003,1544984385933,1
3003,1544984385933,1
3003,1544984385934,1
3003,1544984386936,1
3003,1544984386936,1
3003,1544984386937,1
3003,1544984386937,1
3003,1544984387939,1
3003,1544984387940,1
3003,1544984387940,1
3003,1544984387940,1
3003,1544984388939,1
3003,1544984388940,1
3003,1544984388940,1
3003,1544984388940,1
3003,1544984389943,1
3003,1544984389943,1
3003,1544984389943,1
3003,1544984389943,1
3003,1544984390945,1
3003,1544984390946,1
3003,1544984390946,1
3003,1544984390946,1
3003,1544984391949,1
3003,1544984391950,1
3003,1544984391950,1
3003,1544984391950,1
3003,1544984392950,1
3003,1544984392950,1
3003,1544984392950,1
3003,1544984392951,1
3003,1544984393951,1
3003,1544984393952,1
3003,1544984393952,1
3003,1544984393952,1
3003,1544984394954,1
3003,1544984394954,1
3003,1544984394955,1
3003,1544984394955,1
3003,1544984395956,1
3003,1544984395957,1
3003,1544984395957,1
3003,1544984395957,1
3003,1544984396957,1
3003,1544984396957,1
3003,1544984396958,1
3003,1544984396958,1
3003,1544984397958,1
3003,1544984397959,1
3003,1544984397959,1
3003,1544984397959,1
3003,1544984398963,1
3003,1544984398963,1
3003,1544984398964,1
3003,1544984398964,1
3003,1544984399967,1
3003,1544984399967,1
3003,1544984399967,1
3003,1544984399967,1
3003,1544984400971,1
3003,1544984400971,1
3003,1544984400971,1
3003,1544984400972,1
3003,1544984401970,1
3003,1544984401970,1
3003,1544984401970,1
3003,1544984401971,1
3003,1544984402974,1
3003,1544984402974,1
3003,1544984402974,1
3003,1544984402974,1
3003,1544984403979,1
3003,1544984403980,1
3003,1544984403980,1
3003,1544984403980,1
3003,1544984404979,1
3003,1544984404979,1
3003,1544984404979,1
3003,1544984404980,1
3003,1544984405983,1
3003,1544984405983,1
3003,1544984405984,1
3003,1544984405984,1
3003,1544984406985,1
3003,1544984406986,1
3003,1544984406986,1
3003,1544984406986,1
3003,1544984407988,1
3003,1544984407989,1
3003,1544984407989,1
3003,1544984407989,1
3003,1544984408994,1
3003,1544984408994,1
3003,1544984408994,1
3003,1544984408995,1
3003,1544984409996,1
3003,1544984409997,1
3003,1544984409997,1
3003,1544984409997,1
3003,1544984410996,1
3003,1544984410997,1
3003,1544984410997,1
3003,1544984410997,1
3003,1544984412001,1
3003,1544984412001,1
3003,1544984412001,1
3003,1544984412001,1
3003,1544984413005,1
3003,1544984413005,1
3003,1544984413006,1
3003,1544984413006,1
3003,1544984414005,1
3003,1544984414005,1
3003,1544984414005,1
3003,1544984414005,1
3003,1544984415005,1
3003,1544984415005,1
3003,1544984415005,1
3003,1544984415005,1
3003,1544984416005,1
3003,1544984416005,1
3003,1544984416005,1
3003,1544984416005,1
3003,1544984417005,1
3003,1544984417005,1
3003,1544984417005,1
3003,1544984417006,1
3003,1544984418005,1
3003,1544984418005,1
3003,1544984418005,1
3003,1544984418005,1
3003,1544984419005,1
3003,1544984419005,1
3003,1544984419005,1
3003,1544984419005,1
3003,1544984420004,1
3003,1544984420005,1
3003,1544984420005,1
3003,1544984420005,1
3003,1544984421004,1
3003,1544984421005,1
3003,1544984421005,1
3003,1544984421005,1
3003,1544984422005,1
3003,1544984422005,1
3003,1544984422006,1
3003,1544984422006,1
3003,1544984423005,1
3003,1544984423005,1
3003,1544984423005,1
3003,1544984423005,1
3003,1544984424005,1
3003,1544984424005,1
3003,1544984424005,1
3003,1544984424005,1
3003,1544984425005,1
3003,1544984425006,1
3003,1544984425006,1
3003,1544984425006,1
3003,1544984426005,1
3003,1544984426006,1
3003,1544984426006,1
3003,1544984426006,1
3003,1544984427006,1
3003,1544984427006,1
3003,1544984427006,1
3003,1544984427006,1
3003,1544984428007,1
3003,1544984428007,1
3003,1544984428007,1
3003,1544984428007,1
3003,1544984429008,1
3003,1544984429008,1
3003,1544984429008,1
3003,1544984429009,1
3003,1544984430008,1
3003,1544984430008,1
3003,1544984430008,1
3003,1544984430009,1
3003,1544984431009,1
3003,1544984431010,1
3003,1544984431011,1
3003,1544984431011,1
3003,1544984432010,1
3003,1544984432010,1
3003,1544984432011,1
3003,1544984432011,1
3003,1544984433012,1
3003,1544984433012,1
3003,1544984433012,1
3003,1544984433012,1
3003,1544984434012,1
3003,1544984434012,1
3003,1544984434013,1
3003,1544984434013,1
3003,1544984435013,1
3003,1544984435013,1
3003,1544984435013,1
3003,1544984435013,1
3003,1544984436014,1
3003,1544984436015,1
3003,1544984436015,1
3003,1544984436015,1
3003,1544984437015,1
3003,1544984437016,1
3003,1544984437016,1
3003,1544984437016,1
3003,1544984438019,1
3003,1544984438019,1
3003,1544984438019,1
3003,1544984438019,1
3003,1544984439021,1
3003,1544984439021,1
3003,1544984439021,1
3003,1544984439021,1
3003,1544984440021,1
3003,1544984440022,1
3003,1544984440023,1
3003,1544984440023,1
3003,1544984441024,1
3003,1544984441024,1
3003,1544984441025,1
3003,1544984441025,1
3003,1544984442029,1
3003,1544984442029,1
3003,1544984442029,1
3003,1544984442029,1
3003,1544984443033,1
3003,1544984443033,1
3003,1544984443034,1
3003,1544984443034,1
3003,1544984444037,1
3003,1544984444037,1
3003,1544984444037,1
3003,1544984444038,1
3003,1544984445041,1
3003,1544984445042,1
3003,1544984445042,1
3003,1544984445042,1
3003,1544984446042,1
3003,1544984446043,1
3003,1544984446043,1
3003,1544984446043,1
3003,1544984447046,1
3003,1544984447046,1
3003,1544984447046,1
3003,1544984447046,1
3003,1544984448048,1
3003,1544984448049,1
3003,1544984448049,1
3003,1544984448049,1
3003,1544984449053,1
3003,1544984449053,1
3003,1544984449054,1
3003,1544984449054,1
3003,1544984450056,1
3003,1544984450057,1
3003,1544984450057,1
3003,1544984450057,1
3003,1544984451059,1
3003,1544984451059,1
3003,1544984451060,1
3003,1544984451060,1
3003,1544984452061,1
3003,1544984452061,1
3003,1544984452061,1
3003,1544984452061,1
3003,1544984453063,1
3003,1544984453064,1
3003,1544984453064,1
3003,1544984453064,1
3003,1544984454065,1
3003,1544984454065,1
3003,1544984454065,1
3003,1544984454065,1
3003,1544984455067,1
3003,1544984455067,1
3003,1544984455067,1
3003,1544984455067,1
3003,1544984456070,1
3003,1544984456070,1
3003,1544984456071,1
3003,1544984456071,1
3003,1544984457071,1
3003,1544984457071,1
3003,1544984457071,1
3003,1544984457072,1
3003,1544984458072,1
3003,1544984458072,1
3003,1544984458073,1
3003,1544984458073,1
3003,1544984459077,1
3003,1544984459077,1
3003,1544984459077,1
3003,1544984459077,1
3003,1544984460079,1
3003,1544984460079,1
3003,1544984460079,1
3003,1544984460079,1
3003,1544984461079,1
3003,1544984461080,1
3003,1544984461080,1
3003,1544984461080,1
3003,1544984462084,1
3003,1544984462084,1
3003,1544984462084,1
3003,1544984462084,1
3003,1544984463086,1
3003,1544984463086,1
3003,1544984463086,1
3003,1544984463087,1
3003,1544984464087,1
3003,1544984464088,1
3003,1544984464088,1
3003,1544984464088,1
3003,1544984465087,1
3003,1544984465087,1
3003,1544984465088,1
3003,1544984465088,1
3003,1544984466089,1
3003,1544984466089,1
3003,1544984466090,1
3003,1544984466090,1
3003,1544984467093,1
3003,1544984467094,1
3003,1544984467094,1
3003,1544984467094,1
3003,1544984468097,1
3003,1544984468098,1
3003,1544984468098,1
3003,1544984468098,1
3003,1544984469102,1
3003,1544984469102,1
3003,1544984469103,1
3003,1544984469103,1
3003,1544984470102,1
3003,1544984470102,1
3003,1544984470102,1
3003,1544984470103,1
3003,1544984471104,1
3003,1544984471105,1
3003,1544984471105,1
3003,1544984471105,1
3003,1544984472104,1
3003,1544984472104,1
3003,1544984472105,1
3003,1544984472105,1
3003,1544984473106,1
3003,1544984473107,1
3003,1544984473107,1
3003,1544984473107,1
3003,1544984474111,1
3003,1544984474112,1
3003,1544984474112,1
3003,1544984474112,1
3003,1544984475114,1
3003,1544984475114,1
3003,1544984475114,1
3003,1544984475114,1
3003,1544984476119,1
3003,1544984476119,1
3003,1544984476120,1
3003,1544984476120,1
3003,1544984477123,1
3003,1544984477123,1
3003,1544984477123,1
3003,1544984477123,1
3003,1544984478124,1
3003,1544984478124,1
3003,1544984478124,1
3003,1544984478124,1
3003,1544984479127,1
3003,1544984479127,1
3003,1544984479127,1
3003,1544984479127,1
3003,1544984480127,1
3003,1544984480127,1
3003,1544984480127,1
3003,1544984480127,1
3003,1544984481129,1
3003,1544984481129,1
3003,1544984481129,1
3003,1544984481129,1
3003,1544984482128,1
3003,1544984482129,1
3003,1544984482129,1
3003,1544984482129,1
3003,1544984483130,1
3003,1544984483130,1
3003,1544984483130,1
3003,1544984483130,1
3003,1544984484130,1
3003,1544984484130,1
3003,1544984484130,1
3003,1544984484131,1
3003,1544984485132,1
3003,1544984485132,1
3003,1544984485133,1
3003,1544984485133,1
3003,1544984486132,1
3003,1544984486133,1
3003,1544984486133,1
3003,1544984486133,1
3003,1544984487133,1
3003,1544984487133,1
3003,1544984487133,1
3003,1544984487133,1
3003,1544984488133,1
3003,1544984488134,1
3003,1544984488134,1
3003,1544984488134,1
3003,1544984489135,1
3003,1544984489135,1
3003,1544984489135,1
3003,1544984489135,1
3003,1544984490135,1
3003,1544984490135,1
3003,1544984490135,1
3003,1544984490135,1
3003,1544984491138,1
3003,1544984491138,1
3003,1544984491138,1
3003,1544984491138,1
3003,1544984492137,1
3003,1544984492138,1
3003,1544984492138,1
3003,1544984492138,1
3003,1544984493138,1
3003,1544984493138,1
3003,1544984493138,1
3003,1544984493138,1
3003,1544984494138,1
3003,1544984494139,1
3003,1544984494139,1
3003,1544984494139,1
3003,1544984495139,1
3003,1544984495139,1
3003,1544984495139,1
3003,1544984495139,1
3003,1544984496139,1
3003,1544984496140,1
3003,1544984496140,1
3003,1544984496140,1
3003,1544984497144,1
3003,1544984497144,1
3003,1544984497145,1
3003,1544984497145,1
3003,1544984498145,1
3003,1544984498145,1
3003,1544984498146,1
3003,1544984498146,1
3003,1544984499145,1
3003,1544984499145,1
3003,1544984499146,1
3003,1544984499146,1
3003,1544984500148,1
3003,1544984500149,1
3003,1544984500149,1
3003,1544984500149,1
3003,1544984501151,1
3003,1544984501151,1
3003,1544984501151,1
3003,1544984501151,1
3003,1544984502156,1
3003,1544984502156,1
3003,1544984502156,1
3003,1544984502156,1
3003,1544984503158,1
3003,1544984503159,1
3003,1544984503159,1
3003,1544984503159,1
3003,1544984504161,1
3003,1544984504161,1
3003,1544984504161,1
3003,1544984504161,1
3003,1544984505164,1
3003,1544984505165,1
3003,1544984505165,1
3003,1544984505165,1
3003,1544984506168,1
3003,1544984506168,1
3003,1544984506168,1
3003,1544984506169,1
3003,1544984507171,1
3003,1544984507171,1
3003,1544984507172,1
3003,1544984507172,1
3003,1544984508175,1
3003,1544984508176,1
3003,1544984508176,1
3003,1544984508176,1
3003,1544984509176,1
3003,1544984509177,1
3003,1544984509177,1
3003,1544984509177,1
3003,1544984510179,1
3003,1544984510180,1
3003,1544984510180,1
3003,1544984510180,1
3003,1544984511184,1
3003,1544984511184,1
3003,1544984511185,1
3003,1544984511185,1
3003,1544984512189,1
3003,1544984512189,1
3003,1544984512190,1
3003,1544984512190,1
3003,1544984513193,1
3003,1544984513194,1
3003,1544984513194,1
3003,1544984513194,1
3003,1544984514195,1
3003,1544984514195,1
3003,1544984514195,1
3003,1544984514195,1
3003,1544984515200,1
3003,1544984515201,1
3003,1544984515201,1
3003,1544984515201,1
3003,1544984516202,1
3003,1544984516202,1
3003,1544984516202,1
3003,1544984516202,1
3003,1544984517205,1
3003,1544984517206,1
3003,1544984517206,1
3003,1544984517206,1
3003,1544984518205,1
3003,1544984518206,1
3003,1544984518206,1
3003,1544984518206,1
3003,1544984519209,1
3003,1544984519209,1
3003,1544984519209,1
3003,1544984519209,1
3003,1544984520212,1
3003,1544984520213,1
3003,1544984520213,1
3003,1544984520213,1
3003,1544984521213,1
3003,1544984521213,1
3003,1544984521213,1
3003,1544984521213,1
3003,1544984522217,1
3003,1544984522217,1
3003,1544984522217,1
3003,1544984522217,1
3003,1544984523219,1
3003,1544984523220,1
3003,1544984523220,1
3003,1544984523220,1
3003,1544984524221,1
3003,1544984524221,1
3003,1544984524221,1
3003,1544984524222,1
3003,1544984525222,1
3003,1544984525223,1
3003,1544984525223,1
3003,1544984525223,1
3003,1544984526228,1
3003,1544984526228,1
3003,1544984526228,1
3003,1544984526228,1
3003,1544984527230,1
3003,1544984527231,1
3003,1544984527231,1
3003,1544984527231,1
3003,1544984528235,1
3003,1544984528235,1
3003,1544984528235,1
3003,1544984528235,1
3003,1544984529235,1
3003,1544984529235,1
3003,1544984529235,1
3003,1544984529235,1
3003,1544984530235,1
3003,1544984530235,1
3003,1544984530236,1
3003,1544984530236,1
3003,1544984531236,1
3003,1544984531236,1
3003,1544984531236,1
3003,1544984531236,1
3003,1544984532240,1
3003,1544984532240,1
3003,1544984532240,1
3003,1544984532241,1
3003,1544984533241,1
3003,1544984533241,1
3003,1544984533241,1
3003,1544984533241,1
3003,1544984534243,1
3003,1544984534243,1
3003,1544984534243,1
3003,1544984534244,1
3003,1544984535247,1
3003,1544984535247,1
3003,1544984535247,1
3003,1544984535247,1
3003,1544984536249,1
3003,1544984536249,1
3003,1544984536250,1
3003,1544984536250,1
3003,1544984537249,1
3003,1544984537250,1
3003,1544984537250,1
3003,1544984537250,1
3003,1544984538254,1
3003,1544984538254,1
3003,1544984538254,1
3003,1544984538254,1
3003,1544984539255,1
3003,1544984539256,1
3003,1544984539256,1
3003,1544984539256,1
3003,1544984540260,1
3003,1544984540260,1
3003,1544984540260,1
3003,1544984540260,1
3003,1544984541262,1
3003,1544984541263,1
3003,1544984541263,1
3003,1544984541263,1
3003,1544984542264,1
3003,1544984542264,1
3003,1544984542264,1
3003,1544984542265,1
3003,1544984543265,1
3003,1544984543265,1
3003,1544984543265,1
3003,1544984543265,1
3003,1544984544267,1
3003,1544984544267,1
3003,1544984544268,1
3003,1544984544268,1
3003,1544984545268,1
3003,1544984545269,1
3003,1544984545269,1
3003,1544984545269,1
3003,1544984546272,1
3003,1544984546273,1
3003,1544984546273,1
3003,1544984546273,1
3003,1544984547274,1
3003,1544984547274,1
3003,1544984547274,1
3003,1544984547274,1
3003,1544984548277,1
3003,1544984548277,1
3003,1544984548277,1
3003,1544984548277,1
3003,1544984549276,1
3003,1544984549277,1
3003,1544984549277,1
3003,1544984549277,1
3003,1544984550281,1
3003,1544984550281,1
3003,1544984550281,1
3003,1544984550282,1
3003,1544984551282,1
3003,1544984551283,1
3003,1544984551283,1
3003,1544984551283,1
3003,1544984552282,1
3003,1544984552283,1
3003,1544984552283,1
3003,1544984552283,1
3003,1544984553288,1
3003,1544984553288,1
3003,1544984553288,1
3003,1544984553288,1
3003,1544984554289,1
3003,1544984554289,1
3003,1544984554289,1
3003,1544984554289,1
3003,1544984555289,1
3003,1544984555289,1
3003,1544984555289,1
3003,1544984555289,1
3003,1544984556294,1
3003,1544984556294,1
3003,1544984556294,1
3003,1544984556294,1
3003,1544984557293,1
3003,1544984557293,1
3003,1544984557293,1
3003,1544984557294,1
3003,1544984558298,1
3003,1544984558298,1
3003,1544984558299,1
3003,1544984558299,1
3003,1544984559301,1
3003,1544984559302,1
3003,1544984559302,1
3003,1544984559302,1
3003,1544984560302,1
3003,1544984560302,1
3003,1544984560302,1
3003,1544984560302,1
3003,1544984561302,1
3003,1544984561302,1
3003,1544984561302,1
3003,1544984561302,1
3003,1544984562302,1
3003,1544984562302,1
3003,1544984562302,1
3003,1544984562302,1
3003,1544984563307,1
3003,1544984563307,1
3003,1544984563307,1
3003,1544984563307,1
3003,1544984564313,1
3003,1544984564313,1
3003,1544984564313,1
3003,1544984564313,1
3003,1544984565313,1
3003,1544984565314,1
3003,1544984565314,1
3003,1544984565314,1
3003,1544984566318,1
3003,1544984566319,1
3003,1544984566319,1
3003,1544984566319,1
3003,1544984567318,1
3003,1544984567319,1
3003,1544984567319,1
3003,1544984567319,1
3003,1544984568322,1
3003,1544984568322,1
3003,1544984568322,1
3003,1544984568323,1
3003,1544984569327,1
3003,1544984569327,1
3003,1544984569327,1
3003,1544984569327,1
3003,1544984570331,1
3003,1544984570332,1
3003,1544984570332,1
3003,1544984570332,1
3003,1544984571332,1
3003,1544984571332,1
3003,1544984571333,1
3003,1544984571333,1
3003,1544984572332,1
3003,1544984572332,1
3003,1544984572332,1
3003,1544984572332,1
3003,1544984573334,1
3003,1544984573334,1
3003,1544984573334,1
3003,1544984573335,1
3003,1544984574336,1
3003,1544984574336,1
3003,1544984574336,1
3003,1544984574336,1
3003,1544984575340,1
3003,1544984575340,1
3003,1544984575341,1
3003,1544984575341,1
3003,1544984576344,1
3003,1544984576344,1
3003,1544984576345,1
3003,1544984576345,1
3003,1544984577347,1
3003,1544984577348,1
3003,1544984577348,1
3003,1544984577348,1
3003,1544984578353,1
3003,1544984578353,1
3003,1544984578353,1
3003,1544984578353,1
3003,1544984579354,1
3003,1544984579354,1
3003,1544984579354,1
3003,1544984579355,1
3003,1544984580354,1
3003,1544984580355,1
3003,1544984580355,1
3003,1544984580355,1
3003,1544984581359,1
3003,1544984581360,1
3003,1544984581360,1
3003,1544984581360,1
3003,1544984582359,1
3003,1544984582359,1
3003,1544984582359,1
3003,1544984582360,1
3003,1544984583363,1
3003,1544984583363,1
3003,1544984583363,1
3003,1544984583363,1
3003,1544984584366,1
3003,1544984584366,1
3003,1544984584367,1
3003,1544984584367,1
3003,1544984585367,1
3003,1544984585367,1
3003,1544984585367,1
3003,1544984585367,1
3003,1544984586370,1
3003,1544984586371,1
3003,1544984586371,1
3003,1544984586371,1
3003,1544984587374,1
3003,1544984587374,1
3003,1544984587375,1
3003,1544984587375,1
3003,1544984588376,1
3003,1544984588377,1
3003,1544984588377,1
3003,1544984588377,1
3003,1544984589380,1
3003,1544984589381,1
3003,1544984589381,1
3003,1544984589381,1
3003,1544984590380,1
3003,1544984590381,1
3003,1544984590381,1
3003,1544984590381,1
3003,1544984591381,1
3003,1544984591381,1
3003,1544984591381,1
3003,1544984591382,1
3003,1544984592381,1
3003,1544984592381,1
3003,1544984592382,1
3003,1544984592382,1
3003,1544984593381,1
3003,1544984593381,1
3003,1544984593382,1
3003,1544984593382,1
3003,1544984594385,1
3003,1544984594386,1
3003,1544984594386,1
3003,1544984594386,1
3003,1544984595387,1
3003,1544984595387,1
3003,1544984595387,1
3003,1544984595387,1
3003,1544984596388,1
3003,1544984596388,1
3003,1544984596389,1
3003,1544984596389,1
3003,1544984597393,1
3003,1544984597393,1
3003,1544984597393,1
3003,1544984597393,1
3003,1544984598398,1
3003,1544984598398,1
3003,1544984598398,1
3003,1544984598398,1
3003,1544984599401,1
3003,1544984599401,1
3003,1544984599401,1
3003,1544984599402,1
3003,1544984600405,1
3003,1544984600405,1
3003,1544984600405,1
3003,1544984600405,1
3003,1544984601409,1
3003,1544984601409,1
3003,1544984601409,1
3003,1544984601409,1
3003,1544984602410,1
3003,1544984602410,1
3003,1544984602410,1
3003,1544984602410,1
3003,1544984603410,1
3003,1544984603410,1
3003,1544984603410,1
3003,1544984603410,1
3003,1544984604410,1
3003,1544984604410,1
3003,1544984604410,1
3003,1544984604410,1
3003,1544984605414,1
3003,1544984605414,1
3003,1544984605414,1
3003,1544984605415,1
3003,1544984606415,1
3003,1544984606416,1
3003,1544984606416,1
3003,1544984606416,1
3003,1544984607418,1
3003,1544984607418,1
3003,1544984607418,1
3003,1544984607418,1
3003,1544984608423,1
3003,1544984608423,1
3003,1544984608424,1
3003,1544984608424,1
3003,1544984609424,1
3003,1544984609425,1
3003,1544984609425,1
3003,1544984609425,1
3003,1544984610425,1
3003,1544984610425,1
3003,1544984610426,1
3003,1544984610426,1
3003,1544984611429,1
3003,1544984611430,1
3003,1544984611430,1
3003,1544984611430,1
3003,1544984612432,1
3003,1544984612433,1
3003,1544984612433,1
3003,1544984612433,1
3003,1544984613436,1
3003,1544984613437,1
3003,1544984613437,1
3003,1544984613437,1
3003,1544984614439,1
3003,1544984614439,1
3003,1544984614439,1
3003,1544984614439,1
3003,1544984615441,1
3003,1544984615442,1
3003,1544984615442,1
3003,1544984615442,1
3003,1544984616446,1
3003,1544984616446,1
3003,1544984616446,1
3003,1544984616446,1
3003,1544984617450,1
3003,1544984617450,1
3003,1544984617451,1
3003,1544984617451,1
3003,1544984618455,1
3003,1544984618455,1
3003,1544984618455,1
3003,1544984618456,1
3003,1544984619457,1
3003,1544984619458,1
3003,1544984619458,1
3003,1544984619458,1
3003,1544984620460,1
3003,1544984620460,1
3003,1544984620460,1
3003,1544984620461,1
3003,1544984621460,1
3003,1544984621460,1
3003,1544984621460,1
3003,1544984621460,1
3003,1544984622464,1
3003,1544984622464,1
3003,1544984622464,1
3003,1544984622464,1
3003,1544984623467,1
3003,1544984623468,1
3003,1544984623468,1
3003,1544984623468,1
3003,1544984624467,1
3003,1544984624468,1
3003,1544984624468,1
3003,1544984624468,1
3003,1544984625469,1
3003,1544984625469,1
3003,1544984625469,1
3003,1544984625470,1
3003,1544984626474,1
3003,1544984626474,1
3003,1544984626474,1
3003,1544984626474,1
3003,1544984627473,1
3003,1544984627473,1
3003,1544984627474,1
3003,1544984627474,1
3003,1544984628476,1
3003,1544984628476,1
3003,1544984628476,1
3003,1544984628476,1
3003,1544984629481,1
3003,1544984629481,1
3003,1544984629481,1
3003,1544984629481,1
3003,1544984630480,1
3003,1544984630481,1
3003,1544984630481,1
3003,1544984630481,1
3003,1544984631480,1
3003,1544984631480,1
3003,1544984631481,1
3003,1544984631481,1
3003,1544984632482,1
3003,1544984632483,1
3003,1544984632483,1
3003,1544984632483,1
