3007,1544984042225,1
3007,1544984042226,1
3007,1544984042226,1
3007,1544984042226,1
3007,1544984042226,1
3007,1544984042226,1
3007,1544984042226,1
3007,1544984042227,1
3007,1544984043227,1
3007,1544984043228,1
3007,1544984043228,1
3007,1544984043228,1
3007,1544984043228,1
3007,1544984043229,1
3007,1544984043229,1
3007,1544984043229,1
3007,1544984044228,1
3007,1544984044228,1
3007,1544984044229,1
3007,1544984044229,1
3007,1544984044229,1
3007,1544984044229,1
3007,1544984044229,1
3007,1544984044230,1
3007,1544984045228,1
3007,1544984045229,1
3007,1544984045229,1
3007,1544984045229,1
3007,1544984045229,1
3007,1544984045229,1
3007,1544984045230,1
3007,1544984045230,1
3007,1544984046228,1
3007,1544984046228,1
3007,1544984046228,1
3007,1544984046228,1
3007,1544984046228,1
3007,1544984046228,1
3007,1544984046229,1
3007,1544984046229,1
3007,1544984047228,1
3007,1544984047228,1
3007,1544984047228,1
3007,1544984047229,1
3007,1544984047229,1
3007,1544984047229,1
3007,1544984047230,1
3007,1544984047230,1
3007,1544984048230,1
3007,1544984048230,1
3007,1544984048230,1
3007,1544984048231,1
3007,1544984048231,1
3007,1544984048231,1
3007,1544984048232,1
3007,1544984048232,1
3007,1544984049230,1
3007,1544984049230,1
3007,1544984049230,1
3007,1544984049230,1
3007,1544984049231,1
3007,1544984049231,1
3007,1544984049231,1
3007,1544984049231,1
3007,1544984050235,1
3007,1544984050235,1
3007,1544984050236,1
3007,1544984050236,1
3007,1544984050236,1
3007,1544984050237,1
3007,1544984050237,1
3007,1544984050237,1
3007,1544984051237,1
3007,1544984051237,1
3007,1544984051237,1
3007,1544984051238,1
3007,1544984051238,1
3007,1544984051238,1
3007,1544984051239,1
3007,1544984051239,1
3007,1544984052241,1
3007,1544984052241,1
3007,1544984052242,1
3007,1544984052242,1
3007,1544984052242,1
3007,1544984052243,1
3007,1544984052243,1
3007,1544984052243,1
3007,1544984053241,1
3007,1544984053242,1
3007,1544984053242,1
3007,1544984053243,1
3007,1544984053243,1
3007,1544984053243,1
3007,1544984053244,1
3007,1544984053244,1
3007,1544984054243,1
3007,1544984054244,1
3007,1544984054244,1
3007,1544984054245,1
3007,1544984054245,1
3007,1544984054245,1
3007,1544984054245,1
3007,1544984054246,1
3007,1544984055245,1
3007,1544984055245,1
3007,1544984055246,1
3007,1544984055246,1
3007,1544984055246,1
3007,1544984055247,1
3007,1544984055247,1
3007,1544984055247,1
3007,1544984056247,1
3007,1544984056247,1
3007,1544984056248,1
3007,1544984056248,1
3007,1544984056248,1
3007,1544984056249,1
3007,1544984056249,1
3007,1544984056249,1
3007,1544984057250,1
3007,1544984057251,1
3007,1544984057251,1
3007,1544984057251,1
3007,1544984057252,1
3007,1544984057252,1
3007,1544984057253,1
3007,1544984057253,1
3007,1544984058254,1
3007,1544984058255,1
3007,1544984058255,1
3007,1544984058255,1
3007,1544984058255,1
3007,1544984058256,1
3007,1544984058256,1
3007,1544984058256,1
3007,1544984059259,1
3007,1544984059259,1
3007,1544984059259,1
3007,1544984059260,1
3007,1544984059260,1
3007,1544984059260,1
3007,1544984059260,1
3007,1544984059260,1
3007,1544984060260,1
3007,1544984060261,1
3007,1544984060261,1
3007,1544984060262,1
3007,1544984060262,1
3007,1544984060262,1
3007,1544984060262,1
3007,1544984060263,1
3007,1544984061263,1
3007,1544984061264,1
3007,1544984061264,1
3007,1544984061265,1
3007,1544984061265,1
3007,1544984061265,1
3007,1544984061266,1
3007,1544984061266,1
3007,1544984062266,1
3007,1544984062267,1
3007,1544984062267,1
3007,1544984062267,1
3007,1544984062268,1
3007,1544984062268,1
3007,1544984062268,1
3007,1544984062268,1
3007,1544984063266,1
3007,1544984063266,1
3007,1544984063267,1
3007,1544984063267,1
3007,1544984063267,1
3007,1544984063267,1
3007,1544984063267,1
3007,1544984063268,1
3007,1544984064270,1
3007,1544984064271,1
3007,1544984064271,1
3007,1544984064271,1
3007,1544984064271,1
3007,1544984064271,1
3007,1544984064271,1
3007,1544984064271,1
3007,1544984065270,1
3007,1544984065271,1
3007,1544984065271,1
3007,1544984065271,1
3007,1544984065271,1
3007,1544984065271,1
3007,1544984065272,1
3007,1544984065272,1
3007,1544984066271,1
3007,1544984066272,1
3007,1544984066272,1
3007,1544984066272,1
3007,1544984066273,1
3007,1544984066273,1
3007,1544984066273,1
3007,1544984066273,1
3007,1544984067274,1
3007,1544984067275,1
3007,1544984067275,1
3007,1544984067276,1
3007,1544984067276,1
3007,1544984067276,1
3007,1544984067277,1
3007,1544984067277,1
3007,1544984068274,1
3007,1544984068274,1
3007,1544984068274,1
3007,1544984068274,1
3007,1544984068275,1
3007,1544984068275,1
3007,1544984068275,1
3007,1544984068275,1
3007,1544984069278,1
3007,1544984069278,1
3007,1544984069278,1
3007,1544984069278,1
3007,1544984069278,1
3007,1544984069279,1
3007,1544984069279,1
3007,1544984069279,1
3007,1544984070283,1
3007,1544984070283,1
3007,1544984070284,1
3007,1544984070284,1
3007,1544984070284,1
3007,1544984070285,1
3007,1544984070285,1
3007,1544984070285,1
3007,1544984071286,1
3007,1544984071287,1
3007,1544984071288,1
3007,1544984071288,1
3007,1544984071288,1
3007,1544984071288,1
3007,1544984071289,1
3007,1544984071289,1
3007,1544984072287,1
3007,1544984072288,1
3007,1544984072288,1
3007,1544984072288,1
3007,1544984072288,1
3007,1544984072289,1
3007,1544984072290,1
3007,1544984072290,1
3007,1544984073287,1
3007,1544984073287,1
3007,1544984073288,1
3007,1544984073288,1
3007,1544984073288,1
3007,1544984073288,1
3007,1544984073288,1
3007,1544984073289,1
3007,1544984074291,1
3007,1544984074291,1
3007,1544984074291,1
3007,1544984074292,1
3007,1544984074292,1
3007,1544984074292,1
3007,1544984074293,1
3007,1544984074293,1
3007,1544984075293,1
3007,1544984075293,1
3007,1544984075293,1
3007,1544984075293,1
3007,1544984075293,1
3007,1544984075293,1
3007,1544984075294,1
3007,1544984075294,1
3007,1544984076293,1
3007,1544984076294,1
3007,1544984076294,1
3007,1544984076294,1
3007,1544984076295,1
3007,1544984076295,1
3007,1544984076295,1
3007,1544984076295,1
3007,1544984077296,1
3007,1544984077296,1
3007,1544984077297,1
3007,1544984077297,1
3007,1544984077297,1
3007,1544984077297,1
3007,1544984077297,1
3007,1544984077298,1
3007,1544984078296,1
3007,1544984078296,1
3007,1544984078297,1
3007,1544984078297,1
3007,1544984078297,1
3007,1544984078297,1
3007,1544984078297,1
3007,1544984078297,1
3007,1544984079300,1
3007,1544984079301,1
3007,1544984079301,1
3007,1544984079301,1
3007,1544984079302,1
3007,1544984079302,1
3007,1544984079302,1
3007,1544984079303,1
3007,1544984080303,1
3007,1544984080303,1
3007,1544984080304,1
3007,1544984080304,1
3007,1544984080304,1
3007,1544984080304,1
3007,1544984080304,1
3007,1544984080304,1
3007,1544984081309,1
3007,1544984081309,1
3007,1544984081309,1
3007,1544984081310,1
3007,1544984081310,1
3007,1544984081310,1
3007,1544984081310,1
3007,1544984081311,1
3007,1544984082311,1
3007,1544984082312,1
3007,1544984082312,1
3007,1544984082312,1
3007,1544984082313,1
3007,1544984082313,1
3007,1544984082313,1
3007,1544984082313,1
3007,1544984083314,1
3007,1544984083314,1
3007,1544984083314,1
3007,1544984083314,1
3007,1544984083314,1
3007,1544984083314,1
3007,1544984083315,1
3007,1544984083315,1
3007,1544984084313,1
3007,1544984084313,1
3007,1544984084313,1
3007,1544984084314,1
3007,1544984084314,1
3007,1544984084314,1
3007,1544984084314,1
3007,1544984084314,1
3007,1544984085314,1
3007,1544984085314,1
3007,1544984085315,1
3007,1544984085315,1
3007,1544984085315,1
3007,1544984085315,1
3007,1544984085315,1
3007,1544984085315,1
3007,1544984086316,1
3007,1544984086316,1
3007,1544984086317,1
3007,1544984086317,1
3007,1544984086317,1
3007,1544984086317,1
3007,1544984086318,1
3007,1544984086318,1
3007,1544984087319,1
3007,1544984087319,1
3007,1544984087320,1
3007,1544984087320,1
3007,1544984087320,1
3007,1544984087320,1
3007,1544984087320,1
3007,1544984087320,1
3007,1544984088321,1
3007,1544984088321,1
3007,1544984088322,1
3007,1544984088322,1
3007,1544984088322,1
3007,1544984088322,1
3007,1544984088322,1
3007,1544984088323,1
3007,1544984089326,1
3007,1544984089326,1
3007,1544984089327,1
3007,1544984089327,1
3007,1544984089327,1
3007,1544984089328,1
3007,1544984089328,1
3007,1544984089328,1
3007,1544984090326,1
3007,1544984090326,1
3007,1544984090326,1
3007,1544984090327,1
3007,1544984090327,1
3007,1544984090327,1
3007,1544984090327,1
3007,1544984090327,1
3007,1544984091327,1
3007,1544984091327,1
3007,1544984091327,1
3007,1544984091327,1
3007,1544984091327,1
3007,1544984091328,1
3007,1544984091328,1
3007,1544984091328,1
3007,1544984092333,1
3007,1544984092333,1
3007,1544984092334,1
3007,1544984092334,1
3007,1544984092334,1
3007,1544984092334,1
3007,1544984092335,1
3007,1544984092335,1
3007,1544984093333,1
3007,1544984093333,1
3007,1544984093333,1
3007,1544984093333,1
3007,1544984093333,1
3007,1544984093334,1
3007,1544984093334,1
3007,1544984093334,1
3007,1544984094335,1
3007,1544984094336,1
3007,1544984094336,1
3007,1544984094336,1
3007,1544984094336,1
3007,1544984094337,1
3007,1544984094337,1
3007,1544984094337,1
3007,1544984095336,1
3007,1544984095337,1
3007,1544984095337,1
3007,1544984095337,1
3007,1544984095337,1
3007,1544984095338,1
3007,1544984095338,1
3007,1544984095338,1
3007,1544984096341,1
3007,1544984096345,1
3007,1544984096346,1
3007,1544984096346,1
3007,1544984096346,1
3007,1544984096347,1
3007,1544984096347,1
3007,1544984096347,1
3007,1544984097344,1
3007,1544984097344,1
3007,1544984097344,1
3007,1544984097345,1
3007,1544984097345,1
3007,1544984097345,1
3007,1544984097345,1
3007,1544984097346,1
3007,1544984098348,1
3007,1544984098348,1
3007,1544984098349,1
3007,1544984098349,1
3007,1544984098349,1
3007,1544984098350,1
3007,1544984098350,1
3007,1544984098350,1
3007,1544984099352,1
3007,1544984099353,1
3007,1544984099353,1
3007,1544984099353,1
3007,1544984099353,1
3007,1544984099354,1
3007,1544984099354,1
3007,1544984099355,1
3007,1544984100356,1
3007,1544984100357,1
3007,1544984100357,1
3007,1544984100357,1
3007,1544984100357,1
3007,1544984100357,1
3007,1544984100357,1
3007,1544984100357,1
3007,1544984101357,1
3007,1544984101358,1
3007,1544984101358,1
3007,1544984101358,1
3007,1544984101359,1
3007,1544984101359,1
3007,1544984101359,1
3007,1544984101359,1
3007,1544984102361,1
3007,1544984102362,1
3007,1544984102362,1
3007,1544984102362,1
3007,1544984102362,1
3007,1544984102362,1
3007,1544984102363,1
3007,1544984102363,1
3007,1544984103363,1
3007,1544984103364,1
3007,1544984103364,1
3007,1544984103364,1
3007,1544984103365,1
3007,1544984103365,1
3007,1544984103365,1
3007,1544984103365,1
3007,1544984104369,1
3007,1544984104369,1
3007,1544984104369,1
3007,1544984104370,1
3007,1544984104371,1
3007,1544984104371,1
3007,1544984104371,1
3007,1544984104371,1
3007,1544984105372,1
3007,1544984105372,1
3007,1544984105372,1
3007,1544984105373,1
3007,1544984105373,1
3007,1544984105374,1
3007,1544984105374,1
3007,1544984105375,1
3007,1544984106372,1
3007,1544984106373,1
3007,1544984106373,1
3007,1544984106373,1
3007,1544984106373,1
3007,1544984106373,1
3007,1544984106373,1
3007,1544984106373,1
3007,1544984107373,1
3007,1544984107373,1
3007,1544984107373,1
3007,1544984107373,1
3007,1544984107373,1
3007,1544984107374,1
3007,1544984107374,1
3007,1544984107374,1
3007,1544984108374,1
3007,1544984108374,1
3007,1544984108375,1
3007,1544984108375,1
3007,1544984108375,1
3007,1544984108375,1
3007,1544984108376,1
3007,1544984108376,1
3007,1544984109377,1
3007,1544984109377,1
3007,1544984109378,1
3007,1544984109378,1
3007,1544984109378,1
3007,1544984109378,1
3007,1544984109379,1
3007,1544984109379,1
3007,1544984110379,1
3007,1544984110379,1
3007,1544984110380,1
3007,1544984110380,1
3007,1544984110380,1
3007,1544984110380,1
3007,1544984110380,1
3007,1544984110381,1
3007,1544984111382,1
3007,1544984111382,1
3007,1544984111383,1
3007,1544984111383,1
3007,1544984111383,1
3007,1544984111383,1
3007,1544984111383,1
3007,1544984111384,1
3007,1544984112383,1
3007,1544984112383,1
3007,1544984112383,1
3007,1544984112383,1
3007,1544984112383,1
3007,1544984112383,1
3007,1544984112384,1
3007,1544984112384,1
3007,1544984113388,1
3007,1544984113388,1
3007,1544984113389,1
3007,1544984113389,1
3007,1544984113389,1
3007,1544984113389,1
3007,1544984113389,1
3007,1544984113390,1
3007,1544984114392,1
3007,1544984114392,1
3007,1544984114392,1
3007,1544984114393,1
3007,1544984114394,1
3007,1544984114394,1
3007,1544984114394,1
3007,1544984114394,1
3007,1544984115392,1
3007,1544984115392,1
3007,1544984115392,1
3007,1544984115393,1
3007,1544984115393,1
3007,1544984115393,1
3007,1544984115393,1
3007,1544984115393,1
3007,1544984116395,1
3007,1544984116395,1
3007,1544984116396,1
3007,1544984116396,1
3007,1544984116396,1
3007,1544984116396,1
3007,1544984116397,1
3007,1544984116397,1
3007,1544984117399,1
3007,1544984117400,1
3007,1544984117400,1
3007,1544984117400,1
3007,1544984117400,1
3007,1544984117400,1
3007,1544984117401,1
3007,1544984117401,1
3007,1544984118401,1
3007,1544984118402,1
3007,1544984118402,1
3007,1544984118404,1
3007,1544984118404,1
3007,1544984118404,1
3007,1544984118405,1
3007,1544984118405,1
3007,1544984119401,1
3007,1544984119402,1
3007,1544984119402,1
3007,1544984119402,1
3007,1544984119403,1
3007,1544984119403,1
3007,1544984119403,1
3007,1544984119403,1
3007,1544984120406,1
3007,1544984120406,1
3007,1544984120407,1
3007,1544984120407,1
3007,1544984120407,1
3007,1544984120407,1
3007,1544984120407,1
3007,1544984120408,1
3007,1544984121407,1
3007,1544984121408,1
3007,1544984121408,1
3007,1544984121408,1
3007,1544984121408,1
3007,1544984121408,1
3007,1544984121409,1
3007,1544984121409,1
3007,1544984122407,1
3007,1544984122407,1
3007,1544984122407,1
3007,1544984122407,1
3007,1544984122407,1
3007,1544984122407,1
3007,1544984122407,1
3007,1544984122407,1
3007,1544984123407,1
3007,1544984123408,1
3007,1544984123408,1
3007,1544984123408,1
3007,1544984123408,1
3007,1544984123409,1
3007,1544984123409,1
3007,1544984123409,1
3007,1544984124411,1
3007,1544984124411,1
3007,1544984124411,1
3007,1544984124412,1
3007,1544984124412,1
3007,1544984124412,1
3007,1544984124413,1
3007,1544984124413,1
3007,1544984125415,1
3007,1544984125416,1
3007,1544984125416,1
3007,1544984125416,1
3007,1544984125416,1
3007,1544984125417,1
3007,1544984125417,1
3007,1544984125417,1
3007,1544984126419,1
3007,1544984126420,1
3007,1544984126420,1
3007,1544984126420,1
3007,1544984126420,1
3007,1544984126420,1
3007,1544984126420,1
3007,1544984126420,1
3007,1544984127422,1
3007,1544984127423,1
3007,1544984127423,1
3007,1544984127423,1
3007,1544984127423,1
3007,1544984127424,1
3007,1544984127424,1
3007,1544984127424,1
3007,1544984128428,1
3007,1544984128428,1
3007,1544984128429,1
3007,1544984128429,1
3007,1544984128429,1
3007,1544984128429,1
3007,1544984128429,1
3007,1544984128430,1
3007,1544984129433,1
3007,1544984129434,1
3007,1544984129434,1
3007,1544984129434,1
3007,1544984129435,1
3007,1544984129436,1
3007,1544984129436,1
3007,1544984129436,1
3007,1544984130436,1
3007,1544984130436,1
3007,1544984130437,1
3007,1544984130437,1
3007,1544984130437,1
3007,1544984130437,1
3007,1544984130437,1
3007,1544984130437,1
3007,1544984131440,1
3007,1544984131440,1
3007,1544984131440,1
3007,1544984131440,1
3007,1544984131441,1
3007,1544984131441,1
3007,1544984131441,1
3007,1544984131441,1
3007,1544984132445,1
3007,1544984132445,1
3007,1544984132445,1
3007,1544984132446,1
3007,1544984132446,1
3007,1544984132446,1
3007,1544984132446,1
3007,1544984132446,1
3007,1544984133447,1
3007,1544984133449,1
3007,1544984133449,1
3007,1544984133449,1
3007,1544984133449,1
3007,1544984133449,1
3007,1544984133450,1
3007,1544984133450,1
3007,1544984134451,1
3007,1544984134451,1
3007,1544984134451,1
3007,1544984134451,1
3007,1544984134451,1
3007,1544984134452,1
3007,1544984134452,1
3007,1544984134452,1
3007,1544984135453,1
3007,1544984135454,1
3007,1544984135454,1
3007,1544984135454,1
3007,1544984135455,1
3007,1544984135455,1
3007,1544984135455,1
3007,1544984135455,1
3007,1544984136457,1
3007,1544984136457,1
3007,1544984136458,1
3007,1544984136458,1
3007,1544984136458,1
3007,1544984136458,1
3007,1544984136458,1
3007,1544984136459,1
3007,1544984137460,1
3007,1544984137460,1
3007,1544984137460,1
3007,1544984137461,1
3007,1544984137461,1
3007,1544984137461,1
3007,1544984137461,1
3007,1544984137461,1
3007,1544984138461,1
3007,1544984138462,1
3007,1544984138462,1
3007,1544984138462,1
3007,1544984138463,1
3007,1544984138463,1
3007,1544984138463,1
3007,1544984138463,1
3007,1544984139461,1
3007,1544984139461,1
3007,1544984139461,1
3007,1544984139461,1
3007,1544984139462,1
3007,1544984139462,1
3007,1544984139462,1
3007,1544984139463,1
3007,1544984140466,1
3007,1544984140467,1
3007,1544984140467,1
3007,1544984140467,1
3007,1544984140467,1
3007,1544984140468,1
3007,1544984140468,1
3007,1544984140468,1
3007,1544984141467,1
3007,1544984141467,1
3007,1544984141467,1
3007,1544984141467,1
3007,1544984141467,1
3007,1544984141467,1
3007,1544984141468,1
3007,1544984141468,1
3007,1544984142467,1
3007,1544984142467,1
3007,1544984142467,1
3007,1544984142467,1
3007,1544984142467,1
3007,1544984142468,1
3007,1544984142468,1
3007,1544984142468,1
3007,1544984143467,1
3007,1544984143467,1
3007,1544984143467,1
3007,1544984143467,1
3007,1544984143468,1
3007,1544984143468,1
3007,1544984143468,1
3007,1544984143468,1
3007,1544984144467,1
3007,1544984144467,1
3007,1544984144467,1
3007,1544984144467,1
3007,1544984144467,1
3007,1544984144468,1
3007,1544984144468,1
3007,1544984144468,1
3007,1544984145471,1
3007,1544984145471,1
3007,1544984145471,1
3007,1544984145471,1
3007,1544984145472,1
3007,1544984145472,1
3007,1544984145472,1
3007,1544984145472,1
3007,1544984146475,1
3007,1544984146476,1
3007,1544984146476,1
3007,1544984146476,1
3007,1544984146476,1
3007,1544984146476,1
3007,1544984146477,1
3007,1544984146477,1
3007,1544984147479,1
3007,1544984147479,1
3007,1544984147480,1
3007,1544984147480,1
3007,1544984147480,1
3007,1544984147480,1
3007,1544984147480,1
3007,1544984147481,1
3007,1544984148478,1
3007,1544984148479,1
3007,1544984148479,1
3007,1544984148479,1
3007,1544984148480,1
3007,1544984148480,1
3007,1544984148480,1
3007,1544984148480,1
3007,1544984149479,1
3007,1544984149479,1
3007,1544984149479,1
3007,1544984149480,1
3007,1544984149480,1
3007,1544984149480,1
3007,1544984149480,1
3007,1544984149480,1
3007,1544984150483,1
3007,1544984150483,1
3007,1544984150483,1
3007,1544984150484,1
3007,1544984150484,1
3007,1544984150484,1
3007,1544984150484,1
3007,1544984150484,1
3007,1544984151484,1
3007,1544984151485,1
3007,1544984151485,1
3007,1544984151485,1
3007,1544984151485,1
3007,1544984151486,1
3007,1544984151486,1
3007,1544984151486,1
3007,1544984152485,1
3007,1544984152485,1
3007,1544984152485,1
3007,1544984152485,1
3007,1544984152485,1
3007,1544984152485,1
3007,1544984152485,1
3007,1544984152485,1
3007,1544984153487,1
3007,1544984153487,1
3007,1544984153488,1
3007,1544984153488,1
3007,1544984153488,1
3007,1544984153488,1
3007,1544984153489,1
3007,1544984153489,1
3007,1544984154491,1
3007,1544984154491,1
3007,1544984154492,1
3007,1544984154492,1
3007,1544984154492,1
3007,1544984154492,1
3007,1544984154492,1
3007,1544984154492,1
3007,1544984155496,1
3007,1544984155496,1
3007,1544984155496,1
3007,1544984155496,1
3007,1544984155497,1
3007,1544984155497,1
3007,1544984155497,1
3007,1544984155497,1
3007,1544984156500,1
3007,1544984156500,1
3007,1544984156500,1
3007,1544984156500,1
3007,1544984156500,1
3007,1544984156500,1
3007,1544984156501,1
3007,1544984156501,1
3007,1544984157503,1
3007,1544984157504,1
3007,1544984157504,1
3007,1544984157504,1
3007,1544984157505,1
3007,1544984157505,1
3007,1544984157505,1
3007,1544984157505,1
3007,1544984158506,1
3007,1544984158507,1
3007,1544984158507,1
3007,1544984158507,1
3007,1544984158507,1
3007,1544984158508,1
3007,1544984158508,1
3007,1544984158508,1
3007,1544984159507,1
3007,1544984159507,1
3007,1544984159508,1
3007,1544984159508,1
3007,1544984159508,1
3007,1544984159508,1
3007,1544984159508,1
3007,1544984159510,1
3007,1544984160509,1
3007,1544984160510,1
3007,1544984160510,1
3007,1544984160510,1
3007,1544984160510,1
3007,1544984160511,1
3007,1544984160511,1
3007,1544984160511,1
3007,1544984161509,1
3007,1544984161510,1
3007,1544984161510,1
3007,1544984161510,1
3007,1544984161510,1
3007,1544984161511,1
3007,1544984161511,1
3007,1544984161511,1
3007,1544984162513,1
3007,1544984162514,1
3007,1544984162514,1
3007,1544984162514,1
3007,1544984162514,1
3007,1544984162515,1
3007,1544984162515,1
3007,1544984162515,1
3007,1544984163516,1
3007,1544984163516,1
3007,1544984163516,1
3007,1544984163516,1
3007,1544984163516,1
3007,1544984163517,1
3007,1544984163517,1
3007,1544984163517,1
3007,1544984164520,1
3007,1544984164520,1
3007,1544984164520,1
3007,1544984164520,1
3007,1544984164520,1
3007,1544984164521,1
3007,1544984164521,1
3007,1544984164521,1
3007,1544984165520,1
3007,1544984165521,1
3007,1544984165521,1
3007,1544984165521,1
3007,1544984165521,1
3007,1544984165522,1
3007,1544984165522,1
3007,1544984165522,1
3007,1544984166522,1
3007,1544984166522,1
3007,1544984166523,1
3007,1544984166523,1
3007,1544984166523,1
3007,1544984166523,1
3007,1544984166523,1
3007,1544984166524,1
3007,1544984167522,1
3007,1544984167522,1
3007,1544984167522,1
3007,1544984167522,1
3007,1544984167522,1
3007,1544984167524,1
3007,1544984167524,1
3007,1544984167524,1
3007,1544984168522,1
3007,1544984168522,1
3007,1544984168522,1
3007,1544984168523,1
3007,1544984168523,1
3007,1544984168523,1
3007,1544984168523,1
3007,1544984168523,1
3007,1544984169526,1
3007,1544984169527,1
3007,1544984169528,1
3007,1544984169529,1
3007,1544984169530,1
3007,1544984169531,1
3007,1544984169532,1
3007,1544984169534,1
3007,1544984170529,1
3007,1544984170529,1
3007,1544984170529,1
3007,1544984170529,1
3007,1544984170530,1
3007,1544984170530,1
3007,1544984170530,1
3007,1544984170530,1
3007,1544984171529,1
3007,1544984171529,1
3007,1544984171529,1
3007,1544984171529,1
3007,1544984171529,1
3007,1544984171530,1
3007,1544984171530,1
3007,1544984171530,1
3007,1544984172532,1
3007,1544984172533,1
3007,1544984172533,1
3007,1544984172533,1
3007,1544984172533,1
3007,1544984172534,1
3007,1544984172534,1
3007,1544984172534,1
3007,1544984173534,1
3007,1544984173535,1
3007,1544984173535,1
3007,1544984173535,1
3007,1544984173535,1
3007,1544984173536,1
3007,1544984173536,1
3007,1544984173536,1
3007,1544984174537,1
3007,1544984174537,1
3007,1544984174537,1
3007,1544984174538,1
3007,1544984174538,1
3007,1544984174538,1
3007,1544984174538,1
3007,1544984174538,1
3007,1544984175538,1
3007,1544984175538,1
3007,1544984175538,1
3007,1544984175538,1
3007,1544984175538,1
3007,1544984175538,1
3007,1544984175538,1
3007,1544984175539,1
3007,1544984176540,1
3007,1544984176541,1
3007,1544984176541,1
3007,1544984176541,1
3007,1544984176541,1
3007,1544984176541,1
3007,1544984176541,1
3007,1544984176542,1
3007,1544984177544,1
3007,1544984177544,1
3007,1544984177544,1
3007,1544984177544,1
3007,1544984177545,1
3007,1544984177545,1
3007,1544984177545,1
3007,1544984177545,1
3007,1544984178549,1
3007,1544984178549,1
3007,1544984178549,1
3007,1544984178550,1
3007,1544984178550,1
3007,1544984178550,1
3007,1544984178550,1
3007,1544984178550,1
3007,1544984179552,1
3007,1544984179552,1
3007,1544984179553,1
3007,1544984179553,1
3007,1544984179553,1
3007,1544984179553,1
3007,1544984179554,1
3007,1544984179554,1
3007,1544984180556,1
3007,1544984180557,1
3007,1544984180557,1
3007,1544984180557,1
3007,1544984180557,1
3007,1544984180557,1
3007,1544984180557,1
3007,1544984180558,1
3007,1544984181558,1
3007,1544984181558,1
3007,1544984181558,1
3007,1544984181559,1
3007,1544984181559,1
3007,1544984181559,1
3007,1544984181559,1
3007,1544984181559,1
3007,1544984182563,1
3007,1544984182563,1
3007,1544984182563,1
3007,1544984182563,1
3007,1544984182563,1
3007,1544984182563,1
3007,1544984182563,1
3007,1544984182564,1
3007,1544984183565,1
3007,1544984183565,1
3007,1544984183565,1
3007,1544984183565,1
3007,1544984183566,1
3007,1544984183567,1
3007,1544984183567,1
3007,1544984183567,1
3007,1544984184567,1
3007,1544984184568,1
3007,1544984184568,1
3007,1544984184568,1
3007,1544984184568,1
3007,1544984184568,1
3007,1544984184568,1
3007,1544984184569,1
3007,1544984185570,1
3007,1544984185570,1
3007,1544984185570,1
3007,1544984185571,1
3007,1544984185571,1
3007,1544984185571,1
3007,1544984185571,1
3007,1544984185571,1
3007,1544984186573,1
3007,1544984186573,1
3007,1544984186574,1
3007,1544984186574,1
3007,1544984186574,1
3007,1544984186574,1
3007,1544984186574,1
3007,1544984186575,1
3007,1544984187573,1
3007,1544984187573,1
3007,1544984187573,1
3007,1544984187573,1
3007,1544984187573,1
3007,1544984187573,1
3007,1544984187573,1
3007,1544984187574,1
3007,1544984188577,1
3007,1544984188577,1
3007,1544984188577,1
3007,1544984188577,1
3007,1544984188578,1
3007,1544984188578,1
3007,1544984188578,1
3007,1544984188578,1
3007,1544984189576,1
3007,1544984189577,1
3007,1544984189577,1
3007,1544984189577,1
3007,1544984189577,1
3007,1544984189577,1
3007,1544984189577,1
3007,1544984189577,1
3007,1544984190577,1
3007,1544984190578,1
3007,1544984190578,1
3007,1544984190580,1
3007,1544984190580,1
3007,1544984190580,1
3007,1544984190580,1
3007,1544984190580,1
3007,1544984191579,1
3007,1544984191580,1
3007,1544984191580,1
3007,1544984191580,1
3007,1544984191580,1
3007,1544984191580,1
3007,1544984191580,1
3007,1544984191580,1
3007,1544984192583,1
3007,1544984192584,1
3007,1544984192584,1
3007,1544984192584,1
3007,1544984192584,1
3007,1544984192585,1
3007,1544984192585,1
3007,1544984192585,1
3007,1544984193587,1
3007,1544984193587,1
3007,1544984193587,1
3007,1544984193587,1
3007,1544984193587,1
3007,1544984193588,1
3007,1544984193588,1
3007,1544984193588,1
3007,1544984194590,1
3007,1544984194594,1
3007,1544984194596,1
3007,1544984194599,1
3007,1544984194601,1
3007,1544984194603,1
3007,1544984194604,1
3007,1544984194606,1
3007,1544984195592,1
3007,1544984195592,1
3007,1544984195593,1
3007,1544984195593,1
3007,1544984195593,1
3007,1544984195593,1
3007,1544984195593,1
3007,1544984195593,1
3007,1544984196598,1
3007,1544984196601,1
3007,1544984196601,1
3007,1544984196601,1
3007,1544984196601,1
3007,1544984196601,1
3007,1544984196602,1
3007,1544984196602,1
3007,1544984197599,1
3007,1544984197599,1
3007,1544984197599,1
3007,1544984197599,1
3007,1544984197599,1
3007,1544984197600,1
3007,1544984197600,1
3007,1544984197600,1
3007,1544984198599,1
3007,1544984198599,1
3007,1544984198599,1
3007,1544984198600,1
3007,1544984198600,1
3007,1544984198600,1
3007,1544984198600,1
3007,1544984198600,1
3007,1544984199605,1
3007,1544984199605,1
3007,1544984199605,1
3007,1544984199606,1
3007,1544984199606,1
3007,1544984199607,1
3007,1544984199607,1
3007,1544984199607,1
3007,1544984200606,1
3007,1544984200606,1
3007,1544984200607,1
3007,1544984200607,1
3007,1544984200607,1
3007,1544984200607,1
3007,1544984200607,1
3007,1544984200608,1
3007,1544984201606,1
3007,1544984201606,1
3007,1544984201607,1
3007,1544984201607,1
3007,1544984201607,1
3007,1544984201607,1
3007,1544984201607,1
3007,1544984201607,1
3007,1544984202612,1
3007,1544984202612,1
3007,1544984202612,1
3007,1544984202612,1
3007,1544984202612,1
3007,1544984202613,1
3007,1544984202613,1
3007,1544984202613,1
3007,1544984203614,1
3007,1544984203615,1
3007,1544984203615,1
3007,1544984203616,1
3007,1544984203616,1
3007,1544984203616,1
3007,1544984203616,1
3007,1544984203616,1
3007,1544984204614,1
3007,1544984204615,1
3007,1544984204615,1
3007,1544984204615,1
3007,1544984204615,1
3007,1544984204615,1
3007,1544984204615,1
3007,1544984204615,1
3007,1544984205615,1
3007,1544984205616,1
3007,1544984205616,1
3007,1544984205616,1
3007,1544984205616,1
3007,1544984205617,1
3007,1544984205619,1
3007,1544984205619,1
3007,1544984206615,1
3007,1544984206616,1
3007,1544984206616,1
3007,1544984206617,1
3007,1544984206618,1
3007,1544984206618,1
3007,1544984206620,1
3007,1544984206621,1
3007,1544984207616,1
3007,1544984207616,1
3007,1544984207617,1
3007,1544984207617,1
3007,1544984207617,1
3007,1544984207617,1
3007,1544984207617,1
3007,1544984207618,1
3007,1544984208616,1
3007,1544984208616,1
3007,1544984208616,1
3007,1544984208616,1
3007,1544984208617,1
3007,1544984208617,1
3007,1544984208617,1
3007,1544984208617,1
3007,1544984209621,1
3007,1544984209622,1
3007,1544984209622,1
3007,1544984209622,1
3007,1544984209622,1
3007,1544984209622,1
3007,1544984209623,1
3007,1544984209623,1
3007,1544984210623,1
3007,1544984210624,1
3007,1544984210624,1
3007,1544984210624,1
3007,1544984210624,1
3007,1544984210624,1
3007,1544984210624,1
3007,1544984210625,1
3007,1544984211625,1
3007,1544984211625,1
3007,1544984211626,1
3007,1544984211626,1
3007,1544984211626,1
3007,1544984211626,1
3007,1544984211626,1
3007,1544984211626,1
3007,1544984212629,1
3007,1544984212630,1
3007,1544984212630,1
3007,1544984212630,1
3007,1544984212630,1
3007,1544984212630,1
3007,1544984212630,1
3007,1544984212630,1
3007,1544984213632,1
3007,1544984213632,1
3007,1544984213632,1
3007,1544984213632,1
3007,1544984213632,1
3007,1544984213632,1
3007,1544984213632,1
3007,1544984213633,1
3007,1544984214632,1
3007,1544984214632,1
3007,1544984214632,1
3007,1544984214632,1
3007,1544984214632,1
3007,1544984214633,1
3007,1544984214633,1
3007,1544984214633,1
3007,1544984215631,1
3007,1544984215632,1
3007,1544984215632,1
3007,1544984215632,1
3007,1544984215632,1
3007,1544984215632,1
3007,1544984215632,1
3007,1544984215632,1
3007,1544984216632,1
3007,1544984216632,1
3007,1544984216632,1
3007,1544984216632,1
3007,1544984216633,1
3007,1544984216633,1
3007,1544984216633,1
3007,1544984216633,1
3007,1544984217635,1
3007,1544984217635,1
3007,1544984217635,1
3007,1544984217635,1
3007,1544984217635,1
3007,1544984217636,1
3007,1544984217636,1
3007,1544984217636,1
3007,1544984218639,1
3007,1544984218640,1
3007,1544984218640,1
3007,1544984218640,1
3007,1544984218640,1
3007,1544984218640,1
3007,1544984218641,1
3007,1544984218641,1
3007,1544984219643,1
3007,1544984219644,1
3007,1544984219644,1
3007,1544984219644,1
3007,1544984219644,1
3007,1544984219644,1
3007,1544984219644,1
3007,1544984219644,1
3007,1544984220647,1
3007,1544984220647,1
3007,1544984220647,1
3007,1544984220648,1
3007,1544984220648,1
3007,1544984220648,1
3007,1544984220648,1
3007,1544984220648,1
3007,1544984221652,1
3007,1544984221653,1
3007,1544984221653,1
3007,1544984221653,1
3007,1544984221653,1
3007,1544984221653,1
3007,1544984221654,1
3007,1544984221654,1
3007,1544984222652,1
3007,1544984222653,1
3007,1544984222653,1
3007,1544984222653,1
3007,1544984222653,1
3007,1544984222653,1
3007,1544984222654,1
3007,1544984222654,1
3007,1544984223653,1
3007,1544984223653,1
3007,1544984223653,1
3007,1544984223654,1
3007,1544984223654,1
3007,1544984223654,1
3007,1544984223654,1
3007,1544984223654,1
3007,1544984224653,1
3007,1544984224653,1
3007,1544984224654,1
3007,1544984224654,1
3007,1544984224654,1
3007,1544984224654,1
3007,1544984224654,1
3007,1544984224654,1
3007,1544984225657,1
3007,1544984225658,1
3007,1544984225658,1
3007,1544984225658,1
3007,1544984225658,1
3007,1544984225658,1
3007,1544984225659,1
3007,1544984225659,1
3007,1544984226657,1
3007,1544984226657,1
3007,1544984226657,1
3007,1544984226657,1
3007,1544984226657,1
3007,1544984226657,1
3007,1544984226658,1
3007,1544984226658,1
3007,1544984227657,1
3007,1544984227658,1
3007,1544984227658,1
3007,1544984227658,1
3007,1544984227658,1
3007,1544984227659,1
3007,1544984227659,1
3007,1544984227659,1
3007,1544984228659,1
3007,1544984228660,1
3007,1544984228660,1
3007,1544984228660,1
3007,1544984228660,1
3007,1544984228660,1
3007,1544984228660,1
3007,1544984228661,1
3007,1544984229663,1
3007,1544984229663,1
3007,1544984229664,1
3007,1544984229664,1
3007,1544984229664,1
3007,1544984229664,1
3007,1544984229664,1
3007,1544984229664,1
3007,1544984230668,1
3007,1544984230668,1
3007,1544984230668,1
3007,1544984230668,1
3007,1544984230668,1
3007,1544984230669,1
3007,1544984230669,1
3007,1544984230670,1
3007,1544984231671,1
3007,1544984231671,1
3007,1544984231672,1
3007,1544984231672,1
3007,1544984231672,1
3007,1544984231672,1
3007,1544984231672,1
3007,1544984231673,1
3007,1544984232671,1
3007,1544984232672,1
3007,1544984232672,1
3007,1544984232672,1
3007,1544984232672,1
3007,1544984232672,1
3007,1544984232673,1
3007,1544984232673,1
3007,1544984233671,1
3007,1544984233672,1
3007,1544984233672,1
3007,1544984233672,1
3007,1544984233672,1
3007,1544984233672,1
3007,1544984233672,1
3007,1544984233672,1
3007,1544984234672,1
3007,1544984234672,1
3007,1544984234673,1
3007,1544984234673,1
3007,1544984234673,1
3007,1544984234673,1
3007,1544984234673,1
3007,1544984234673,1
3007,1544984235676,1
3007,1544984235676,1
3007,1544984235676,1
3007,1544984235676,1
3007,1544984235677,1
3007,1544984235677,1
3007,1544984235677,1
3007,1544984235677,1
3007,1544984236680,1
3007,1544984236680,1
3007,1544984236681,1
3007,1544984236681,1
3007,1544984236681,1
3007,1544984236681,1
3007,1544984236681,1
3007,1544984236681,1
3007,1544984237681,1
3007,1544984237681,1
3007,1544984237681,1
3007,1544984237682,1
3007,1544984237682,1
3007,1544984237682,1
3007,1544984237682,1
3007,1544984237682,1
3007,1544984238683,1
3007,1544984238683,1
3007,1544984238683,1
3007,1544984238684,1
3007,1544984238684,1
3007,1544984238684,1
3007,1544984238684,1
3007,1544984238684,1
3007,1544984239683,1
3007,1544984239683,1
3007,1544984239683,1
3007,1544984239683,1
3007,1544984239683,1
3007,1544984239683,1
3007,1544984239684,1
3007,1544984239684,1
3007,1544984240688,1
3007,1544984240688,1
3007,1544984240688,1
3007,1544984240688,1
3007,1544984240688,1
3007,1544984240689,1
3007,1544984240689,1
3007,1544984240689,1
3007,1544984241690,1
3007,1544984241690,1
3007,1544984241690,1
3007,1544984241691,1
3007,1544984241691,1
3007,1544984241691,1
3007,1544984241691,1
3007,1544984241691,1
3007,1544984242690,1
3007,1544984242690,1
3007,1544984242691,1
3007,1544984242691,1
3007,1544984242691,1
3007,1544984242691,1
3007,1544984242691,1
3007,1544984242691,1
3007,1544984243690,1
3007,1544984243691,1
3007,1544984243691,1
3007,1544984243691,1
3007,1544984243691,1
3007,1544984243691,1
3007,1544984243691,1
3007,1544984243691,1
3007,1544984244692,1
3007,1544984244692,1
3007,1544984244693,1
3007,1544984244693,1
3007,1544984244693,1
3007,1544984244693,1
3007,1544984244693,1
3007,1544984244693,1
3007,1544984245696,1
3007,1544984245696,1
3007,1544984245696,1
3007,1544984245696,1
3007,1544984245697,1
3007,1544984245697,1
3007,1544984245697,1
3007,1544984245697,1
3007,1544984246696,1
3007,1544984246697,1
3007,1544984246697,1
3007,1544984246697,1
3007,1544984246697,1
3007,1544984246697,1
3007,1544984246697,1
3007,1544984246697,1
3007,1544984247697,1
3007,1544984247697,1
3007,1544984247698,1
3007,1544984247698,1
3007,1544984247698,1
3007,1544984247698,1
3007,1544984247698,1
3007,1544984247698,1
3007,1544984248702,1
3007,1544984248702,1
3007,1544984248702,1
3007,1544984248702,1
3007,1544984248703,1
3007,1544984248703,1
3007,1544984248703,1
3007,1544984248703,1
3007,1544984249704,1
3007,1544984249705,1
3007,1544984249705,1
3007,1544984249705,1
3007,1544984249705,1
3007,1544984249705,1
3007,1544984249706,1
3007,1544984249706,1
3007,1544984250708,1
3007,1544984250708,1
3007,1544984250708,1
3007,1544984250708,1
3007,1544984250708,1
3007,1544984250708,1
3007,1544984250708,1
3007,1544984250708,1
3007,1544984251712,1
3007,1544984251712,1
3007,1544984251712,1
3007,1544984251713,1
3007,1544984251713,1
3007,1544984251713,1
3007,1544984251713,1
3007,1544984251713,1
3007,1544984252715,1
3007,1544984252715,1
3007,1544984252716,1
3007,1544984252719,1
3007,1544984252719,1
3007,1544984252719,1
3007,1544984252719,1
3007,1544984252719,1
3007,1544984253717,1
3007,1544984253718,1
3007,1544984253718,1
3007,1544984253718,1
3007,1544984253718,1
3007,1544984253718,1
3007,1544984253718,1
3007,1544984253719,1
3007,1544984254718,1
3007,1544984254718,1
3007,1544984254719,1
3007,1544984254719,1
3007,1544984254719,1
3007,1544984254719,1
3007,1544984254719,1
3007,1544984254719,1
3007,1544984255717,1
3007,1544984255718,1
3007,1544984255718,1
3007,1544984255718,1
3007,1544984255718,1
3007,1544984255719,1
3007,1544984255719,1
3007,1544984255719,1
3007,1544984256718,1
3007,1544984256718,1
3007,1544984256719,1
3007,1544984256719,1
3007,1544984256719,1
3007,1544984256719,1
3007,1544984256719,1
3007,1544984256720,1
3007,1544984257722,1
3007,1544984257723,1
3007,1544984257723,1
3007,1544984257723,1
3007,1544984257723,1
3007,1544984257723,1
3007,1544984257724,1
3007,1544984257724,1
3007,1544984258726,1
3007,1544984258726,1
3007,1544984258726,1
3007,1544984258726,1
3007,1544984258727,1
3007,1544984258727,1
3007,1544984258727,1
3007,1544984258727,1
3007,1544984259731,1
3007,1544984259731,1
3007,1544984259731,1
3007,1544984259731,1
3007,1544984259732,1
3007,1544984259732,1
3007,1544984259732,1
3007,1544984259732,1
3007,1544984260731,1
3007,1544984260732,1
3007,1544984260732,1
3007,1544984260732,1
3007,1544984260732,1
3007,1544984260732,1
3007,1544984260733,1
3007,1544984260733,1
3007,1544984261731,1
3007,1544984261732,1
3007,1544984261732,1
3007,1544984261732,1
3007,1544984261733,1
3007,1544984261733,1
3007,1544984261733,1
3007,1544984261733,1
3007,1544984262731,1
3007,1544984262731,1
3007,1544984262731,1
3007,1544984262732,1
3007,1544984262732,1
3007,1544984262732,1
3007,1544984262732,1
3007,1544984262732,1
3007,1544984263736,1
3007,1544984263737,1
3007,1544984263737,1
3007,1544984263737,1
3007,1544984263737,1
3007,1544984263737,1
3007,1544984263737,1
3007,1544984263738,1
3007,1544984264737,1
3007,1544984264737,1
3007,1544984264737,1
3007,1544984264737,1
3007,1544984264737,1
3007,1544984264737,1
3007,1544984264738,1
3007,1544984264738,1
3007,1544984265739,1
3007,1544984265739,1
3007,1544984265739,1
3007,1544984265739,1
3007,1544984265739,1
3007,1544984265740,1
3007,1544984265740,1
3007,1544984265740,1
3007,1544984266743,1
3007,1544984266743,1
3007,1544984266744,1
3007,1544984266744,1
3007,1544984266744,1
3007,1544984266744,1
3007,1544984266744,1
3007,1544984266744,1
3007,1544984267744,1
3007,1544984267744,1
3007,1544984267744,1
3007,1544984267744,1
3007,1544984267745,1
3007,1544984267745,1
3007,1544984267745,1
3007,1544984267745,1
3007,1544984268745,1
3007,1544984268745,1
3007,1544984268745,1
3007,1544984268745,1
3007,1544984268746,1
3007,1544984268746,1
3007,1544984268746,1
3007,1544984268746,1
3007,1544984269748,1
3007,1544984269748,1
3007,1544984269748,1
3007,1544984269748,1
3007,1544984269749,1
3007,1544984269749,1
3007,1544984269749,1
3007,1544984269749,1
3007,1544984270748,1
3007,1544984270749,1
3007,1544984270749,1
3007,1544984270749,1
3007,1544984270749,1
3007,1544984270749,1
3007,1544984270749,1
3007,1544984270749,1
3007,1544984271752,1
3007,1544984271752,1
3007,1544984271753,1
3007,1544984271753,1
3007,1544984271753,1
3007,1544984271753,1
3007,1544984271753,1
3007,1544984271753,1
3007,1544984272757,1
3007,1544984272757,1
3007,1544984272757,1
3007,1544984272757,1
3007,1544984272758,1
3007,1544984272758,1
3007,1544984272758,1
3007,1544984272758,1
3007,1544984273761,1
3007,1544984273761,1
3007,1544984273762,1
3007,1544984273762,1
3007,1544984273762,1
3007,1544984273762,1
3007,1544984273762,1
3007,1544984273762,1
3007,1544984274765,1
3007,1544984274766,1
3007,1544984274766,1
3007,1544984274766,1
3007,1544984274766,1
3007,1544984274766,1
3007,1544984274766,1
3007,1544984274767,1
3007,1544984275768,1
3007,1544984275768,1
3007,1544984275768,1
3007,1544984275769,1
3007,1544984275769,1
3007,1544984275769,1
3007,1544984275770,1
3007,1544984275770,1
3007,1544984276768,1
3007,1544984276768,1
3007,1544984276769,1
3007,1544984276769,1
3007,1544984276769,1
3007,1544984276769,1
3007,1544984276769,1
3007,1544984276770,1
3007,1544984277768,1
3007,1544984277769,1
3007,1544984277769,1
3007,1544984277769,1
3007,1544984277769,1
3007,1544984277769,1
3007,1544984277770,1
3007,1544984277770,1
3007,1544984278770,1
3007,1544984278771,1
3007,1544984278771,1
3007,1544984278771,1
3007,1544984278771,1
3007,1544984278771,1
3007,1544984278771,1
3007,1544984278771,1
3007,1544984279772,1
3007,1544984279772,1
3007,1544984279772,1
3007,1544984279772,1
3007,1544984279772,1
3007,1544984279773,1
3007,1544984279773,1
3007,1544984279773,1
3007,1544984280772,1
3007,1544984280772,1
3007,1544984280773,1
3007,1544984280773,1
3007,1544984280773,1
3007,1544984280773,1
3007,1544984280774,1
3007,1544984280774,1
3007,1544984281772,1
3007,1544984281772,1
3007,1544984281772,1
3007,1544984281772,1
3007,1544984281773,1
3007,1544984281773,1
3007,1544984281773,1
3007,1544984281773,1
3007,1544984282776,1
3007,1544984282776,1
3007,1544984282776,1
3007,1544984282776,1
3007,1544984282776,1
3007,1544984282776,1
3007,1544984282777,1
3007,1544984282777,1
3007,1544984283777,1
3007,1544984283777,1
3007,1544984283777,1
3007,1544984283777,1
3007,1544984283778,1
3007,1544984283778,1
3007,1544984283778,1
3007,1544984283778,1
3007,1544984284781,1
3007,1544984284782,1
3007,1544984284782,1
3007,1544984284782,1
3007,1544984284782,1
3007,1544984284782,1
3007,1544984284782,1
3007,1544984284783,1
3007,1544984285783,1
3007,1544984285783,1
3007,1544984285783,1
3007,1544984285783,1
3007,1544984285784,1
3007,1544984285784,1
3007,1544984285784,1
3007,1544984285784,1
3007,1544984286785,1
3007,1544984286786,1
3007,1544984286786,1
3007,1544984286786,1
3007,1544984286786,1
3007,1544984286786,1
3007,1544984286786,1
3007,1544984286786,1
3007,1544984287788,1
3007,1544984287789,1
3007,1544984287789,1
3007,1544984287789,1
3007,1544984287789,1
3007,1544984287789,1
3007,1544984287789,1
3007,1544984287789,1
3007,1544984288794,1
3007,1544984288794,1
3007,1544984288794,1
3007,1544984288794,1
3007,1544984288794,1
3007,1544984288795,1
3007,1544984288795,1
3007,1544984288795,1
3007,1544984289796,1
3007,1544984289796,1
3007,1544984289796,1
3007,1544984289796,1
3007,1544984289797,1
3007,1544984289797,1
3007,1544984289797,1
3007,1544984289797,1
3007,1544984290798,1
3007,1544984290798,1
3007,1544984290799,1
3007,1544984290799,1
3007,1544984290799,1
3007,1544984290799,1
3007,1544984290799,1
3007,1544984290799,1
3007,1544984291802,1
3007,1544984291802,1
3007,1544984291802,1
3007,1544984291802,1
3007,1544984291803,1
3007,1544984291803,1
3007,1544984291803,1
3007,1544984291803,1
3007,1544984292806,1
3007,1544984292807,1
3007,1544984292807,1
3007,1544984292807,1
3007,1544984292807,1
3007,1544984292807,1
3007,1544984292807,1
3007,1544984292807,1
3007,1544984293810,1
3007,1544984293810,1
3007,1544984293811,1
3007,1544984293811,1
3007,1544984293811,1
3007,1544984293811,1
3007,1544984293811,1
3007,1544984293811,1
3007,1544984294812,1
3007,1544984294812,1
3007,1544984294812,1
3007,1544984294812,1
3007,1544984294812,1
3007,1544984294813,1
3007,1544984294813,1
3007,1544984294813,1
3007,1544984295813,1
3007,1544984295814,1
3007,1544984295814,1
3007,1544984295814,1
3007,1544984295814,1
3007,1544984295814,1
3007,1544984295815,1
3007,1544984295815,1
3007,1544984296816,1
3007,1544984296817,1
3007,1544984296817,1
3007,1544984296817,1
3007,1544984296817,1
3007,1544984296817,1
3007,1544984296818,1
3007,1544984296818,1
3007,1544984297820,1
3007,1544984297820,1
3007,1544984297820,1
3007,1544984297820,1
3007,1544984297820,1
3007,1544984297820,1
3007,1544984297821,1
3007,1544984297821,1
3007,1544984298823,1
3007,1544984298824,1
3007,1544984298824,1
3007,1544984298824,1
3007,1544984298824,1
3007,1544984298824,1
3007,1544984298824,1
3007,1544984298824,1
3007,1544984299827,1
3007,1544984299828,1
3007,1544984299828,1
3007,1544984299828,1
3007,1544984299828,1
3007,1544984299828,1
3007,1544984299828,1
3007,1544984299829,1
3007,1544984300830,1
3007,1544984300830,1
3007,1544984300831,1
3007,1544984300831,1
3007,1544984300831,1
3007,1544984300831,1
3007,1544984300831,1
3007,1544984300831,1
3007,1544984301831,1
3007,1544984301831,1
3007,1544984301832,1
3007,1544984301832,1
3007,1544984301832,1
3007,1544984301833,1
3007,1544984301833,1
3007,1544984301833,1
3007,1544984302832,1
3007,1544984302832,1
3007,1544984302832,1
3007,1544984302832,1
3007,1544984302832,1
3007,1544984302833,1
3007,1544984302833,1
3007,1544984302833,1
3007,1544984303835,1
3007,1544984303836,1
3007,1544984303836,1
3007,1544984303836,1
3007,1544984303836,1
3007,1544984303836,1
3007,1544984303836,1
3007,1544984303836,1
3007,1544984304836,1
3007,1544984304836,1
3007,1544984304836,1
3007,1544984304837,1
3007,1544984304837,1
3007,1544984304837,1
3007,1544984304837,1
3007,1544984304838,1
3007,1544984305837,1
3007,1544984305838,1
3007,1544984305838,1
3007,1544984305838,1
3007,1544984305838,1
3007,1544984305839,1
3007,1544984305839,1
3007,1544984305839,1
3007,1544984306837,1
3007,1544984306838,1
3007,1544984306838,1
3007,1544984306838,1
3007,1544984306838,1
3007,1544984306839,1
3007,1544984306839,1
3007,1544984306839,1
3007,1544984307841,1
3007,1544984307841,1
3007,1544984307841,1
3007,1544984307841,1
3007,1544984307841,1
3007,1544984307841,1
3007,1544984307841,1
3007,1544984307842,1
3007,1544984308843,1
3007,1544984308843,1
3007,1544984308843,1
3007,1544984308844,1
3007,1544984308844,1
3007,1544984308844,1
3007,1544984308844,1
3007,1544984308844,1
3007,1544984309845,1
3007,1544984309845,1
3007,1544984309846,1
3007,1544984309846,1
3007,1544984309846,1
3007,1544984309846,1
3007,1544984309847,1
3007,1544984309847,1
3007,1544984310848,1
3007,1544984310848,1
3007,1544984310848,1
3007,1544984310848,1
3007,1544984310848,1
3007,1544984310849,1
3007,1544984310849,1
3007,1544984310849,1
3007,1544984311848,1
3007,1544984311848,1
3007,1544984311849,1
3007,1544984311849,1
3007,1544984311849,1
3007,1544984311849,1
3007,1544984311849,1
3007,1544984311849,1
3007,1544984312852,1
3007,1544984312852,1
3007,1544984312852,1
3007,1544984312853,1
3007,1544984312853,1
3007,1544984312853,1
3007,1544984312853,1
3007,1544984312853,1
3007,1544984313854,1
3007,1544984313854,1
3007,1544984313855,1
3007,1544984313855,1
3007,1544984313855,1
3007,1544984313855,1
3007,1544984313855,1
3007,1544984313855,1
3007,1544984314855,1
3007,1544984314855,1
3007,1544984314855,1
3007,1544984314855,1
3007,1544984314855,1
3007,1544984314856,1
3007,1544984314856,1
3007,1544984314856,1
3007,1544984315859,1
3007,1544984315859,1
3007,1544984315860,1
3007,1544984315860,1
3007,1544984315860,1
3007,1544984315860,1
3007,1544984315861,1
3007,1544984315862,1
3007,1544984316861,1
3007,1544984316861,1
3007,1544984316862,1
3007,1544984316862,1
3007,1544984316862,1
3007,1544984316862,1
3007,1544984316862,1
3007,1544984316862,1
3007,1544984317864,1
3007,1544984317864,1
3007,1544984317865,1
3007,1544984317865,1
3007,1544984317865,1
3007,1544984317865,1
3007,1544984317865,1
3007,1544984317865,1
3007,1544984318868,1
3007,1544984318869,1
3007,1544984318869,1
3007,1544984318869,1
3007,1544984318869,1
3007,1544984318869,1
3007,1544984318869,1
3007,1544984318869,1
3007,1544984319871,1
3007,1544984319872,1
3007,1544984319872,1
3007,1544984319872,1
3007,1544984319872,1
3007,1544984319872,1
3007,1544984319872,1
3007,1544984319873,1
3007,1544984320871,1
3007,1544984320872,1
3007,1544984320872,1
3007,1544984320872,1
3007,1544984320872,1
3007,1544984320873,1
3007,1544984320873,1
3007,1544984320873,1
3007,1544984321875,1
3007,1544984321876,1
3007,1544984321876,1
3007,1544984321876,1
3007,1544984321876,1
3007,1544984321877,1
3007,1544984321877,1
3007,1544984321877,1
3007,1544984322875,1
3007,1544984322875,1
3007,1544984322875,1
3007,1544984322875,1
3007,1544984322876,1
3007,1544984322876,1
3007,1544984322876,1
3007,1544984322876,1
3007,1544984323874,1
3007,1544984323875,1
3007,1544984323875,1
3007,1544984323876,1
3007,1544984323876,1
3007,1544984323876,1
3007,1544984323877,1
3007,1544984323877,1
3007,1544984324877,1
3007,1544984324878,1
3007,1544984324878,1
3007,1544984324878,1
3007,1544984324878,1
3007,1544984324878,1
3007,1544984324878,1
3007,1544984324878,1
3007,1544984325882,1
3007,1544984325882,1
3007,1544984325882,1
3007,1544984325882,1
3007,1544984325882,1
3007,1544984325883,1
3007,1544984325883,1
3007,1544984325883,1
3007,1544984326883,1
3007,1544984326883,1
3007,1544984326883,1
3007,1544984326883,1
3007,1544984326883,1
3007,1544984326884,1
3007,1544984326884,1
3007,1544984326884,1
3007,1544984327886,1
3007,1544984327886,1
3007,1544984327886,1
3007,1544984327886,1
3007,1544984327887,1
3007,1544984327887,1
3007,1544984327887,1
3007,1544984327887,1
3007,1544984328889,1
3007,1544984328890,1
3007,1544984328890,1
3007,1544984328890,1
3007,1544984328890,1
3007,1544984328890,1
3007,1544984328890,1
3007,1544984328890,1
3007,1544984329892,1
3007,1544984329892,1
3007,1544984329892,1
3007,1544984329893,1
3007,1544984329893,1
3007,1544984329893,1
3007,1544984329893,1
3007,1544984329893,1
3007,1544984330892,1
3007,1544984330892,1
3007,1544984330892,1
3007,1544984330892,1
3007,1544984330893,1
3007,1544984330893,1
3007,1544984330893,1
3007,1544984330893,1
3007,1544984331895,1
3007,1544984331896,1
3007,1544984331896,1
3007,1544984331896,1
3007,1544984331896,1
3007,1544984331897,1
3007,1544984331897,1
3007,1544984331897,1
3007,1544984332900,1
3007,1544984332901,1
3007,1544984332901,1
3007,1544984332901,1
3007,1544984332901,1
3007,1544984332901,1
3007,1544984332902,1
3007,1544984332902,1
3007,1544984333908,1
3007,1544984333910,1
3007,1544984333910,1
3007,1544984333910,1
3007,1544984333910,1
3007,1544984333910,1
3007,1544984333910,1
3007,1544984333911,1
3007,1544984334909,1
3007,1544984334909,1
3007,1544984334909,1
3007,1544984334910,1
3007,1544984334910,1
3007,1544984334910,1
3007,1544984334910,1
3007,1544984334910,1
3007,1544984335917,1
3007,1544984335918,1
3007,1544984335918,1
3007,1544984335918,1
3007,1544984335918,1
3007,1544984335918,1
3007,1544984335919,1
3007,1544984335919,1
3007,1544984336922,1
3007,1544984336923,1
3007,1544984336923,1
3007,1544984336923,1
3007,1544984336923,1
3007,1544984336923,1
3007,1544984336923,1
3007,1544984336924,1
3007,1544984337932,1
3007,1544984337932,1
3007,1544984337932,1
3007,1544984337933,1
3007,1544984337933,1
3007,1544984337933,1
3007,1544984337933,1
3007,1544984337933,1
3007,1544984338941,1
3007,1544984338942,1
3007,1544984338942,1
3007,1544984338942,1
3007,1544984338942,1
3007,1544984338943,1
3007,1544984338943,1
3007,1544984338943,1
3007,1544984339949,1
3007,1544984339949,1
3007,1544984339949,1
3007,1544984339949,1
3007,1544984339949,1
3007,1544984339949,1
3007,1544984339950,1
3007,1544984339950,1
3007,1544984340958,1
3007,1544984340958,1
3007,1544984340958,1
3007,1544984340959,1
3007,1544984340959,1
3007,1544984340959,1
3007,1544984340959,1
3007,1544984340959,1
3007,1544984341961,1
3007,1544984341961,1
3007,1544984341961,1
3007,1544984341961,1
3007,1544984341962,1
3007,1544984341962,1
3007,1544984341962,1
3007,1544984341962,1
3007,1544984342971,1
3007,1544984342971,1
3007,1544984342971,1
3007,1544984342971,1
3007,1544984342972,1
3007,1544984342972,1
3007,1544984342972,1
3007,1544984342972,1
3007,1544984343981,1
3007,1544984343981,1
3007,1544984343981,1
3007,1544984343981,1
3007,1544984343982,1
3007,1544984343982,1
3007,1544984343982,1
3007,1544984343982,1
3007,1544984344988,1
3007,1544984344988,1
3007,1544984344988,1
3007,1544984344988,1
3007,1544984344988,1
3007,1544984344988,1
3007,1544984344989,1
3007,1544984344989,1
3007,1544984345991,1
3007,1544984345992,1
3007,1544984345992,1
3007,1544984345992,1
3007,1544984345992,1
3007,1544984345992,1
3007,1544984345992,1
3007,1544984345992,1
3007,1544984346999,1
3007,1544984347000,1
3007,1544984347000,1
3007,1544984347000,1
3007,1544984347000,1
3007,1544984347000,1
3007,1544984347001,1
3007,1544984347001,1
3007,1544984348008,1
3007,1544984348008,1
3007,1544984348008,1
3007,1544984348008,1
3007,1544984348008,1
3007,1544984348008,1
3007,1544984348009,1
3007,1544984348009,1
3007,1544984349008,1
3007,1544984349008,1
3007,1544984349008,1
3007,1544984349008,1
3007,1544984349008,1
3007,1544984349009,1
3007,1544984349009,1
3007,1544984349009,1
3007,1544984350008,1
3007,1544984350008,1
3007,1544984350008,1
3007,1544984350008,1
3007,1544984350009,1
3007,1544984350009,1
3007,1544984350009,1
3007,1544984350009,1
3007,1544984351008,1
3007,1544984351008,1
3007,1544984351008,1
3007,1544984351008,1
3007,1544984351008,1
3007,1544984351009,1
3007,1544984351009,1
3007,1544984351009,1
3007,1544984352007,1
3007,1544984352008,1
3007,1544984352008,1
3007,1544984352008,1
3007,1544984352009,1
3007,1544984352009,1
3007,1544984352009,1
3007,1544984352009,1
3007,1544984353010,1
3007,1544984353011,1
3007,1544984353011,1
3007,1544984353011,1
3007,1544984353011,1
3007,1544984353011,1
3007,1544984353011,1
3007,1544984353011,1
3007,1544984354012,1
3007,1544984354012,1
3007,1544984354013,1
3007,1544984354013,1
3007,1544984354013,1
3007,1544984354013,1
3007,1544984354013,1
3007,1544984354013,1
3007,1544984355013,1
3007,1544984355013,1
3007,1544984355014,1
3007,1544984355014,1
3007,1544984355014,1
3007,1544984355014,1
3007,1544984355015,1
3007,1544984355015,1
3007,1544984356015,1
3007,1544984356016,1
3007,1544984356016,1
3007,1544984356016,1
3007,1544984356017,1
3007,1544984356017,1
3007,1544984356017,1
3007,1544984356017,1
3007,1544984357018,1
3007,1544984357019,1
3007,1544984357019,1
3007,1544984357019,1
3007,1544984357019,1
3007,1544984357019,1
3007,1544984357019,1
3007,1544984357020,1
3007,1544984358018,1
3007,1544984358019,1
3007,1544984358019,1
3007,1544984358019,1
3007,1544984358019,1
3007,1544984358019,1
3007,1544984358019,1
3007,1544984358019,1
3007,1544984359021,1
3007,1544984359021,1
3007,1544984359021,1
3007,1544984359022,1
3007,1544984359022,1
3007,1544984359022,1
3007,1544984359023,1
3007,1544984359023,1
3007,1544984360025,1
3007,1544984360026,1
3007,1544984360026,1
3007,1544984360027,1
3007,1544984360027,1
3007,1544984360027,1
3007,1544984360027,1
3007,1544984360027,1
3007,1544984361029,1
3007,1544984361029,1
3007,1544984361030,1
3007,1544984361030,1
3007,1544984361030,1
3007,1544984361030,1
3007,1544984361031,1
3007,1544984361031,1
3007,1544984362033,1
3007,1544984362034,1
3007,1544984362034,1
3007,1544984362034,1
3007,1544984362034,1
3007,1544984362034,1
3007,1544984362035,1
3007,1544984362035,1
3007,1544984363033,1
3007,1544984363034,1
3007,1544984363034,1
3007,1544984363034,1
3007,1544984363035,1
3007,1544984363035,1
3007,1544984363035,1
3007,1544984363035,1
3007,1544984364038,1
3007,1544984364038,1
3007,1544984364038,1
3007,1544984364039,1
3007,1544984364039,1
3007,1544984364039,1
3007,1544984364039,1
3007,1544984364039,1
3007,1544984365038,1
3007,1544984365038,1
3007,1544984365039,1
3007,1544984365039,1
3007,1544984365039,1
3007,1544984365039,1
3007,1544984365040,1
3007,1544984365040,1
3007,1544984366040,1
3007,1544984366041,1
3007,1544984366041,1
3007,1544984366041,1
3007,1544984366041,1
3007,1544984366041,1
3007,1544984366041,1
3007,1544984366041,1
3007,1544984367040,1
3007,1544984367041,1
3007,1544984367041,1
3007,1544984367041,1
3007,1544984367042,1
3007,1544984367042,1
3007,1544984367042,1
3007,1544984367042,1
3007,1544984368044,1
3007,1544984368045,1
3007,1544984368045,1
3007,1544984368045,1
3007,1544984368045,1
3007,1544984368045,1
3007,1544984368045,1
3007,1544984368045,1
3007,1544984369046,1
3007,1544984369046,1
3007,1544984369046,1
3007,1544984369046,1
3007,1544984369046,1
3007,1544984369047,1
3007,1544984369047,1
3007,1544984369047,1
3007,1544984370046,1
3007,1544984370046,1
3007,1544984370047,1
3007,1544984370047,1
3007,1544984370047,1
3007,1544984370047,1
3007,1544984370047,1
3007,1544984370047,1
3007,1544984371047,1
3007,1544984371047,1
3007,1544984371047,1
3007,1544984371047,1
3007,1544984371047,1
3007,1544984371048,1
3007,1544984371048,1
3007,1544984371048,1
3007,1544984372046,1
3007,1544984372047,1
3007,1544984372047,1
3007,1544984372047,1
3007,1544984372047,1
3007,1544984372047,1
3007,1544984372048,1
3007,1544984372048,1
3007,1544984373051,1
3007,1544984373051,1
3007,1544984373051,1
3007,1544984373052,1
3007,1544984373052,1
3007,1544984373052,1
3007,1544984373052,1
3007,1544984373052,1
3007,1544984374055,1
3007,1544984374056,1
3007,1544984374057,1
3007,1544984374057,1
3007,1544984374057,1
3007,1544984374057,1
3007,1544984374057,1
3007,1544984374057,1
3007,1544984375057,1
3007,1544984375057,1
3007,1544984375057,1
3007,1544984375058,1
3007,1544984375058,1
3007,1544984375058,1
3007,1544984375058,1
3007,1544984375058,1
3007,1544984376058,1
3007,1544984376058,1
3007,1544984376058,1
3007,1544984376058,1
3007,1544984376058,1
3007,1544984376059,1
3007,1544984376059,1
3007,1544984376059,1
3007,1544984377058,1
3007,1544984377058,1
3007,1544984377058,1
3007,1544984377058,1
3007,1544984377059,1
3007,1544984377059,1
3007,1544984377059,1
3007,1544984377059,1
3007,1544984378057,1
3007,1544984378058,1
3007,1544984378058,1
3007,1544984378058,1
3007,1544984378058,1
3007,1544984378058,1
3007,1544984378058,1
3007,1544984378058,1
3007,1544984379057,1
3007,1544984379058,1
3007,1544984379058,1
3007,1544984379058,1
3007,1544984379058,1
3007,1544984379058,1
3007,1544984379058,1
3007,1544984379058,1
3007,1544984380058,1
3007,1544984380059,1
3007,1544984380059,1
3007,1544984380059,1
3007,1544984380059,1
3007,1544984380059,1
3007,1544984380059,1
3007,1544984380059,1
3007,1544984381061,1
3007,1544984381062,1
3007,1544984381063,1
3007,1544984381063,1
3007,1544984381063,1
3007,1544984381063,1
3007,1544984381063,1
3007,1544984381064,1
3007,1544984382063,1
3007,1544984382063,1
3007,1544984382063,1
3007,1544984382063,1
3007,1544984382063,1
3007,1544984382063,1
3007,1544984382064,1
3007,1544984382064,1
3007,1544984383063,1
3007,1544984383064,1
3007,1544984383064,1
3007,1544984383064,1
3007,1544984383064,1
3007,1544984383064,1
3007,1544984383064,1
3007,1544984383065,1
3007,1544984384065,1
3007,1544984384066,1
3007,1544984384066,1
3007,1544984384066,1
3007,1544984384066,1
3007,1544984384066,1
3007,1544984384066,1
3007,1544984384066,1
3007,1544984385067,1
3007,1544984385067,1
3007,1544984385067,1
3007,1544984385067,1
3007,1544984385067,1
3007,1544984385067,1
3007,1544984385067,1
3007,1544984385068,1
3007,1544984386071,1
3007,1544984386072,1
3007,1544984386072,1
3007,1544984386072,1
3007,1544984386072,1
3007,1544984386072,1
3007,1544984386072,1
3007,1544984386073,1
3007,1544984387075,1
3007,1544984387075,1
3007,1544984387075,1
3007,1544984387076,1
3007,1544984387076,1
3007,1544984387076,1
3007,1544984387076,1
3007,1544984387076,1
3007,1544984388077,1
3007,1544984388077,1
3007,1544984388078,1
3007,1544984388078,1
3007,1544984388078,1
3007,1544984388079,1
3007,1544984388079,1
3007,1544984388079,1
3007,1544984389080,1
3007,1544984389080,1
3007,1544984389080,1
3007,1544984389080,1
3007,1544984389080,1
3007,1544984389081,1
3007,1544984389081,1
3007,1544984389081,1
3007,1544984390082,1
3007,1544984390082,1
3007,1544984390082,1
3007,1544984390082,1
3007,1544984390083,1
3007,1544984390083,1
3007,1544984390083,1
3007,1544984390083,1
3007,1544984391086,1
3007,1544984391086,1
3007,1544984391086,1
3007,1544984391086,1
3007,1544984391086,1
3007,1544984391086,1
3007,1544984391086,1
3007,1544984391087,1
3007,1544984392089,1
3007,1544984392089,1
3007,1544984392089,1
3007,1544984392090,1
3007,1544984392090,1
3007,1544984392090,1
3007,1544984392090,1
3007,1544984392090,1
3007,1544984393089,1
3007,1544984393090,1
3007,1544984393090,1
3007,1544984393090,1
3007,1544984393090,1
3007,1544984393090,1
3007,1544984393091,1
3007,1544984393091,1
3007,1544984394092,1
3007,1544984394092,1
3007,1544984394092,1
3007,1544984394092,1
3007,1544984394093,1
3007,1544984394093,1
3007,1544984394093,1
3007,1544984394093,1
3007,1544984395096,1
3007,1544984395097,1
3007,1544984395097,1
3007,1544984395097,1
3007,1544984395098,1
3007,1544984395098,1
3007,1544984395098,1
3007,1544984395098,1
3007,1544984396099,1
3007,1544984396099,1
3007,1544984396100,1
3007,1544984396100,1
3007,1544984396100,1
3007,1544984396100,1
3007,1544984396100,1
3007,1544984396100,1
3007,1544984397102,1
3007,1544984397102,1
3007,1544984397103,1
3007,1544984397103,1
3007,1544984397103,1
3007,1544984397103,1
3007,1544984397103,1
3007,1544984397104,1
3007,1544984398107,1
3007,1544984398108,1
3007,1544984398108,1
3007,1544984398108,1
3007,1544984398108,1
3007,1544984398108,1
3007,1544984398108,1
3007,1544984398108,1
3007,1544984399111,1
3007,1544984399111,1
3007,1544984399112,1
3007,1544984399112,1
3007,1544984399112,1
3007,1544984399112,1
3007,1544984399112,1
3007,1544984399112,1
3007,1544984400113,1
3007,1544984400113,1
3007,1544984400113,1
3007,1544984400113,1
3007,1544984400113,1
3007,1544984400114,1
3007,1544984400114,1
3007,1544984400114,1
3007,1544984401116,1
3007,1544984401116,1
3007,1544984401116,1
3007,1544984401116,1
3007,1544984401117,1
3007,1544984401117,1
3007,1544984401117,1
3007,1544984401117,1
3007,1544984402117,1
3007,1544984402118,1
3007,1544984402118,1
3007,1544984402119,1
3007,1544984402119,1
3007,1544984402119,1
3007,1544984402119,1
3007,1544984402119,1
3007,1544984403119,1
3007,1544984403120,1
3007,1544984403120,1
3007,1544984403120,1
3007,1544984403120,1
3007,1544984403120,1
3007,1544984403120,1
3007,1544984403120,1
3007,1544984404120,1
3007,1544984404120,1
3007,1544984404121,1
3007,1544984404121,1
3007,1544984404121,1
3007,1544984404121,1
3007,1544984404121,1
3007,1544984404121,1
3007,1544984405120,1
3007,1544984405120,1
3007,1544984405120,1
3007,1544984405121,1
3007,1544984405121,1
3007,1544984405121,1
3007,1544984405121,1
3007,1544984405122,1
3007,1544984406120,1
3007,1544984406120,1
3007,1544984406121,1
3007,1544984406121,1
3007,1544984406121,1
3007,1544984406121,1
3007,1544984406121,1
3007,1544984406121,1
3007,1544984407125,1
3007,1544984407125,1
3007,1544984407125,1
3007,1544984407125,1
3007,1544984407125,1
3007,1544984407125,1
3007,1544984407125,1
3007,1544984407126,1
3007,1544984408125,1
3007,1544984408125,1
3007,1544984408126,1
3007,1544984408126,1
3007,1544984408126,1
3007,1544984408126,1
3007,1544984408126,1
3007,1544984408127,1
3007,1544984409128,1
3007,1544984409129,1
3007,1544984409130,1
3007,1544984409130,1
3007,1544984409130,1
3007,1544984409130,1
3007,1544984409130,1
3007,1544984409131,1
3007,1544984410131,1
3007,1544984410132,1
3007,1544984410132,1
3007,1544984410132,1
3007,1544984410132,1
3007,1544984410132,1
3007,1544984410132,1
3007,1544984410132,1
3007,1544984411132,1
3007,1544984411132,1
3007,1544984411132,1
3007,1544984411133,1
3007,1544984411133,1
3007,1544984411133,1
3007,1544984411133,1
3007,1544984411133,1
3007,1544984412132,1
3007,1544984412132,1
3007,1544984412132,1
3007,1544984412132,1
3007,1544984412133,1
3007,1544984412133,1
3007,1544984412133,1
3007,1544984412133,1
3007,1544984413134,1
3007,1544984413135,1
3007,1544984413135,1
3007,1544984413135,1
3007,1544984413135,1
3007,1544984413135,1
3007,1544984413136,1
3007,1544984413136,1
3007,1544984414138,1
3007,1544984414139,1
3007,1544984414139,1
3007,1544984414139,1
3007,1544984414139,1
3007,1544984414139,1
3007,1544984414139,1
3007,1544984414139,1
3007,1544984415140,1
3007,1544984415140,1
3007,1544984415141,1
3007,1544984415141,1
3007,1544984415141,1
3007,1544984415141,1
3007,1544984415141,1
3007,1544984415141,1
3007,1544984416145,1
3007,1544984416145,1
3007,1544984416146,1
3007,1544984416146,1
3007,1544984416146,1
3007,1544984416146,1
3007,1544984416146,1
3007,1544984416146,1
3007,1544984417146,1
3007,1544984417147,1
3007,1544984417147,1
3007,1544984417147,1
3007,1544984417147,1
3007,1544984417147,1
3007,1544984417147,1
3007,1544984417147,1
3007,1544984418151,1
3007,1544984418151,1
3007,1544984418151,1
3007,1544984418151,1
3007,1544984418151,1
3007,1544984418152,1
3007,1544984418152,1
3007,1544984418152,1
3007,1544984419151,1
3007,1544984419151,1
3007,1544984419152,1
3007,1544984419152,1
3007,1544984419152,1
3007,1544984419152,1
3007,1544984419152,1
3007,1544984419152,1
3007,1544984420154,1
3007,1544984420155,1
3007,1544984420155,1
3007,1544984420155,1
3007,1544984420155,1
3007,1544984420155,1
3007,1544984420155,1
3007,1544984420155,1
3007,1544984421156,1
3007,1544984421156,1
3007,1544984421156,1
3007,1544984421156,1
3007,1544984421156,1
3007,1544984421157,1
3007,1544984421157,1
3007,1544984421157,1
3007,1544984422157,1
3007,1544984422158,1
3007,1544984422158,1
3007,1544984422158,1
3007,1544984422158,1
3007,1544984422159,1
3007,1544984422159,1
3007,1544984422159,1
3007,1544984423157,1
3007,1544984423158,1
3007,1544984423158,1
3007,1544984423158,1
3007,1544984423159,1
3007,1544984423159,1
3007,1544984423159,1
3007,1544984423159,1
3007,1544984424162,1
3007,1544984424163,1
3007,1544984424163,1
3007,1544984424163,1
3007,1544984424163,1
3007,1544984424163,1
3007,1544984424164,1
3007,1544984424164,1
3007,1544984425167,1
3007,1544984425167,1
3007,1544984425167,1
3007,1544984425167,1
3007,1544984425167,1
3007,1544984425168,1
3007,1544984425168,1
3007,1544984425168,1
3007,1544984426171,1
3007,1544984426172,1
3007,1544984426172,1
3007,1544984426172,1
3007,1544984426172,1
3007,1544984426172,1
3007,1544984426172,1
3007,1544984426172,1
3007,1544984427174,1
3007,1544984427174,1
3007,1544984427175,1
3007,1544984427175,1
3007,1544984427175,1
3007,1544984427175,1
3007,1544984427175,1
3007,1544984427175,1
3007,1544984428179,1
3007,1544984428180,1
3007,1544984428180,1
3007,1544984428180,1
3007,1544984428180,1
3007,1544984428180,1
3007,1544984428180,1
3007,1544984428180,1
3007,1544984429183,1
3007,1544984429183,1
3007,1544984429183,1
3007,1544984429183,1
3007,1544984429183,1
3007,1544984429183,1
3007,1544984429183,1
3007,1544984429183,1
3007,1544984430188,1
3007,1544984430188,1
3007,1544984430189,1
3007,1544984430189,1
3007,1544984430189,1
3007,1544984430189,1
3007,1544984430190,1
3007,1544984430190,1
3007,1544984431191,1
3007,1544984431191,1
3007,1544984431191,1
3007,1544984431192,1
3007,1544984431192,1
3007,1544984431192,1
3007,1544984431192,1
3007,1544984431192,1
3007,1544984432195,1
3007,1544984432195,1
3007,1544984432195,1
3007,1544984432195,1
3007,1544984432196,1
3007,1544984432196,1
3007,1544984432196,1
3007,1544984432196,1
3007,1544984433199,1
3007,1544984433200,1
3007,1544984433200,1
3007,1544984433200,1
3007,1544984433200,1
3007,1544984433200,1
3007,1544984433200,1
3007,1544984433200,1
3007,1544984434205,1
3007,1544984434205,1
3007,1544984434205,1
3007,1544984434205,1
3007,1544984434205,1
3007,1544984434205,1
3007,1544984434205,1
3007,1544984434205,1
3007,1544984435204,1
3007,1544984435205,1
3007,1544984435205,1
3007,1544984435205,1
3007,1544984435205,1
3007,1544984435205,1
3007,1544984435205,1
3007,1544984435205,1
3007,1544984436206,1
3007,1544984436207,1
3007,1544984436207,1
3007,1544984436207,1
3007,1544984436207,1
3007,1544984436207,1
3007,1544984436207,1
3007,1544984436207,1
3007,1544984437212,1
3007,1544984437212,1
3007,1544984437213,1
3007,1544984437213,1
3007,1544984437213,1
3007,1544984437213,1
3007,1544984437213,1
3007,1544984437213,1
3007,1544984438215,1
3007,1544984438215,1
3007,1544984438215,1
3007,1544984438215,1
3007,1544984438215,1
3007,1544984438215,1
3007,1544984438215,1
3007,1544984438216,1
3007,1544984439215,1
3007,1544984439215,1
3007,1544984439216,1
3007,1544984439216,1
3007,1544984439216,1
3007,1544984439216,1
3007,1544984439216,1
3007,1544984439216,1
3007,1544984440216,1
3007,1544984440216,1
3007,1544984440216,1
3007,1544984440217,1
3007,1544984440217,1
3007,1544984440217,1
3007,1544984440217,1
3007,1544984440217,1
3007,1544984441220,1
3007,1544984441220,1
3007,1544984441220,1
3007,1544984441220,1
3007,1544984441220,1
3007,1544984441220,1
3007,1544984441220,1
3007,1544984441221,1
3007,1544984442220,1
3007,1544984442220,1
3007,1544984442220,1
3007,1544984442220,1
3007,1544984442220,1
3007,1544984442220,1
3007,1544984442220,1
3007,1544984442221,1
3007,1544984443220,1
3007,1544984443220,1
3007,1544984443220,1
3007,1544984443220,1
3007,1544984443220,1
3007,1544984443220,1
3007,1544984443220,1
3007,1544984443221,1
3007,1544984444220,1
3007,1544984444221,1
3007,1544984444221,1
3007,1544984444222,1
3007,1544984444222,1
3007,1544984444222,1
3007,1544984444223,1
3007,1544984444223,1
3007,1544984445222,1
3007,1544984445223,1
3007,1544984445223,1
3007,1544984445223,1
3007,1544984445223,1
3007,1544984445223,1
3007,1544984445223,1
3007,1544984445223,1
3007,1544984446227,1
3007,1544984446227,1
3007,1544984446227,1
3007,1544984446227,1
3007,1544984446227,1
3007,1544984446227,1
3007,1544984446227,1
3007,1544984446227,1
3007,1544984447231,1
3007,1544984447231,1
3007,1544984447231,1
3007,1544984447231,1
3007,1544984447231,1
3007,1544984447232,1
3007,1544984447232,1
3007,1544984447232,1
3007,1544984448235,1
3007,1544984448236,1
3007,1544984448236,1
3007,1544984448236,1
3007,1544984448236,1
3007,1544984448236,1
3007,1544984448236,1
3007,1544984448236,1
3007,1544984449239,1
3007,1544984449239,1
3007,1544984449239,1
3007,1544984449239,1
3007,1544984449240,1
3007,1544984449240,1
3007,1544984449240,1
3007,1544984449240,1
3007,1544984450242,1
3007,1544984450242,1
3007,1544984450243,1
3007,1544984450243,1
3007,1544984450243,1
3007,1544984450243,1
3007,1544984450244,1
3007,1544984450244,1
3007,1544984451246,1
3007,1544984451246,1
3007,1544984451246,1
3007,1544984451247,1
3007,1544984451247,1
3007,1544984451247,1
3007,1544984451247,1
3007,1544984451247,1
3007,1544984452251,1
3007,1544984452251,1
3007,1544984452251,1
3007,1544984452251,1
3007,1544984452251,1
3007,1544984452251,1
3007,1544984452252,1
3007,1544984452252,1
3007,1544984453255,1
3007,1544984453255,1
3007,1544984453256,1
3007,1544984453256,1
3007,1544984453256,1
3007,1544984453256,1
3007,1544984453256,1
3007,1544984453256,1
3007,1544984454259,1
3007,1544984454259,1
3007,1544984454259,1
3007,1544984454260,1
3007,1544984454260,1
3007,1544984454260,1
3007,1544984454260,1
3007,1544984454260,1
3007,1544984455260,1
3007,1544984455260,1
3007,1544984455260,1
3007,1544984455261,1
3007,1544984455261,1
3007,1544984455261,1
3007,1544984455261,1
3007,1544984455261,1
3007,1544984456260,1
3007,1544984456261,1
3007,1544984456261,1
3007,1544984456261,1
3007,1544984456261,1
3007,1544984456261,1
3007,1544984456261,1
3007,1544984456261,1
3007,1544984457266,1
3007,1544984457266,1
3007,1544984457266,1
3007,1544984457266,1
3007,1544984457266,1
3007,1544984457267,1
3007,1544984457267,1
3007,1544984457267,1
3007,1544984458270,1
3007,1544984458270,1
3007,1544984458270,1
3007,1544984458270,1
3007,1544984458271,1
3007,1544984458271,1
3007,1544984458272,1
3007,1544984458272,1
3007,1544984459274,1
3007,1544984459275,1
3007,1544984459275,1
3007,1544984459275,1
3007,1544984459275,1
3007,1544984459275,1
3007,1544984459276,1
3007,1544984459276,1
3007,1544984460277,1
3007,1544984460278,1
3007,1544984460278,1
3007,1544984460278,1
3007,1544984460278,1
3007,1544984460278,1
3007,1544984460278,1
3007,1544984460278,1
3007,1544984461283,1
3007,1544984461283,1
3007,1544984461283,1
3007,1544984461284,1
3007,1544984461284,1
3007,1544984461284,1
3007,1544984461284,1
3007,1544984461284,1
3007,1544984462286,1
3007,1544984462286,1
3007,1544984462287,1
3007,1544984462287,1
3007,1544984462287,1
3007,1544984462287,1
3007,1544984462287,1
3007,1544984462287,1
3007,1544984463289,1
3007,1544984463289,1
3007,1544984463289,1
3007,1544984463289,1
3007,1544984463289,1
3007,1544984463289,1
3007,1544984463290,1
3007,1544984463290,1
3007,1544984464292,1
3007,1544984464292,1
3007,1544984464292,1
3007,1544984464293,1
3007,1544984464293,1
3007,1544984464293,1
3007,1544984464293,1
3007,1544984464293,1
3007,1544984465296,1
3007,1544984465296,1
3007,1544984465296,1
3007,1544984465296,1
3007,1544984465297,1
3007,1544984465298,1
3007,1544984465298,1
3007,1544984465298,1
3007,1544984466299,1
3007,1544984466299,1
3007,1544984466299,1
3007,1544984466299,1
3007,1544984466299,1
3007,1544984466299,1
3007,1544984466299,1
3007,1544984466300,1
3007,1544984467302,1
3007,1544984467303,1
3007,1544984467303,1
3007,1544984467303,1
3007,1544984467303,1
3007,1544984467303,1
3007,1544984467303,1
3007,1544984467304,1
3007,1544984468306,1
3007,1544984468307,1
3007,1544984468307,1
3007,1544984468307,1
3007,1544984468307,1
3007,1544984468307,1
3007,1544984468308,1
3007,1544984468308,1
3007,1544984469307,1
3007,1544984469307,1
3007,1544984469307,1
3007,1544984469307,1
3007,1544984469307,1
3007,1544984469307,1
3007,1544984469307,1
3007,1544984469307,1
3007,1544984470308,1
3007,1544984470309,1
3007,1544984470309,1
3007,1544984470309,1
3007,1544984470309,1
3007,1544984470309,1
3007,1544984470309,1
3007,1544984470309,1
3007,1544984471311,1
3007,1544984471312,1
3007,1544984471312,1
3007,1544984471312,1
3007,1544984471312,1
3007,1544984471312,1
3007,1544984471312,1
3007,1544984471312,1
3007,1544984472314,1
3007,1544984472314,1
3007,1544984472314,1
3007,1544984472314,1
3007,1544984472315,1
3007,1544984472315,1
3007,1544984472315,1
3007,1544984472315,1
3007,1544984473318,1
3007,1544984473318,1
3007,1544984473318,1
3007,1544984473318,1
3007,1544984473318,1
3007,1544984473319,1
3007,1544984473319,1
3007,1544984473319,1
3007,1544984474321,1
3007,1544984474321,1
3007,1544984474321,1
3007,1544984474321,1
3007,1544984474321,1
3007,1544984474321,1
3007,1544984474321,1
3007,1544984474321,1
3007,1544984475322,1
3007,1544984475322,1
3007,1544984475322,1
3007,1544984475322,1
3007,1544984475323,1
3007,1544984475323,1
3007,1544984475323,1
3007,1544984475323,1
3007,1544984476326,1
3007,1544984476326,1
3007,1544984476326,1
3007,1544984476326,1
3007,1544984476326,1
3007,1544984476326,1
3007,1544984476326,1
3007,1544984476326,1
3007,1544984477330,1
3007,1544984477330,1
3007,1544984477331,1
3007,1544984477331,1
3007,1544984477331,1
3007,1544984477331,1
3007,1544984477331,1
3007,1544984477331,1
3007,1544984478334,1
3007,1544984478334,1
3007,1544984478334,1
3007,1544984478335,1
3007,1544984478335,1
3007,1544984478335,1
3007,1544984478335,1
3007,1544984478335,1
3007,1544984479335,1
3007,1544984479335,1
3007,1544984479336,1
3007,1544984479336,1
3007,1544984479336,1
3007,1544984479337,1
3007,1544984479337,1
3007,1544984479337,1
3007,1544984480335,1
3007,1544984480336,1
3007,1544984480336,1
3007,1544984480336,1
3007,1544984480336,1
3007,1544984480336,1
3007,1544984480336,1
3007,1544984480337,1
3007,1544984481338,1
3007,1544984481339,1
3007,1544984481339,1
3007,1544984481339,1
3007,1544984481339,1
3007,1544984481340,1
3007,1544984481340,1
3007,1544984481340,1
3007,1544984482342,1
3007,1544984482343,1
3007,1544984482343,1
3007,1544984482343,1
3007,1544984482343,1
3007,1544984482343,1
3007,1544984482343,1
3007,1544984482343,1
3007,1544984483345,1
3007,1544984483346,1
3007,1544984483346,1
3007,1544984483346,1
3007,1544984483346,1
3007,1544984483347,1
3007,1544984483347,1
3007,1544984483347,1
3007,1544984484348,1
3007,1544984484349,1
3007,1544984484349,1
3007,1544984484349,1
3007,1544984484349,1
3007,1544984484349,1
3007,1544984484349,1
3007,1544984484349,1
3007,1544984485352,1
3007,1544984485352,1
3007,1544984485352,1
3007,1544984485352,1
3007,1544984485352,1
3007,1544984485352,1
3007,1544984485353,1
3007,1544984485353,1
3007,1544984486351,1
3007,1544984486352,1
3007,1544984486352,1
3007,1544984486352,1
3007,1544984486353,1
3007,1544984486353,1
3007,1544984486353,1
3007,1544984486353,1
3007,1544984487352,1
3007,1544984487352,1
3007,1544984487352,1
3007,1544984487352,1
3007,1544984487353,1
3007,1544984487353,1
3007,1544984487353,1
3007,1544984487353,1
3007,1544984488356,1
3007,1544984488357,1
3007,1544984488357,1
3007,1544984488357,1
3007,1544984488357,1
3007,1544984488357,1
3007,1544984488357,1
3007,1544984488358,1
3007,1544984489361,1
3007,1544984489362,1
3007,1544984489362,1
3007,1544984489362,1
3007,1544984489362,1
3007,1544984489362,1
3007,1544984489362,1
3007,1544984489362,1
3007,1544984490365,1
3007,1544984490365,1
3007,1544984490365,1
3007,1544984490365,1
3007,1544984490365,1
3007,1544984490366,1
3007,1544984490366,1
3007,1544984490366,1
3007,1544984491369,1
3007,1544984491370,1
3007,1544984491370,1
3007,1544984491370,1
3007,1544984491370,1
3007,1544984491370,1
3007,1544984491370,1
3007,1544984491370,1
3007,1544984492369,1
3007,1544984492369,1
3007,1544984492369,1
3007,1544984492369,1
3007,1544984492370,1
3007,1544984492370,1
3007,1544984492370,1
3007,1544984492370,1
3007,1544984493371,1
3007,1544984493372,1
3007,1544984493372,1
3007,1544984493372,1
3007,1544984493373,1
3007,1544984493373,1
3007,1544984493373,1
3007,1544984493373,1
3007,1544984494376,1
3007,1544984494376,1
3007,1544984494376,1
3007,1544984494376,1
3007,1544984494377,1
3007,1544984494377,1
3007,1544984494377,1
3007,1544984494377,1
3007,1544984495380,1
3007,1544984495380,1
3007,1544984495380,1
3007,1544984495380,1
3007,1544984495381,1
3007,1544984495381,1
3007,1544984495381,1
3007,1544984495381,1
3007,1544984496384,1
3007,1544984496385,1
3007,1544984496385,1
3007,1544984496385,1
3007,1544984496385,1
3007,1544984496385,1
3007,1544984496385,1
3007,1544984496385,1
3007,1544984497388,1
3007,1544984497388,1
3007,1544984497389,1
3007,1544984497389,1
3007,1544984497389,1
3007,1544984497389,1
3007,1544984497389,1
3007,1544984497389,1
3007,1544984498392,1
3007,1544984498393,1
3007,1544984498393,1
3007,1544984498393,1
3007,1544984498393,1
3007,1544984498393,1
3007,1544984498393,1
3007,1544984498393,1
3007,1544984499396,1
3007,1544984499396,1
3007,1544984499396,1
3007,1544984499397,1
3007,1544984499397,1
3007,1544984499397,1
3007,1544984499397,1
3007,1544984499397,1
3007,1544984500401,1
3007,1544984500401,1
3007,1544984500401,1
3007,1544984500402,1
3007,1544984500402,1
3007,1544984500403,1
3007,1544984500403,1
3007,1544984500403,1
3007,1544984501405,1
3007,1544984501405,1
3007,1544984501406,1
3007,1544984501406,1
3007,1544984501406,1
3007,1544984501406,1
3007,1544984501406,1
3007,1544984501406,1
3007,1544984502407,1
3007,1544984502408,1
3007,1544984502408,1
3007,1544984502408,1
3007,1544984502408,1
3007,1544984502408,1
3007,1544984502409,1
3007,1544984502409,1
3007,1544984503410,1
3007,1544984503411,1
3007,1544984503411,1
3007,1544984503411,1
3007,1544984503411,1
3007,1544984503411,1
3007,1544984503411,1
3007,1544984503411,1
3007,1544984504412,1
3007,1544984504412,1
3007,1544984504412,1
3007,1544984504413,1
3007,1544984504413,1
3007,1544984504413,1
3007,1544984504413,1
3007,1544984504413,1
3007,1544984505416,1
3007,1544984505416,1
3007,1544984505416,1
3007,1544984505417,1
3007,1544984505417,1
3007,1544984505417,1
3007,1544984505417,1
3007,1544984505417,1
3007,1544984506420,1
3007,1544984506421,1
3007,1544984506421,1
3007,1544984506421,1
3007,1544984506421,1
3007,1544984506421,1
3007,1544984506421,1
3007,1544984506421,1
3007,1544984507421,1
3007,1544984507422,1
3007,1544984507422,1
3007,1544984507422,1
3007,1544984507422,1
3007,1544984507422,1
3007,1544984507422,1
3007,1544984507422,1
3007,1544984508427,1
3007,1544984508427,1
3007,1544984508427,1
3007,1544984508427,1
3007,1544984508428,1
3007,1544984508428,1
3007,1544984508428,1
3007,1544984508428,1
3007,1544984509428,1
3007,1544984509428,1
3007,1544984509429,1
3007,1544984509429,1
3007,1544984509429,1
3007,1544984509429,1
3007,1544984509429,1
3007,1544984509429,1
3007,1544984510430,1
3007,1544984510430,1
3007,1544984510430,1
3007,1544984510430,1
3007,1544984510431,1
3007,1544984510431,1
3007,1544984510431,1
3007,1544984510431,1
3007,1544984511434,1
3007,1544984511434,1
3007,1544984511434,1
3007,1544984511434,1
3007,1544984511434,1
3007,1544984511434,1
3007,1544984511435,1
3007,1544984511435,1
3007,1544984512436,1
3007,1544984512436,1
3007,1544984512436,1
3007,1544984512436,1
3007,1544984512437,1
3007,1544984512437,1
3007,1544984512437,1
3007,1544984512437,1
3007,1544984513441,1
3007,1544984513441,1
3007,1544984513441,1
3007,1544984513442,1
3007,1544984513442,1
3007,1544984513442,1
3007,1544984513442,1
3007,1544984513442,1
3007,1544984514445,1
3007,1544984514445,1
3007,1544984514445,1
3007,1544984514445,1
3007,1544984514445,1
3007,1544984514446,1
3007,1544984514446,1
3007,1544984514446,1
3007,1544984515445,1
3007,1544984515445,1
3007,1544984515445,1
3007,1544984515446,1
3007,1544984515446,1
3007,1544984515446,1
3007,1544984515446,1
3007,1544984515446,1
3007,1544984516445,1
3007,1544984516445,1
3007,1544984516446,1
3007,1544984516446,1
3007,1544984516446,1
3007,1544984516446,1
3007,1544984516446,1
3007,1544984516446,1
3007,1544984517448,1
3007,1544984517448,1
3007,1544984517448,1
3007,1544984517448,1
3007,1544984517448,1
3007,1544984517449,1
3007,1544984517449,1
3007,1544984517449,1
3007,1544984518451,1
3007,1544984518452,1
3007,1544984518452,1
3007,1544984518452,1
3007,1544984518452,1
3007,1544984518452,1
3007,1544984518452,1
3007,1544984518453,1
3007,1544984519454,1
3007,1544984519454,1
3007,1544984519454,1
3007,1544984519454,1
3007,1544984519454,1
3007,1544984519455,1
3007,1544984519455,1
3007,1544984519455,1
3007,1544984520458,1
3007,1544984520458,1
3007,1544984520458,1
3007,1544984520458,1
3007,1544984520458,1
3007,1544984520458,1
3007,1544984520458,1
3007,1544984520458,1
3007,1544984521461,1
3007,1544984521462,1
3007,1544984521462,1
3007,1544984521462,1
3007,1544984521462,1
3007,1544984521462,1
3007,1544984521463,1
3007,1544984521463,1
3007,1544984522465,1
3007,1544984522465,1
3007,1544984522465,1
3007,1544984522465,1
3007,1544984522466,1
3007,1544984522466,1
3007,1544984522466,1
3007,1544984522466,1
3007,1544984523468,1
3007,1544984523468,1
3007,1544984523468,1
3007,1544984523469,1
3007,1544984523469,1
3007,1544984523469,1
3007,1544984523469,1
3007,1544984523469,1
3007,1544984524473,1
3007,1544984524473,1
3007,1544984524474,1
3007,1544984524474,1
3007,1544984524474,1
3007,1544984524474,1
3007,1544984524474,1
3007,1544984524474,1
3007,1544984525478,1
3007,1544984525478,1
3007,1544984525478,1
3007,1544984525478,1
3007,1544984525478,1
3007,1544984525479,1
3007,1544984525479,1
3007,1544984525479,1
3007,1544984526481,1
3007,1544984526482,1
3007,1544984526482,1
3007,1544984526482,1
3007,1544984526482,1
3007,1544984526482,1
3007,1544984526483,1
3007,1544984526483,1
3007,1544984527483,1
3007,1544984527483,1
3007,1544984527483,1
3007,1544984527484,1
3007,1544984527484,1
3007,1544984527484,1
3007,1544984527484,1
3007,1544984527484,1
3007,1544984528486,1
3007,1544984528487,1
3007,1544984528487,1
3007,1544984528487,1
3007,1544984528487,1
3007,1544984528487,1
3007,1544984528488,1
3007,1544984528488,1
3007,1544984529490,1
3007,1544984529491,1
3007,1544984529491,1
3007,1544984529491,1
3007,1544984529491,1
3007,1544984529491,1
3007,1544984529491,1
3007,1544984529492,1
3007,1544984530491,1
3007,1544984530491,1
3007,1544984530491,1
3007,1544984530492,1
3007,1544984530492,1
3007,1544984530492,1
3007,1544984530493,1
3007,1544984530493,1
3007,1544984531495,1
3007,1544984531496,1
3007,1544984531496,1
3007,1544984531496,1
3007,1544984531496,1
3007,1544984531496,1
3007,1544984531496,1
3007,1544984531496,1
3007,1544984532499,1
3007,1544984532500,1
3007,1544984532500,1
3007,1544984532500,1
3007,1544984532500,1
3007,1544984532500,1
3007,1544984532500,1
3007,1544984532501,1
3007,1544984533504,1
3007,1544984533504,1
3007,1544984533504,1
3007,1544984533504,1
3007,1544984533504,1
3007,1544984533504,1
3007,1544984533504,1
3007,1544984533504,1
3007,1544984534504,1
3007,1544984534504,1
3007,1544984534504,1
3007,1544984534504,1
3007,1544984534504,1
3007,1544984534505,1
3007,1544984534505,1
3007,1544984534505,1
3007,1544984535507,1
3007,1544984535507,1
3007,1544984535507,1
3007,1544984535507,1
3007,1544984535508,1
3007,1544984535508,1
3007,1544984535508,1
3007,1544984535508,1
3007,1544984536509,1
3007,1544984536510,1
3007,1544984536510,1
3007,1544984536510,1
3007,1544984536510,1
3007,1544984536510,1
3007,1544984536510,1
3007,1544984536511,1
3007,1544984537513,1
3007,1544984537513,1
3007,1544984537513,1
3007,1544984537513,1
3007,1544984537514,1
3007,1544984537514,1
3007,1544984537514,1
3007,1544984537514,1
3007,1544984538517,1
3007,1544984538517,1
3007,1544984538517,1
3007,1544984538517,1
3007,1544984538517,1
3007,1544984538518,1
3007,1544984538518,1
3007,1544984538518,1
3007,1544984539519,1
3007,1544984539519,1
3007,1544984539520,1
3007,1544984539520,1
3007,1544984539520,1
3007,1544984539520,1
3007,1544984539520,1
3007,1544984539520,1
3007,1544984540519,1
3007,1544984540519,1
3007,1544984540520,1
3007,1544984540520,1
3007,1544984540520,1
3007,1544984540520,1
3007,1544984540520,1
3007,1544984540520,1
3007,1544984541520,1
3007,1544984541520,1
3007,1544984541521,1
3007,1544984541521,1
3007,1544984541521,1
3007,1544984541521,1
3007,1544984541521,1
3007,1544984541521,1
3007,1544984542523,1
3007,1544984542524,1
3007,1544984542524,1
3007,1544984542524,1
3007,1544984542524,1
3007,1544984542524,1
3007,1544984542524,1
3007,1544984542524,1
3007,1544984543528,1
3007,1544984543528,1
3007,1544984543528,1
3007,1544984543529,1
3007,1544984543529,1
3007,1544984543529,1
3007,1544984543529,1
3007,1544984543529,1
3007,1544984544530,1
3007,1544984544530,1
3007,1544984544531,1
3007,1544984544531,1
3007,1544984544531,1
3007,1544984544531,1
3007,1544984544532,1
3007,1544984544532,1
3007,1544984545533,1
3007,1544984545533,1
3007,1544984545533,1
3007,1544984545534,1
3007,1544984545534,1
3007,1544984545534,1
3007,1544984545534,1
3007,1544984545534,1
3007,1544984546533,1
3007,1544984546533,1
3007,1544984546533,1
3007,1544984546533,1
3007,1544984546533,1
3007,1544984546533,1
3007,1544984546534,1
3007,1544984546534,1
3007,1544984547533,1
3007,1544984547533,1
3007,1544984547533,1
3007,1544984547533,1
3007,1544984547533,1
3007,1544984547533,1
3007,1544984547533,1
3007,1544984547534,1
3007,1544984548535,1
3007,1544984548535,1
3007,1544984548536,1
3007,1544984548536,1
3007,1544984548536,1
3007,1544984548536,1
3007,1544984548536,1
3007,1544984548536,1
3007,1544984549538,1
3007,1544984549538,1
3007,1544984549538,1
3007,1544984549538,1
3007,1544984549539,1
3007,1544984549539,1
3007,1544984549539,1
3007,1544984549539,1
3007,1544984550540,1
3007,1544984550540,1
3007,1544984550540,1
3007,1544984550541,1
3007,1544984550541,1
3007,1544984550541,1
3007,1544984550541,1
3007,1544984550541,1
3007,1544984551541,1
3007,1544984551541,1
3007,1544984551541,1
3007,1544984551541,1
3007,1544984551541,1
3007,1544984551541,1
3007,1544984551542,1
3007,1544984551542,1
3007,1544984552545,1
3007,1544984552545,1
3007,1544984552545,1
3007,1544984552545,1
3007,1544984552546,1
3007,1544984552546,1
3007,1544984552546,1
3007,1544984552546,1
3007,1544984553549,1
3007,1544984553549,1
3007,1544984553549,1
3007,1544984553549,1
3007,1544984553549,1
3007,1544984553549,1
3007,1544984553550,1
3007,1544984553550,1
3007,1544984554553,1
3007,1544984554553,1
3007,1544984554553,1
3007,1544984554554,1
3007,1544984554554,1
3007,1544984554554,1
3007,1544984554554,1
3007,1544984554554,1
3007,1544984555554,1
3007,1544984555555,1
3007,1544984555555,1
3007,1544984555555,1
3007,1544984555555,1
3007,1544984555555,1
3007,1544984555555,1
3007,1544984555556,1
3007,1544984556557,1
3007,1544984556557,1
3007,1544984556558,1
3007,1544984556558,1
3007,1544984556558,1
3007,1544984556558,1
3007,1544984556558,1
3007,1544984556558,1
3007,1544984557560,1
3007,1544984557561,1
3007,1544984557561,1
3007,1544984557561,1
3007,1544984557561,1
3007,1544984557561,1
3007,1544984557561,1
3007,1544984557561,1
3007,1544984558561,1
3007,1544984558561,1
3007,1544984558561,1
3007,1544984558561,1
3007,1544984558561,1
3007,1544984558561,1
3007,1544984558562,1
3007,1544984558562,1
3007,1544984559561,1
3007,1544984559561,1
3007,1544984559561,1
3007,1544984559561,1
3007,1544984559562,1
3007,1544984559562,1
3007,1544984559562,1
3007,1544984559562,1
3007,1544984560561,1
3007,1544984560561,1
3007,1544984560562,1
3007,1544984560562,1
3007,1544984560562,1
3007,1544984560562,1
3007,1544984560562,1
3007,1544984560562,1
3007,1544984561566,1
3007,1544984561567,1
3007,1544984561567,1
3007,1544984561567,1
3007,1544984561567,1
3007,1544984561567,1
3007,1544984561567,1
3007,1544984561567,1
3007,1544984562566,1
3007,1544984562567,1
3007,1544984562567,1
3007,1544984562567,1
3007,1544984562567,1
3007,1544984562567,1
3007,1544984562567,1
3007,1544984562567,1
3007,1544984563569,1
3007,1544984563569,1
3007,1544984563570,1
3007,1544984563570,1
3007,1544984563570,1
3007,1544984563570,1
3007,1544984563570,1
3007,1544984563570,1
3007,1544984564573,1
3007,1544984564573,1
3007,1544984564573,1
3007,1544984564573,1
3007,1544984564573,1
3007,1544984564574,1
3007,1544984564574,1
3007,1544984564574,1
3007,1544984565577,1
3007,1544984565577,1
3007,1544984565577,1
3007,1544984565578,1
3007,1544984565578,1
3007,1544984565578,1
3007,1544984565578,1
3007,1544984565578,1
3007,1544984566582,1
3007,1544984566582,1
3007,1544984566582,1
3007,1544984566582,1
3007,1544984566582,1
3007,1544984566582,1
3007,1544984566583,1
3007,1544984566583,1
3007,1544984567582,1
3007,1544984567583,1
3007,1544984567584,1
3007,1544984567584,1
3007,1544984567584,1
3007,1544984567584,1
3007,1544984567584,1
3007,1544984567584,1
3007,1544984568583,1
3007,1544984568583,1
3007,1544984568583,1
3007,1544984568583,1
3007,1544984568583,1
3007,1544984568583,1
3007,1544984568584,1
3007,1544984568584,1
3007,1544984569587,1
3007,1544984569588,1
3007,1544984569588,1
3007,1544984569588,1
3007,1544984569588,1
3007,1544984569588,1
3007,1544984569588,1
3007,1544984569588,1
3007,1544984570588,1
3007,1544984570588,1
3007,1544984570589,1
3007,1544984570589,1
3007,1544984570589,1
3007,1544984570589,1
3007,1544984570589,1
3007,1544984570589,1
3007,1544984571590,1
3007,1544984571590,1
3007,1544984571590,1
3007,1544984571590,1
3007,1544984571590,1
3007,1544984571590,1
3007,1544984571591,1
3007,1544984571591,1
3007,1544984572594,1
3007,1544984572594,1
3007,1544984572595,1
3007,1544984572595,1
3007,1544984572595,1
3007,1544984572595,1
3007,1544984572595,1
3007,1544984572595,1
3007,1544984573598,1
3007,1544984573598,1
3007,1544984573599,1
3007,1544984573599,1
3007,1544984573599,1
3007,1544984573599,1
3007,1544984573599,1
3007,1544984573599,1
3007,1544984574603,1
3007,1544984574603,1
3007,1544984574603,1
3007,1544984574604,1
3007,1544984574604,1
3007,1544984574605,1
3007,1544984574605,1
3007,1544984574605,1
3007,1544984575603,1
3007,1544984575603,1
3007,1544984575603,1
3007,1544984575603,1
3007,1544984575603,1
3007,1544984575603,1
3007,1544984575603,1
3007,1544984575603,1
3007,1544984576603,1
3007,1544984576603,1
3007,1544984576603,1
3007,1544984576603,1
3007,1544984576603,1
3007,1544984576603,1
3007,1544984576604,1
3007,1544984576604,1
3007,1544984577605,1
3007,1544984577605,1
3007,1544984577606,1
3007,1544984577606,1
3007,1544984577606,1
3007,1544984577606,1
3007,1544984577606,1
3007,1544984577606,1
3007,1544984578610,1
3007,1544984578610,1
3007,1544984578611,1
3007,1544984578611,1
3007,1544984578611,1
3007,1544984578611,1
3007,1544984578611,1
3007,1544984578611,1
3007,1544984579612,1
3007,1544984579612,1
3007,1544984579612,1
3007,1544984579612,1
3007,1544984579612,1
3007,1544984579613,1
3007,1544984579613,1
3007,1544984579613,1
3007,1544984580616,1
3007,1544984580617,1
3007,1544984580617,1
3007,1544984580617,1
3007,1544984580617,1
3007,1544984580617,1
3007,1544984580617,1
3007,1544984580618,1
3007,1544984581616,1
3007,1544984581617,1
3007,1544984581617,1
3007,1544984581617,1
3007,1544984581617,1
3007,1544984581618,1
3007,1544984581618,1
3007,1544984581619,1
3007,1544984582617,1
3007,1544984582617,1
3007,1544984582617,1
3007,1544984582617,1
3007,1544984582617,1
3007,1544984582617,1
3007,1544984582617,1
3007,1544984582617,1
3007,1544984583616,1
3007,1544984583616,1
3007,1544984583616,1
3007,1544984583617,1
3007,1544984583617,1
3007,1544984583617,1
3007,1544984583617,1
3007,1544984583617,1
3007,1544984584616,1
3007,1544984584616,1
3007,1544984584616,1
3007,1544984584616,1
3007,1544984584617,1
3007,1544984584617,1
3007,1544984584617,1
3007,1544984584617,1
3007,1544984585620,1
3007,1544984585620,1
3007,1544984585621,1
3007,1544984585621,1
3007,1544984585621,1
3007,1544984585621,1
3007,1544984585621,1
3007,1544984585621,1
3007,1544984586620,1
3007,1544984586620,1
3007,1544984586620,1
3007,1544984586620,1
3007,1544984586621,1
3007,1544984586621,1
3007,1544984586621,1
3007,1544984586621,1
3007,1544984587624,1
3007,1544984587624,1
3007,1544984587625,1
3007,1544984587625,1
3007,1544984587625,1
3007,1544984587625,1
3007,1544984587625,1
3007,1544984587625,1
3007,1544984588627,1
3007,1544984588627,1
3007,1544984588627,1
3007,1544984588627,1
3007,1544984588627,1
3007,1544984588628,1
3007,1544984588628,1
3007,1544984588628,1
3007,1544984589630,1
3007,1544984589631,1
3007,1544984589631,1
3007,1544984589631,1
3007,1544984589631,1
3007,1544984589631,1
3007,1544984589631,1
3007,1544984589631,1
3007,1544984590635,1
3007,1544984590636,1
3007,1544984590636,1
3007,1544984590636,1
3007,1544984590636,1
3007,1544984590636,1
3007,1544984590636,1
3007,1544984590636,1
3007,1544984591640,1
3007,1544984591640,1
3007,1544984591640,1
3007,1544984591640,1
3007,1544984591640,1
3007,1544984591641,1
3007,1544984591641,1
3007,1544984591641,1
3007,1544984592641,1
3007,1544984592641,1
3007,1544984592641,1
3007,1544984592641,1
3007,1544984592641,1
3007,1544984592641,1
3007,1544984592641,1
3007,1544984592641,1
3007,1544984593643,1
3007,1544984593644,1
3007,1544984593644,1
3007,1544984593644,1
3007,1544984593644,1
3007,1544984593644,1
3007,1544984593644,1
3007,1544984593645,1
3007,1544984594647,1
3007,1544984594647,1
3007,1544984594647,1
3007,1544984594647,1
3007,1544984594647,1
3007,1544984594647,1
3007,1544984594647,1
3007,1544984594648,1
3007,1544984595651,1
3007,1544984595651,1
3007,1544984595651,1
3007,1544984595651,1
3007,1544984595651,1
3007,1544984595651,1
3007,1544984595651,1
3007,1544984595652,1
3007,1544984596651,1
3007,1544984596651,1
3007,1544984596651,1
3007,1544984596651,1
3007,1544984596652,1
3007,1544984596652,1
3007,1544984596652,1
3007,1544984596652,1
3007,1544984597650,1
3007,1544984597651,1
3007,1544984597651,1
3007,1544984597651,1
3007,1544984597651,1
3007,1544984597651,1
3007,1544984597651,1
3007,1544984597651,1
3007,1544984598655,1
3007,1544984598655,1
3007,1544984598656,1
3007,1544984598656,1
3007,1544984598656,1
3007,1544984598656,1
3007,1544984598656,1
3007,1544984598656,1
3007,1544984599659,1
3007,1544984599659,1
3007,1544984599659,1
3007,1544984599659,1
3007,1544984599660,1
3007,1544984599660,1
3007,1544984599660,1
3007,1544984599660,1
3007,1544984600663,1
3007,1544984600663,1
3007,1544984600663,1
3007,1544984600663,1
3007,1544984600663,1
3007,1544984600664,1
3007,1544984600664,1
3007,1544984600664,1
3007,1544984601664,1
3007,1544984601665,1
3007,1544984601665,1
3007,1544984601665,1
3007,1544984601665,1
3007,1544984601665,1
3007,1544984601666,1
3007,1544984601666,1
3007,1544984602665,1
3007,1544984602665,1
3007,1544984602666,1
3007,1544984602666,1
3007,1544984602666,1
3007,1544984602666,1
3007,1544984602666,1
3007,1544984602667,1
3007,1544984603668,1
3007,1544984603668,1
3007,1544984603668,1
3007,1544984603668,1
3007,1544984603668,1
3007,1544984603668,1
3007,1544984603668,1
3007,1544984603669,1
3007,1544984604671,1
3007,1544984604672,1
3007,1544984604673,1
3007,1544984604673,1
3007,1544984604673,1
3007,1544984604673,1
3007,1544984604673,1
3007,1544984604673,1
3007,1544984605672,1
3007,1544984605673,1
3007,1544984605673,1
3007,1544984605673,1
3007,1544984605673,1
3007,1544984605673,1
3007,1544984605673,1
3007,1544984605673,1
3007,1544984606672,1
3007,1544984606673,1
3007,1544984606673,1
3007,1544984606673,1
3007,1544984606673,1
3007,1544984606673,1
3007,1544984606674,1
3007,1544984606674,1
3007,1544984607677,1
3007,1544984607677,1
3007,1544984607678,1
3007,1544984607678,1
3007,1544984607678,1
3007,1544984607678,1
3007,1544984607678,1
3007,1544984607678,1
3007,1544984608680,1
3007,1544984608680,1
3007,1544984608680,1
3007,1544984608680,1
3007,1544984608680,1
3007,1544984608681,1
3007,1544984608681,1
3007,1544984608681,1
3007,1544984609684,1
3007,1544984609684,1
3007,1544984609685,1
3007,1544984609685,1
3007,1544984609685,1
3007,1544984609685,1
3007,1544984609685,1
3007,1544984609685,1
3007,1544984610688,1
3007,1544984610688,1
3007,1544984610688,1
3007,1544984610688,1
3007,1544984610688,1
3007,1544984610689,1
3007,1544984610689,1
3007,1544984610689,1
3007,1544984611690,1
3007,1544984611690,1
3007,1544984611690,1
3007,1544984611691,1
3007,1544984611691,1
3007,1544984611691,1
3007,1544984611692,1
3007,1544984611692,1
3007,1544984612694,1
3007,1544984612694,1
3007,1544984612694,1
3007,1544984612694,1
3007,1544984612694,1
3007,1544984612694,1
3007,1544984612695,1
3007,1544984612695,1
3007,1544984613696,1
3007,1544984613696,1
3007,1544984613696,1
3007,1544984613696,1
3007,1544984613696,1
3007,1544984613697,1
3007,1544984613697,1
3007,1544984613697,1
3007,1544984614698,1
3007,1544984614698,1
3007,1544984614698,1
3007,1544984614698,1
3007,1544984614699,1
3007,1544984614699,1
3007,1544984614699,1
3007,1544984614699,1
3007,1544984615703,1
3007,1544984615703,1
3007,1544984615703,1
3007,1544984615703,1
3007,1544984615703,1
3007,1544984615704,1
3007,1544984615704,1
3007,1544984615704,1
3007,1544984616703,1
3007,1544984616703,1
3007,1544984616703,1
3007,1544984616703,1
3007,1544984616704,1
3007,1544984616704,1
3007,1544984616704,1
3007,1544984616704,1
3007,1544984617706,1
3007,1544984617707,1
3007,1544984617707,1
3007,1544984617707,1
3007,1544984617707,1
3007,1544984617707,1
3007,1544984617707,1
3007,1544984617708,1
3007,1544984618710,1
3007,1544984618710,1
3007,1544984618710,1
3007,1544984618710,1
3007,1544984618711,1
3007,1544984618712,1
3007,1544984618712,1
3007,1544984618712,1
3007,1544984619715,1
3007,1544984619715,1
3007,1544984619715,1
3007,1544984619715,1
3007,1544984619716,1
3007,1544984619716,1
3007,1544984619716,1
3007,1544984619716,1
3007,1544984620719,1
3007,1544984620719,1
3007,1544984620719,1
3007,1544984620719,1
3007,1544984620720,1
3007,1544984620720,1
3007,1544984620720,1
3007,1544984620720,1
3007,1544984621721,1
3007,1544984621721,1
3007,1544984621722,1
3007,1544984621722,1
3007,1544984621722,1
3007,1544984621722,1
3007,1544984621722,1
3007,1544984621723,1
3007,1544984622724,1
3007,1544984622724,1
3007,1544984622725,1
3007,1544984622725,1
3007,1544984622725,1
3007,1544984622725,1
3007,1544984622725,1
3007,1544984622725,1
3007,1544984623729,1
3007,1544984623729,1
3007,1544984623729,1
3007,1544984623729,1
3007,1544984623729,1
3007,1544984623730,1
3007,1544984623730,1
3007,1544984623730,1
3007,1544984624732,1
3007,1544984624733,1
3007,1544984624733,1
3007,1544984624733,1
3007,1544984624733,1
3007,1544984624733,1
3007,1544984624734,1
3007,1544984624734,1
3007,1544984625736,1
3007,1544984625736,1
3007,1544984625736,1
3007,1544984625737,1
3007,1544984625737,1
3007,1544984625737,1
3007,1544984625738,1
3007,1544984625738,1
3007,1544984626741,1
3007,1544984626741,1
3007,1544984626741,1
3007,1544984626741,1
3007,1544984626742,1
3007,1544984626742,1
3007,1544984626742,1
3007,1544984626742,1
3007,1544984627745,1
3007,1544984627745,1
3007,1544984627745,1
3007,1544984627746,1
3007,1544984627746,1
3007,1544984627746,1
3007,1544984627746,1
3007,1544984627746,1
3007,1544984628750,1
3007,1544984628750,1
3007,1544984628751,1
3007,1544984628751,1
3007,1544984628751,1
3007,1544984628751,1
3007,1544984628751,1
3007,1544984628751,1
3007,1544984629753,1
3007,1544984629753,1
3007,1544984629753,1
3007,1544984629753,1
3007,1544984629754,1
3007,1544984629754,1
3007,1544984629754,1
3007,1544984629754,1
3007,1544984630753,1
3007,1544984630753,1
3007,1544984630754,1
3007,1544984630754,1
3007,1544984630754,1
3007,1544984630754,1
3007,1544984630754,1
3007,1544984630754,1
3007,1544984631756,1
3007,1544984631756,1
3007,1544984631756,1
3007,1544984631757,1
3007,1544984631757,1
3007,1544984631757,1
3007,1544984631757,1
3007,1544984631757,1
