3002,1544984036031,1
3002,1544984037032,1
3002,1544984037545,1
3002,1544984038031,1
3002,1544984038547,1
3002,1544984039037,1
3002,1544984039088,1
3002,1544984039548,1
3002,1544984040041,1
3002,1544984040087,1
3002,1544984040550,1
3002,1544984040666,1
3002,1544984041037,1
3002,1544984041086,1
3002,1544984041550,1
3002,1544984041669,1
3002,1544984042043,1
3002,1544984042088,1
3002,1544984042239,1
3002,1544984042550,1
3002,1544984042672,1
3002,1544984043048,1
3002,1544984043093,1
3002,1544984043244,1
3002,1544984043554,1
3002,1544984043672,1
3002,1544984043788,1
3002,1544984044048,1
3002,1544984044093,1
3002,1544984044242,1
3002,1544984044559,1
3002,1544984044689,1
3002,1544984044786,1
3002,1544984045051,1
3002,1544984045097,1
3002,1544984045241,1
3002,1544984045310,1
3002,1544984045558,1
3002,1544984045678,1
3002,1544984045794,1
3002,1544984046052,1
3002,1544984046097,1
3002,1544984046241,1
3002,1544984046311,1
3002,1544984046563,1
3002,1544984046677,1
3002,1544984046800,1
3002,1544984046902,1
3002,1544984047058,1
3002,1544984047101,1
3002,1544984047246,1
3002,1544984047320,1
3002,1544984047568,1
3002,1544984047682,1
3002,1544984047788,1
3002,1544984047903,1
3002,1544984048063,1
3002,1544984048106,1
3002,1544984048246,1
3002,1544984048315,1
3002,1544984048569,1
3002,1544984048681,1
3002,1544984048792,1
3002,1544984048904,1
3002,1544984049059,1
3002,1544984049114,1
3002,1544984049244,1
3002,1544984049313,1
3002,1544984049567,1
3002,1544984049689,1
3002,1544984049795,1
3002,1544984049905,1
3002,1544984050062,1
3002,1544984050112,1
3002,1544984050249,1
3002,1544984050313,1
3002,1544984050567,1
3002,1544984050688,1
3002,1544984050806,1
3002,1544984050909,1
3002,1544984051066,1
3002,1544984051118,1
3002,1544984051255,1
3002,1544984051317,1
3002,1544984051568,1
3002,1544984051691,1
3002,1544984051807,1
3002,1544984051908,1
3002,1544984052065,1
3002,1544984052119,1
3002,1544984052256,1
3002,1544984052323,1
3002,1544984052570,1
3002,1544984052692,1
3002,1544984052803,1
3002,1544984052911,1
3002,1544984053064,1
3002,1544984053122,1
3002,1544984053263,1
3002,1544984053335,1
3002,1544984053574,1
3002,1544984053696,1
3002,1544984053808,1
3002,1544984053910,1
3002,1544984054066,1
3002,1544984054124,1
3002,1544984054259,1
3002,1544984054321,1
3002,1544984054580,1
3002,1544984054744,1
3002,1544984054829,1
3002,1544984054924,1
3002,1544984055068,1
3002,1544984055126,1
3002,1544984055260,1
3002,1544984055327,1
3002,1544984055584,1
3002,1544984055702,1
3002,1544984055816,1
3002,1544984055921,1
3002,1544984056067,1
3002,1544984056130,1
3002,1544984056263,1
3002,1544984056330,1
3002,1544984056588,1
3002,1544984056706,1
3002,1544984056820,1
3002,1544984056919,1
3002,1544984057070,1
3002,1544984057131,1
3002,1544984057269,1
3002,1544984057329,1
3002,1544984057591,1
3002,1544984057709,1
3002,1544984057822,1
3002,1544984057923,1
3002,1544984058075,1
3002,1544984058135,1
3002,1544984058272,1
3002,1544984058336,1
3002,1544984058592,1
3002,1544984058713,1
3002,1544984058824,1
3002,1544984058931,1
3002,1544984059077,1
3002,1544984059130,1
3002,1544984059272,1
3002,1544984059333,1
3002,1544984059594,1
3002,1544984059717,1
3002,1544984059827,1
3002,1544984059930,1
3002,1544984060076,1
3002,1544984060130,1
3002,1544984060275,1
3002,1544984060330,1
3002,1544984060593,1
3002,1544984060718,1
3002,1544984060832,1
3002,1544984060937,1
3002,1544984061079,1
3002,1544984061134,1
3002,1544984061284,1
3002,1544984061340,1
3002,1544984061596,1
3002,1544984061720,1
3002,1544984061830,1
3002,1544984061936,1
3002,1544984062079,1
3002,1544984062140,1
3002,1544984062284,1
3002,1544984062340,1
3002,1544984062601,1
3002,1544984062719,1
3002,1544984062831,1
3002,1544984062936,1
3002,1544984063085,1
3002,1544984063136,1
3002,1544984063281,1
3002,1544984063339,1
3002,1544984063601,1
3002,1544984063721,1
3002,1544984063840,1
3002,1544984063939,1
3002,1544984064085,1
3002,1544984064136,1
3002,1544984064284,1
3002,1544984064343,1
3002,1544984064607,1
3002,1544984064728,1
3002,1544984064839,1
3002,1544984064943,1
3002,1544984065088,1
3002,1544984065139,1
3002,1544984065285,1
3002,1544984065344,1
3002,1544984065614,1
3002,1544984065729,1
3002,1544984065842,1
3002,1544984065944,1
3002,1544984066092,1
3002,1544984066145,1
3002,1544984066286,1
3002,1544984066346,1
3002,1544984066614,1
3002,1544984066725,1
3002,1544984066840,1
3002,1544984066955,1
3002,1544984067094,1
3002,1544984067144,1
3002,1544984067291,1
3002,1544984067346,1
3002,1544984067614,1
3002,1544984067733,1
3002,1544984067842,1
3002,1544984067951,1
3002,1544984068091,1
3002,1544984068148,1
3002,1544984068288,1
3002,1544984068361,1
3002,1544984068618,1
3002,1544984068734,1
3002,1544984068846,1
3002,1544984068952,1
3002,1544984069094,1
3002,1544984069143,1
3002,1544984069295,1
3002,1544984069357,1
3002,1544984069618,1
3002,1544984069734,1
3002,1544984069852,1
3002,1544984069958,1
3002,1544984070098,1
3002,1544984070146,1
3002,1544984070298,1
3002,1544984070355,1
3002,1544984070622,1
3002,1544984070738,1
3002,1544984070865,1
3002,1544984070957,1
3002,1544984071099,1
3002,1544984071153,1
3002,1544984071301,1
3002,1544984071362,1
3002,1544984071625,1
3002,1544984071742,1
3002,1544984071859,1
3002,1544984071972,1
3002,1544984072103,1
3002,1544984072161,1
3002,1544984072308,1
3002,1544984072369,1
3002,1544984072631,1
3002,1544984072742,1
3002,1544984072897,1
3002,1544984072982,1
3002,1544984073103,1
3002,1544984073156,1
3002,1544984073301,1
3002,1544984073377,1
3002,1544984073638,1
3002,1544984073746,1
3002,1544984073862,1
3002,1544984073962,1
3002,1544984074105,1
3002,1544984074162,1
3002,1544984074306,1
3002,1544984074379,1
3002,1544984074636,1
3002,1544984074764,1
3002,1544984074868,1
3002,1544984074964,1
3002,1544984075108,1
3002,1544984075166,1
3002,1544984075304,1
3002,1544984075381,1
3002,1544984075642,1
3002,1544984075753,1
3002,1544984075869,1
3002,1544984076027,1
3002,1544984076110,1
3002,1544984076167,1
3002,1544984076314,1
3002,1544984076372,1
3002,1544984076645,1
3002,1544984076754,1
3002,1544984076870,1
3002,1544984076969,1
3002,1544984077113,1
3002,1544984077169,1
3002,1544984077311,1
3002,1544984077377,1
3002,1544984077645,1
3002,1544984077757,1
3002,1544984077872,1
3002,1544984077972,1
3002,1544984078118,1
3002,1544984078169,1
3002,1544984078311,1
3002,1544984078385,1
3002,1544984078648,1
3002,1544984078760,1
3002,1544984078872,1
3002,1544984078976,1
3002,1544984079119,1
3002,1544984079173,1
3002,1544984079314,1
3002,1544984079379,1
3002,1544984079652,1
3002,1544984079763,1
3002,1544984079876,1
3002,1544984079981,1
3002,1544984080126,1
3002,1544984080180,1
3002,1544984080315,1
3002,1544984080379,1
3002,1544984080652,1
3002,1544984080767,1
3002,1544984080877,1
3002,1544984080979,1
3002,1544984081128,1
3002,1544984081183,1
3002,1544984081323,1
3002,1544984081383,1
3002,1544984081658,1
3002,1544984081763,1
3002,1544984081880,1
3002,1544984081987,1
3002,1544984082131,1
3002,1544984082184,1
3002,1544984082325,1
3002,1544984082386,1
3002,1544984082658,1
3002,1544984082769,1
3002,1544984082883,1
3002,1544984082978,1
3002,1544984083132,1
3002,1544984083191,1
3002,1544984083325,1
3002,1544984083393,1
3002,1544984083661,1
3002,1544984083773,1
3002,1544984083892,1
3002,1544984083985,1
3002,1544984084135,1
3002,1544984084188,1
3002,1544984084325,1
3002,1544984084397,1
3002,1544984084659,1
3002,1544984084777,1
3002,1544984084896,1
3002,1544984084988,1
3002,1544984085137,1
3002,1544984085193,1
3002,1544984085326,1
3002,1544984085396,1
3002,1544984085667,1
3002,1544984085787,1
3002,1544984085905,1
3002,1544984085993,1
3002,1544984086141,1
3002,1544984086193,1
3002,1544984086331,1
3002,1544984086400,1
3002,1544984086666,1
3002,1544984086786,1
3002,1544984086902,1
3002,1544984087008,1
3002,1544984087141,1
3002,1544984087197,1
3002,1544984087331,1
3002,1544984087406,1
3002,1544984087671,1
3002,1544984087787,1
3002,1544984087903,1
3002,1544984088001,1
3002,1544984088145,1
3002,1544984088193,1
3002,1544984088335,1
3002,1544984088415,1
3002,1544984088674,1
3002,1544984088786,1
3002,1544984088926,1
3002,1544984089005,1
3002,1544984089147,1
3002,1544984089197,1
3002,1544984089340,1
3002,1544984089410,1
3002,1544984089676,1
3002,1544984089789,1
3002,1544984089909,1
3002,1544984090008,1
3002,1544984090150,1
3002,1544984090204,1
3002,1544984090339,1
3002,1544984090412,1
3002,1544984090679,1
3002,1544984090790,1
3002,1544984090919,1
3002,1544984091009,1
3002,1544984091155,1
3002,1544984091203,1
3002,1544984091340,1
3002,1544984091411,1
3002,1544984091679,1
3002,1544984091795,1
3002,1544984091921,1
3002,1544984092009,1
3002,1544984092157,1
3002,1544984092208,1
3002,1544984092350,1
3002,1544984092417,1
3002,1544984092681,1
3002,1544984092797,1
3002,1544984092920,1
3002,1544984093014,1
3002,1544984093158,1
3002,1544984093220,1
3002,1544984093347,1
3002,1544984093423,1
3002,1544984093681,1
3002,1544984093798,1
3002,1544984093920,1
3002,1544984094011,1
3002,1544984094164,1
3002,1544984094217,1
3002,1544984094349,1
3002,1544984094430,1
3002,1544984094695,1
3002,1544984094804,1
3002,1544984094923,1
3002,1544984095014,1
3002,1544984095162,1
3002,1544984095216,1
3002,1544984095352,1
3002,1544984095427,1
3002,1544984095690,1
3002,1544984095807,1
3002,1544984095926,1
3002,1544984096012,1
3002,1544984096167,1
3002,1544984096214,1
3002,1544984096364,1
3002,1544984096437,1
3002,1544984096692,1
3002,1544984096813,1
3002,1544984096930,1
3002,1544984097020,1
3002,1544984097169,1
3002,1544984097218,1
3002,1544984097359,1
3002,1544984097428,1
3002,1544984097694,1
3002,1544984097816,1
3002,1544984097932,1
3002,1544984098020,1
3002,1544984098171,1
3002,1544984098221,1
3002,1544984098364,1
3002,1544984098438,1
3002,1544984098700,1
3002,1544984098815,1
3002,1544984098936,1
3002,1544984099021,1
3002,1544984099173,1
3002,1544984099223,1
3002,1544984099374,1
3002,1544984099444,1
3002,1544984099704,1
3002,1544984099822,1
3002,1544984099936,1
3002,1544984100031,1
3002,1544984100176,1
3002,1544984100226,1
3002,1544984100369,1
3002,1544984100444,1
3002,1544984100705,1
3002,1544984100822,1
3002,1544984100937,1
3002,1544984101028,1
3002,1544984101180,1
3002,1544984101231,1
3002,1544984101371,1
3002,1544984101442,1
3002,1544984101707,1
3002,1544984101823,1
3002,1544984101942,1
3002,1544984102042,1
3002,1544984102181,1
3002,1544984102234,1
3002,1544984102374,1
3002,1544984102443,1
3002,1544984102708,1
3002,1544984102830,1
3002,1544984102942,1
3002,1544984103032,1
3002,1544984103182,1
3002,1544984103242,1
3002,1544984103382,1
3002,1544984103451,1
3002,1544984103710,1
3002,1544984103840,1
3002,1544984103943,1
3002,1544984104033,1
3002,1544984104187,1
3002,1544984104239,1
3002,1544984104384,1
3002,1544984104454,1
3002,1544984104711,1
3002,1544984104832,1
3002,1544984104941,1
3002,1544984105045,1
3002,1544984105192,1
3002,1544984105240,1
3002,1544984105386,1
3002,1544984105451,1
3002,1544984105709,1
3002,1544984105836,1
3002,1544984105949,1
3002,1544984106041,1
3002,1544984106191,1
3002,1544984106242,1
3002,1544984106386,1
3002,1544984106453,1
3002,1544984106714,1
3002,1544984106835,1
3002,1544984106947,1
3002,1544984107045,1
3002,1544984107196,1
3002,1544984107244,1
3002,1544984107384,1
3002,1544984107465,1
3002,1544984107712,1
3002,1544984107835,1
3002,1544984107954,1
3002,1544984108048,1
3002,1544984108199,1
3002,1544984108254,1
3002,1544984108388,1
3002,1544984108465,1
3002,1544984108715,1
3002,1544984108835,1
3002,1544984108955,1
3002,1544984109047,1
3002,1544984109199,1
3002,1544984109254,1
3002,1544984109391,1
3002,1544984109464,1
3002,1544984109716,1
3002,1544984109833,1
3002,1544984109958,1
3002,1544984110049,1
3002,1544984110202,1
3002,1544984110255,1
3002,1544984110394,1
3002,1544984110466,1
3002,1544984110719,1
3002,1544984110840,1
3002,1544984110970,1
3002,1544984111050,1
3002,1544984111205,1
3002,1544984111256,1
3002,1544984111399,1
3002,1544984111475,1
3002,1544984111717,1
3002,1544984111841,1
3002,1544984112052,1
3002,1544984112076,1
3002,1544984112207,1
3002,1544984112258,1
3002,1544984112393,1
3002,1544984112472,1
3002,1544984112722,1
3002,1544984112842,1
3002,1544984112969,1
3002,1544984113074,1
3002,1544984113208,1
3002,1544984113263,1
3002,1544984113401,1
3002,1544984113472,1
3002,1544984113724,1
3002,1544984113846,1
3002,1544984113969,1
3002,1544984114068,1
3002,1544984114210,1
3002,1544984114264,1
3002,1544984114408,1
3002,1544984114484,1
3002,1544984114728,1
3002,1544984114852,1
3002,1544984114975,1
3002,1544984115050,1
3002,1544984115210,1
3002,1544984115265,1
3002,1544984115404,1
3002,1544984115477,1
3002,1544984115739,1
3002,1544984115857,1
3002,1544984115977,1
3002,1544984116055,1
3002,1544984116213,1
3002,1544984116271,1
3002,1544984116408,1
3002,1544984116478,1
3002,1544984116739,1
3002,1544984116856,1
3002,1544984116980,1
3002,1544984117066,1
3002,1544984117212,1
3002,1544984117272,1
3002,1544984117412,1
3002,1544984117483,1
3002,1544984117742,1
3002,1544984117862,1
3002,1544984117979,1
3002,1544984118055,1
3002,1544984118214,1
3002,1544984118278,1
3002,1544984118418,1
3002,1544984118482,1
3002,1544984118749,1
3002,1544984118864,1
3002,1544984118983,1
3002,1544984119061,1
3002,1544984119216,1
3002,1544984119279,1
3002,1544984119417,1
3002,1544984119489,1
3002,1544984119750,1
3002,1544984119865,1
3002,1544984119987,1
3002,1544984120062,1
3002,1544984120221,1
3002,1544984120282,1
3002,1544984120419,1
3002,1544984120492,1
3002,1544984120751,1
3002,1544984120868,1
3002,1544984120989,1
3002,1544984121066,1
3002,1544984121222,1
3002,1544984121284,1
3002,1544984121428,1
3002,1544984121502,1
3002,1544984121752,1
3002,1544984121870,1
3002,1544984121993,1
3002,1544984122069,1
3002,1544984122224,1
3002,1544984122288,1
3002,1544984122419,1
3002,1544984122527,1
3002,1544984122756,1
3002,1544984122867,1
3002,1544984122990,1
3002,1544984123075,1
3002,1544984123223,1
3002,1544984123287,1
3002,1544984123420,1
3002,1544984123499,1
3002,1544984123759,1
3002,1544984123866,1
3002,1544984123993,1
3002,1544984124076,1
3002,1544984124237,1
3002,1544984124293,1
3002,1544984124425,1
3002,1544984124514,1
3002,1544984124765,1
3002,1544984124869,1
3002,1544984124996,1
3002,1544984125079,1
3002,1544984125227,1
3002,1544984125293,1
3002,1544984125428,1
3002,1544984125506,1
3002,1544984125770,1
3002,1544984125876,1
3002,1544984126000,1
3002,1544984126086,1
3002,1544984126230,1
3002,1544984126295,1
3002,1544984126431,1
3002,1544984126510,1
3002,1544984126768,1
3002,1544984126879,1
3002,1544984127005,1
3002,1544984127089,1
3002,1544984127232,1
3002,1544984127301,1
3002,1544984127436,1
3002,1544984127516,1
3002,1544984127766,1
3002,1544984127879,1
3002,1544984128012,1
3002,1544984128090,1
3002,1544984128240,1
3002,1544984128314,1
3002,1544984128444,1
3002,1544984128519,1
3002,1544984128765,1
3002,1544984128880,1
3002,1544984129005,1
3002,1544984129093,1
3002,1544984129244,1
3002,1544984129307,1
3002,1544984129458,1
3002,1544984129529,1
3002,1544984129769,1
3002,1544984129881,1
3002,1544984130007,1
3002,1544984130093,1
3002,1544984130240,1
3002,1544984130308,1
3002,1544984130448,1
3002,1544984130538,1
3002,1544984130773,1
3002,1544984130883,1
3002,1544984131008,1
3002,1544984131099,1
3002,1544984131246,1
3002,1544984131314,1
3002,1544984131452,1
3002,1544984131528,1
3002,1544984131774,1
3002,1544984131895,1
3002,1544984132014,1
3002,1544984132109,1
3002,1544984132250,1
3002,1544984132312,1
3002,1544984132458,1
3002,1544984132534,1
3002,1544984132780,1
3002,1544984132890,1
3002,1544984133012,1
3002,1544984133107,1
3002,1544984133254,1
3002,1544984133319,1
3002,1544984133465,1
3002,1544984133534,1
3002,1544984133785,1
3002,1544984133896,1
3002,1544984134021,1
3002,1544984134105,1
3002,1544984134255,1
3002,1544984134316,1
3002,1544984134466,1
3002,1544984134544,1
3002,1544984134789,1
3002,1544984134899,1
3002,1544984135024,1
3002,1544984135112,1
3002,1544984135260,1
3002,1544984135322,1
3002,1544984135465,1
3002,1544984135538,1
3002,1544984135791,1
3002,1544984135904,1
3002,1544984136021,1
3002,1544984136113,1
3002,1544984136260,1
3002,1544984136324,1
3002,1544984136470,1
3002,1544984136544,1
3002,1544984136793,1
3002,1544984136904,1
3002,1544984137019,1
3002,1544984137118,1
3002,1544984137262,1
3002,1544984137330,1
3002,1544984137471,1
3002,1544984137541,1
3002,1544984137795,1
3002,1544984137908,1
3002,1544984138020,1
3002,1544984138108,1
3002,1544984138261,1
3002,1544984138337,1
3002,1544984138484,1
3002,1544984138544,1
3002,1544984138801,1
3002,1544984138910,1
3002,1544984139019,1
3002,1544984139113,1
3002,1544984139265,1
3002,1544984139338,1
3002,1544984139475,1
3002,1544984139548,1
3002,1544984139801,1
3002,1544984139912,1
3002,1544984140022,1
3002,1544984140115,1
3002,1544984140268,1
3002,1544984140337,1
3002,1544984140480,1
3002,1544984140542,1
3002,1544984140807,1
3002,1544984140909,1
3002,1544984141023,1
3002,1544984141111,1
3002,1544984141272,1
3002,1544984141342,1
3002,1544984141477,1
3002,1544984141550,1
3002,1544984141807,1
3002,1544984141916,1
3002,1544984142024,1
3002,1544984142117,1
3002,1544984142279,1
3002,1544984142343,1
3002,1544984142477,1
3002,1544984142556,1
3002,1544984142809,1
3002,1544984142918,1
3002,1544984143023,1
3002,1544984143126,1
3002,1544984143283,1
3002,1544984143360,1
3002,1544984143481,1
3002,1544984143567,1
3002,1544984143813,1
3002,1544984143917,1
3002,1544984144025,1
3002,1544984144121,1
3002,1544984144282,1
3002,1544984144348,1
3002,1544984144483,1
3002,1544984144582,1
3002,1544984144814,1
3002,1544984144923,1
3002,1544984145027,1
3002,1544984145122,1
3002,1544984145288,1
3002,1544984145350,1
3002,1544984145483,1
3002,1544984145557,1
3002,1544984145822,1
3002,1544984145928,1
3002,1544984146031,1
3002,1544984146128,1
3002,1544984146289,1
3002,1544984146349,1
3002,1544984146488,1
3002,1544984146556,1
3002,1544984146826,1
3002,1544984146932,1
3002,1544984147035,1
3002,1544984147137,1
3002,1544984147287,1
3002,1544984147352,1
3002,1544984147492,1
3002,1544984147560,1
3002,1544984147829,1
3002,1544984147935,1
3002,1544984148032,1
3002,1544984148135,1
3002,1544984148288,1
3002,1544984148362,1
3002,1544984148503,1
3002,1544984148568,1
3002,1544984148831,1
3002,1544984148935,1
3002,1544984149033,1
3002,1544984149131,1
3002,1544984149291,1
3002,1544984149361,1
3002,1544984149492,1
3002,1544984149570,1
3002,1544984149837,1
3002,1544984149939,1
3002,1544984150030,1
3002,1544984150134,1
3002,1544984150295,1
3002,1544984150361,1
3002,1544984150499,1
3002,1544984150569,1
3002,1544984150837,1
3002,1544984150941,1
3002,1544984151036,1
3002,1544984151139,1
3002,1544984151294,1
3002,1544984151366,1
3002,1544984151497,1
3002,1544984151572,1
3002,1544984151841,1
3002,1544984151948,1
3002,1544984152042,1
3002,1544984152143,1
3002,1544984152298,1
3002,1544984152369,1
3002,1544984152496,1
3002,1544984152577,1
3002,1544984152843,1
3002,1544984152946,1
3002,1544984153051,1
3002,1544984153150,1
3002,1544984153307,1
3002,1544984153375,1
3002,1544984153500,1
3002,1544984153581,1
3002,1544984153848,1
3002,1544984153946,1
3002,1544984154049,1
3002,1544984154147,1
3002,1544984154307,1
3002,1544984154376,1
3002,1544984154507,1
3002,1544984154583,1
3002,1544984154853,1
3002,1544984154951,1
3002,1544984155044,1
3002,1544984155158,1
3002,1544984155307,1
3002,1544984155374,1
3002,1544984155510,1
3002,1544984155591,1
3002,1544984155858,1
3002,1544984155953,1
3002,1544984156049,1
3002,1544984156157,1
3002,1544984156315,1
3002,1544984156378,1
3002,1544984156513,1
3002,1544984156591,1
3002,1544984156857,1
3002,1544984156961,1
3002,1544984157049,1
3002,1544984157156,1
3002,1544984157318,1
3002,1544984157379,1
3002,1544984157518,1
3002,1544984157595,1
3002,1544984157859,1
3002,1544984157961,1
3002,1544984158054,1
3002,1544984158158,1
3002,1544984158320,1
3002,1544984158380,1
3002,1544984158520,1
3002,1544984158599,1
3002,1544984158862,1
3002,1544984158961,1
3002,1544984159053,1
3002,1544984159161,1
3002,1544984159328,1
3002,1544984159386,1
3002,1544984159527,1
3002,1544984159606,1
3002,1544984159864,1
3002,1544984159966,1
3002,1544984160052,1
3002,1544984160164,1
3002,1544984160325,1
3002,1544984160385,1
3002,1544984160522,1
3002,1544984160606,1
3002,1544984160866,1
3002,1544984160967,1
3002,1544984161057,1
3002,1544984161167,1
3002,1544984161328,1
3002,1544984161385,1
3002,1544984161521,1
3002,1544984161607,1
3002,1544984161873,1
3002,1544984161975,1
3002,1544984162059,1
3002,1544984162176,1
3002,1544984162332,1
3002,1544984162393,1
3002,1544984162527,1
3002,1544984162604,1
3002,1544984162887,1
3002,1544984162976,1
3002,1544984163065,1
3002,1544984163178,1
3002,1544984163337,1
3002,1544984163398,1
3002,1544984163528,1
3002,1544984163610,1
3002,1544984163877,1
3002,1544984163977,1
3002,1544984164066,1
3002,1544984164174,1
3002,1544984164343,1
3002,1544984164398,1
3002,1544984164533,1
3002,1544984164616,1
3002,1544984164877,1
3002,1544984164979,1
3002,1544984165068,1
3002,1544984165178,1
3002,1544984165343,1
3002,1544984165397,1
3002,1544984165533,1
3002,1544984165618,1
3002,1544984165882,1
3002,1544984165984,1
3002,1544984166070,1
3002,1544984166182,1
3002,1544984166340,1
3002,1544984166400,1
3002,1544984166534,1
3002,1544984166623,1
3002,1544984166887,1
3002,1544984166986,1
3002,1544984167072,1
3002,1544984167186,1
3002,1544984167342,1
3002,1544984167400,1
3002,1544984167535,1
3002,1544984167623,1
3002,1544984167891,1
3002,1544984167986,1
3002,1544984168078,1
3002,1544984168189,1
3002,1544984168347,1
3002,1544984168398,1
3002,1544984168534,1
3002,1544984168625,1
3002,1544984168892,1
3002,1544984169001,1
3002,1544984169081,1
3002,1544984169190,1
3002,1544984169347,1
3002,1544984169402,1
3002,1544984169572,1
3002,1544984169639,1
3002,1544984169897,1
3002,1544984170006,1
3002,1544984170084,1
3002,1544984170189,1
3002,1544984170347,1
3002,1544984170404,1
3002,1544984170541,1
3002,1544984170633,1
3002,1544984170897,1
3002,1544984170992,1
3002,1544984171084,1
3002,1544984171189,1
3002,1544984171347,1
3002,1544984171408,1
3002,1544984171542,1
3002,1544984171631,1
3002,1544984171900,1
3002,1544984171994,1
3002,1544984172082,1
3002,1544984172193,1
3002,1544984172352,1
3002,1544984172408,1
3002,1544984172547,1
3002,1544984172639,1
3002,1544984172905,1
3002,1544984173017,1
3002,1544984173127,1
3002,1544984173202,1
3002,1544984173355,1
3002,1544984173411,1
3002,1544984173547,1
3002,1544984173637,1
3002,1544984173910,1
3002,1544984173997,1
3002,1544984174088,1
3002,1544984174199,1
3002,1544984174357,1
3002,1544984174419,1
3002,1544984174551,1
3002,1544984174646,1
3002,1544984174910,1
3002,1544984175006,1
3002,1544984175090,1
3002,1544984175203,1
3002,1544984175360,1
3002,1544984175417,1
3002,1544984175549,1
3002,1544984175642,1
3002,1544984175912,1
3002,1544984176011,1
3002,1544984176089,1
3002,1544984176206,1
3002,1544984176367,1
3002,1544984176419,1
3002,1544984176552,1
3002,1544984176647,1
3002,1544984176916,1
3002,1544984177011,1
3002,1544984177087,1
3002,1544984177212,1
3002,1544984177368,1
3002,1544984177423,1
3002,1544984177558,1
3002,1544984177646,1
3002,1544984177917,1
3002,1544984178014,1
3002,1544984178090,1
3002,1544984178215,1
3002,1544984178372,1
3002,1544984178430,1
3002,1544984178563,1
3002,1544984178650,1
3002,1544984178922,1
3002,1544984179017,1
3002,1544984179096,1
3002,1544984179218,1
3002,1544984179376,1
3002,1544984179436,1
3002,1544984179570,1
3002,1544984179657,1
3002,1544984179924,1
3002,1544984180017,1
3002,1544984180094,1
3002,1544984180231,1
3002,1544984180378,1
3002,1544984180430,1
3002,1544984180569,1
3002,1544984180651,1
3002,1544984180930,1
3002,1544984181018,1
3002,1544984181102,1
3002,1544984181233,1
3002,1544984181380,1
3002,1544984181432,1
3002,1544984181571,1
3002,1544984181656,1
3002,1544984181940,1
3002,1544984182024,1
3002,1544984182101,1
3002,1544984182231,1
3002,1544984182381,1
3002,1544984182437,1
3002,1544984182573,1
3002,1544984182659,1
3002,1544984182934,1
3002,1544984183019,1
3002,1544984183101,1
3002,1544984183226,1
3002,1544984183380,1
3002,1544984183445,1
3002,1544984183579,1
3002,1544984183661,1
3002,1544984183939,1
3002,1544984184020,1
3002,1544984184103,1
3002,1544984184227,1
3002,1544984184387,1
3002,1544984184443,1
3002,1544984184580,1
3002,1544984184674,1
3002,1544984184946,1
3002,1544984185022,1
3002,1544984185107,1
3002,1544984185225,1
3002,1544984185388,1
3002,1544984185444,1
3002,1544984185583,1
3002,1544984185674,1
3002,1544984185947,1
3002,1544984186024,1
3002,1544984186112,1
3002,1544984186234,1
3002,1544984186392,1
3002,1544984186449,1
3002,1544984186586,1
3002,1544984186676,1
3002,1544984186952,1
3002,1544984187021,1
3002,1544984187120,1
3002,1544984187238,1
3002,1544984187398,1
3002,1544984187453,1
3002,1544984187588,1
3002,1544984187680,1
3002,1544984187955,1
3002,1544984188022,1
3002,1544984188121,1
3002,1544984188241,1
3002,1544984188407,1
3002,1544984188461,1
3002,1544984188589,1
3002,1544984188682,1
3002,1544984188956,1
3002,1544984189026,1
3002,1544984189118,1
3002,1544984189254,1
3002,1544984189403,1
3002,1544984189458,1
3002,1544984189589,1
3002,1544984189688,1
3002,1544984189959,1
3002,1544984190025,1
3002,1544984190123,1
3002,1544984190238,1
3002,1544984190403,1
3002,1544984190463,1
3002,1544984190593,1
3002,1544984190686,1
3002,1544984190964,1
3002,1544984191027,1
3002,1544984191128,1
3002,1544984191241,1
3002,1544984191404,1
3002,1544984191467,1
3002,1544984191592,1
3002,1544984191690,1
3002,1544984191970,1
3002,1544984192031,1
3002,1544984192133,1
3002,1544984192244,1
3002,1544984192405,1
3002,1544984192471,1
3002,1544984192601,1
3002,1544984192692,1
3002,1544984192977,1
3002,1544984193032,1
3002,1544984193240,1
3002,1544984193253,1
3002,1544984193415,1
3002,1544984193483,1
3002,1544984193599,1
3002,1544984193692,1
3002,1544984193975,1
3002,1544984194036,1
3002,1544984194136,1
3002,1544984194253,1
3002,1544984194410,1
3002,1544984194480,1
3002,1544984194659,1
3002,1544984194717,1
3002,1544984194978,1
3002,1544984195038,1
3002,1544984195139,1
3002,1544984195263,1
3002,1544984195413,1
3002,1544984195480,1
3002,1544984195604,1
3002,1544984195699,1
3002,1544984195980,1
3002,1544984196042,1
3002,1544984196147,1
3002,1544984196253,1
3002,1544984196417,1
3002,1544984196484,1
3002,1544984196614,1
3002,1544984196695,1
3002,1544984196983,1
3002,1544984197044,1
3002,1544984197140,1
3002,1544984197252,1
3002,1544984197420,1
3002,1544984197490,1
3002,1544984197609,1
3002,1544984197698,1
3002,1544984197981,1
3002,1544984198044,1
3002,1544984198150,1
3002,1544984198252,1
3002,1544984198420,1
3002,1544984198486,1
3002,1544984198612,1
3002,1544984198700,1
3002,1544984198981,1
3002,1544984199053,1
3002,1544984199144,1
3002,1544984199254,1
3002,1544984199421,1
3002,1544984199491,1
3002,1544984199618,1
3002,1544984199702,1
3002,1544984199989,1
3002,1544984200049,1
3002,1544984200152,1
3002,1544984200254,1
3002,1544984200419,1
3002,1544984200491,1
3002,1544984200620,1
3002,1544984200705,1
3002,1544984200988,1
3002,1544984201051,1
3002,1544984201149,1
3002,1544984201260,1
3002,1544984201423,1
3002,1544984201499,1
3002,1544984201621,1
3002,1544984201709,1
3002,1544984201993,1
3002,1544984202054,1
3002,1544984202151,1
3002,1544984202273,1
3002,1544984202427,1
3002,1544984202500,1
3002,1544984202628,1
3002,1544984202709,1
3002,1544984202995,1
3002,1544984203059,1
3002,1544984203157,1
3002,1544984203268,1
3002,1544984203430,1
3002,1544984203500,1
3002,1544984203632,1
3002,1544984203717,1
3002,1544984203998,1
3002,1544984204062,1
3002,1544984204155,1
3002,1544984204270,1
3002,1544984204433,1
3002,1544984204506,1
3002,1544984204628,1
3002,1544984204719,1
3002,1544984205005,1
3002,1544984205065,1
3002,1544984205164,1
3002,1544984205274,1
3002,1544984205437,1
3002,1544984205504,1
3002,1544984205631,1
3002,1544984205717,1
3002,1544984206009,1
3002,1544984206066,1
3002,1544984206171,1
3002,1544984206283,1
3002,1544984206455,1
3002,1544984206505,1
3002,1544984206654,1
3002,1544984206730,1
3002,1544984207007,1
3002,1544984207070,1
3002,1544984207162,1
3002,1544984207284,1
3002,1544984207441,1
3002,1544984207511,1
3002,1544984207634,1
3002,1544984207727,1
3002,1544984208013,1
3002,1544984208067,1
3002,1544984208167,1
3002,1544984208283,1
3002,1544984208446,1
3002,1544984208506,1
3002,1544984208626,1
3002,1544984208722,1
3002,1544984209015,1
3002,1544984209070,1
3002,1544984209176,1
3002,1544984209287,1
3002,1544984209449,1
3002,1544984209518,1
3002,1544984209633,1
3002,1544984209725,1
3002,1544984210014,1
3002,1544984210076,1
3002,1544984210176,1
3002,1544984210306,1
3002,1544984210451,1
3002,1544984210511,1
3002,1544984210636,1
3002,1544984210729,1
3002,1544984211013,1
3002,1544984211072,1
3002,1544984211173,1
3002,1544984211292,1
3002,1544984211452,1
3002,1544984211516,1
3002,1544984211635,1
3002,1544984211728,1
3002,1544984212011,1
3002,1544984212080,1
3002,1544984212177,1
3002,1544984212294,1
3002,1544984212453,1
3002,1544984212519,1
3002,1544984212641,1
3002,1544984212732,1
3002,1544984213013,1
3002,1544984213082,1
3002,1544984213181,1
3002,1544984213294,1
3002,1544984213458,1
3002,1544984213520,1
3002,1544984213643,1
3002,1544984213727,1
3002,1544984214014,1
3002,1544984214083,1
3002,1544984214186,1
3002,1544984214299,1
3002,1544984214460,1
3002,1544984214521,1
3002,1544984214644,1
3002,1544984214729,1
3002,1544984215014,1
3002,1544984215086,1
3002,1544984215187,1
3002,1544984215322,1
3002,1544984215463,1
3002,1544984215525,1
3002,1544984215642,1
3002,1544984215773,1
3002,1544984216015,1
3002,1544984216091,1
3002,1544984216195,1
3002,1544984216310,1
3002,1544984216469,1
3002,1544984216527,1
3002,1544984216653,1
3002,1544984216732,1
3002,1544984217014,1
3002,1544984217093,1
3002,1544984217194,1
3002,1544984217306,1
3002,1544984217473,1
3002,1544984217536,1
3002,1544984217645,1
3002,1544984217737,1
3002,1544984218016,1
3002,1544984218098,1
3002,1544984218201,1
3002,1544984218307,1
3002,1544984218474,1
3002,1544984218537,1
3002,1544984218651,1
3002,1544984218736,1
3002,1544984219019,1
3002,1544984219100,1
3002,1544984219206,1
3002,1544984219312,1
3002,1544984219476,1
3002,1544984219534,1
3002,1544984219654,1
3002,1544984219735,1
3002,1544984220021,1
3002,1544984220102,1
3002,1544984220206,1
3002,1544984220315,1
3002,1544984220481,1
3002,1544984220541,1
3002,1544984220660,1
3002,1544984220738,1
3002,1544984221021,1
3002,1544984221105,1
3002,1544984221210,1
3002,1544984221322,1
3002,1544984221483,1
3002,1544984221544,1
3002,1544984221663,1
3002,1544984221746,1
3002,1544984222029,1
3002,1544984222105,1
3002,1544984222207,1
3002,1544984222321,1
3002,1544984222483,1
3002,1544984222546,1
3002,1544984222673,1
3002,1544984222755,1
3002,1544984223027,1
3002,1544984223107,1
3002,1544984223214,1
3002,1544984223322,1
3002,1544984223489,1
3002,1544984223544,1
3002,1544984223665,1
3002,1544984223774,1
3002,1544984224033,1
3002,1544984224110,1
3002,1544984224211,1
3002,1544984224326,1
3002,1544984224488,1
3002,1544984224549,1
3002,1544984224664,1
3002,1544984224755,1
3002,1544984225032,1
3002,1544984225113,1
3002,1544984225222,1
3002,1544984225327,1
3002,1544984225492,1
3002,1544984225554,1
3002,1544984225671,1
3002,1544984225756,1
3002,1544984226034,1
3002,1544984226116,1
3002,1544984226221,1
3002,1544984226332,1
3002,1544984226496,1
3002,1544984226558,1
3002,1544984226667,1
3002,1544984226761,1
3002,1544984227037,1
3002,1544984227118,1
3002,1544984227228,1
3002,1544984227333,1
3002,1544984227496,1
3002,1544984227557,1
3002,1544984227677,1
3002,1544984227762,1
3002,1544984228044,1
3002,1544984228123,1
3002,1544984228230,1
3002,1544984228336,1
3002,1544984228498,1
3002,1544984228564,1
3002,1544984228672,1
3002,1544984228765,1
3002,1544984229054,1
3002,1544984229128,1
3002,1544984229232,1
3002,1544984229345,1
3002,1544984229500,1
3002,1544984229565,1
3002,1544984229674,1
3002,1544984229765,1
3002,1544984230050,1
3002,1544984230134,1
3002,1544984230235,1
3002,1544984230346,1
3002,1544984230504,1
3002,1544984230572,1
3002,1544984230678,1
3002,1544984230769,1
3002,1544984231055,1
3002,1544984231130,1
3002,1544984231239,1
3002,1544984231350,1
3002,1544984231502,1
3002,1544984231577,1
3002,1544984231683,1
3002,1544984231770,1
3002,1544984232059,1
3002,1544984232131,1
3002,1544984232241,1
3002,1544984232354,1
3002,1544984232503,1
3002,1544984232574,1
3002,1544984232686,1
3002,1544984232775,1
3002,1544984233063,1
3002,1544984233130,1
3002,1544984233242,1
3002,1544984233360,1
3002,1544984233502,1
3002,1544984233576,1
3002,1544984233684,1
3002,1544984233778,1
3002,1544984234067,1
3002,1544984234135,1
3002,1544984234240,1
3002,1544984234363,1
3002,1544984234510,1
3002,1544984234577,1
3002,1544984234681,1
3002,1544984234777,1
3002,1544984235068,1
3002,1544984235136,1
3002,1544984235243,1
3002,1544984235362,1
3002,1544984235510,1
3002,1544984235581,1
3002,1544984235687,1
3002,1544984235786,1
3002,1544984236068,1
3002,1544984236136,1
3002,1544984236248,1
3002,1544984236370,1
3002,1544984236510,1
3002,1544984236582,1
3002,1544984236692,1
3002,1544984236786,1
3002,1544984237068,1
3002,1544984237137,1
3002,1544984237252,1
3002,1544984237369,1
3002,1544984237510,1
3002,1544984237587,1
3002,1544984237692,1
3002,1544984237785,1
3002,1544984238072,1
3002,1544984238141,1
3002,1544984238257,1
3002,1544984238371,1
3002,1544984238513,1
3002,1544984238587,1
3002,1544984238698,1
3002,1544984238795,1
3002,1544984239072,1
3002,1544984239144,1
3002,1544984239261,1
3002,1544984239377,1
3002,1544984239519,1
3002,1544984239585,1
3002,1544984239695,1
3002,1544984239790,1
3002,1544984240102,1
3002,1544984240155,1
3002,1544984240265,1
3002,1544984240379,1
3002,1544984240523,1
3002,1544984240593,1
3002,1544984240701,1
3002,1544984240792,1
3002,1544984241079,1
3002,1544984241147,1
3002,1544984241266,1
3002,1544984241379,1
3002,1544984241527,1
3002,1544984241594,1
3002,1544984241702,1
3002,1544984241795,1
3002,1544984242080,1
3002,1544984242151,1
3002,1544984242267,1
3002,1544984242382,1
3002,1544984242530,1
3002,1544984242601,1
3002,1544984242701,1
3002,1544984242801,1
3002,1544984243085,1
3002,1544984243156,1
3002,1544984243270,1
3002,1544984243387,1
3002,1544984243535,1
3002,1544984243597,1
3002,1544984243701,1
3002,1544984243805,1
3002,1544984244089,1
3002,1544984244162,1
3002,1544984244277,1
3002,1544984244388,1
3002,1544984244537,1
3002,1544984244602,1
3002,1544984244703,1
3002,1544984244800,1
3002,1544984245088,1
3002,1544984245178,1
3002,1544984245286,1
3002,1544984245391,1
3002,1544984245538,1
3002,1544984245602,1
3002,1544984245707,1
3002,1544984245804,1
3002,1544984246089,1
3002,1544984246162,1
3002,1544984246282,1
3002,1544984246395,1
3002,1544984246538,1
3002,1544984246609,1
3002,1544984246708,1
3002,1544984246810,1
3002,1544984247086,1
3002,1544984247168,1
3002,1544984247287,1
3002,1544984247402,1
3002,1544984247543,1
3002,1544984247612,1
3002,1544984247713,1
3002,1544984247811,1
3002,1544984248092,1
3002,1544984248172,1
3002,1544984248293,1
3002,1544984248406,1
3002,1544984248544,1
3002,1544984248618,1
3002,1544984248713,1
3002,1544984248814,1
3002,1544984249094,1
3002,1544984249179,1
3002,1544984249295,1
3002,1544984249412,1
3002,1544984249549,1
3002,1544984249618,1
3002,1544984249717,1
3002,1544984249815,1
3002,1544984250092,1
3002,1544984250176,1
3002,1544984250315,1
3002,1544984250412,1
3002,1544984250552,1
3002,1544984250619,1
3002,1544984250719,1
3002,1544984250820,1
3002,1544984251096,1
3002,1544984251183,1
3002,1544984251295,1
3002,1544984251424,1
3002,1544984251552,1
3002,1544984251624,1
3002,1544984251724,1
3002,1544984251816,1
3002,1544984252097,1
3002,1544984252181,1
3002,1544984252297,1
3002,1544984252417,1
3002,1544984252553,1
3002,1544984252623,1
3002,1544984252730,1
3002,1544984252818,1
3002,1544984253099,1
3002,1544984253182,1
3002,1544984253301,1
3002,1544984253422,1
3002,1544984253553,1
3002,1544984253626,1
3002,1544984253731,1
3002,1544984253820,1
3002,1544984254103,1
3002,1544984254182,1
3002,1544984254305,1
3002,1544984254423,1
3002,1544984254559,1
3002,1544984254628,1
3002,1544984254731,1
3002,1544984254824,1
3002,1544984255107,1
3002,1544984255182,1
3002,1544984255303,1
3002,1544984255424,1
3002,1544984255560,1
3002,1544984255630,1
3002,1544984255734,1
3002,1544984255831,1
3002,1544984256108,1
3002,1544984256185,1
3002,1544984256305,1
3002,1544984256435,1
3002,1544984256565,1
3002,1544984256628,1
3002,1544984256730,1
3002,1544984256836,1
3002,1544984257114,1
3002,1544984257186,1
3002,1544984257307,1
3002,1544984257448,1
3002,1544984257568,1
3002,1544984257634,1
3002,1544984257736,1
3002,1544984257833,1
3002,1544984258119,1
3002,1544984258193,1
3002,1544984258306,1
3002,1544984258451,1
3002,1544984258567,1
3002,1544984258636,1
3002,1544984258742,1
3002,1544984258835,1
3002,1544984259121,1
3002,1544984259197,1
3002,1544984259313,1
3002,1544984259439,1
3002,1544984259573,1
3002,1544984259640,1
3002,1544984259742,1
3002,1544984259836,1
3002,1544984260126,1
3002,1544984260201,1
3002,1544984260316,1
3002,1544984260444,1
3002,1544984260574,1
3002,1544984260644,1
3002,1544984260744,1
3002,1544984260839,1
3002,1544984261129,1
3002,1544984261201,1
3002,1544984261317,1
3002,1544984261447,1
3002,1544984261577,1
3002,1544984261649,1
3002,1544984261747,1
3002,1544984261838,1
3002,1544984262129,1
3002,1544984262209,1
3002,1544984262314,1
3002,1544984262447,1
3002,1544984262580,1
3002,1544984262649,1
3002,1544984262744,1
3002,1544984262838,1
3002,1544984263133,1
3002,1544984263209,1
3002,1544984263319,1
3002,1544984263452,1
3002,1544984263584,1
3002,1544984263652,1
3002,1544984263749,1
3002,1544984263847,1
3002,1544984264136,1
3002,1544984264211,1
3002,1544984264324,1
3002,1544984264454,1
3002,1544984264588,1
3002,1544984264654,1
3002,1544984264749,1
3002,1544984264847,1
3002,1544984265138,1
3002,1544984265216,1
3002,1544984265321,1
3002,1544984265460,1
3002,1544984265590,1
3002,1544984265657,1
3002,1544984265751,1
3002,1544984265852,1
3002,1544984266138,1
3002,1544984266215,1
3002,1544984266324,1
3002,1544984266465,1
3002,1544984266608,1
3002,1544984266660,1
3002,1544984266755,1
3002,1544984266855,1
3002,1544984267142,1
3002,1544984267220,1
3002,1544984267327,1
3002,1544984267459,1
3002,1544984267590,1
3002,1544984267662,1
3002,1544984267760,1
3002,1544984267859,1
3002,1544984268148,1
3002,1544984268226,1
3002,1544984268329,1
3002,1544984268461,1
3002,1544984268594,1
3002,1544984268660,1
3002,1544984268761,1
3002,1544984268862,1
3002,1544984269153,1
3002,1544984269228,1
3002,1544984269330,1
3002,1544984269464,1
3002,1544984269597,1
3002,1544984269675,1
3002,1544984269759,1
3002,1544984269869,1
3002,1544984270154,1
3002,1544984270229,1
3002,1544984270334,1
3002,1544984270471,1
3002,1544984270597,1
3002,1544984270661,1
3002,1544984270759,1
3002,1544984270870,1
3002,1544984271154,1
3002,1544984271231,1
3002,1544984271333,1
3002,1544984271471,1
3002,1544984271600,1
3002,1544984271665,1
3002,1544984271769,1
3002,1544984271872,1
3002,1544984272157,1
3002,1544984272237,1
3002,1544984272337,1
3002,1544984272475,1
3002,1544984272602,1
3002,1544984272666,1
3002,1544984272769,1
3002,1544984272876,1
3002,1544984273160,1
3002,1544984273241,1
3002,1544984273342,1
3002,1544984273477,1
3002,1544984273606,1
3002,1544984273671,1
3002,1544984273773,1
3002,1544984273877,1
3002,1544984274162,1
3002,1544984274243,1
3002,1544984274342,1
3002,1544984274475,1
3002,1544984274610,1
3002,1544984274672,1
3002,1544984274784,1
3002,1544984274878,1
3002,1544984275169,1
3002,1544984275245,1
3002,1544984275348,1
3002,1544984275482,1
3002,1544984275616,1
3002,1544984275677,1
3002,1544984275796,1
3002,1544984275881,1
3002,1544984276171,1
3002,1544984276250,1
3002,1544984276347,1
3002,1544984276484,1
3002,1544984276619,1
3002,1544984276684,1
3002,1544984276782,1
3002,1544984276885,1
3002,1544984277176,1
3002,1544984277248,1
3002,1544984277349,1
3002,1544984277490,1
3002,1544984277619,1
3002,1544984277685,1
3002,1544984277783,1
3002,1544984277885,1
3002,1544984278178,1
3002,1544984278254,1
3002,1544984278345,1
3002,1544984278489,1
3002,1544984278625,1
3002,1544984278688,1
3002,1544984278783,1
3002,1544984278889,1
3002,1544984279180,1
3002,1544984279258,1
3002,1544984279350,1
3002,1544984279494,1
3002,1544984279629,1
3002,1544984279690,1
3002,1544984279783,1
3002,1544984279893,1
3002,1544984280183,1
3002,1544984280257,1
3002,1544984280346,1
3002,1544984280495,1
3002,1544984280629,1
3002,1544984280695,1
3002,1544984280793,1
3002,1544984280907,1
3002,1544984281182,1
3002,1544984281258,1
3002,1544984281346,1
3002,1544984281493,1
3002,1544984281632,1
3002,1544984281695,1
3002,1544984281786,1
3002,1544984281898,1
3002,1544984282184,1
3002,1544984282262,1
3002,1544984282351,1
3002,1544984282494,1
3002,1544984282636,1
3002,1544984282700,1
3002,1544984282790,1
3002,1544984282892,1
3002,1544984283191,1
3002,1544984283263,1
3002,1544984283356,1
3002,1544984283501,1
3002,1544984283642,1
3002,1544984283705,1
3002,1544984283789,1
3002,1544984283894,1
3002,1544984284193,1
3002,1544984284267,1
3002,1544984284354,1
3002,1544984284510,1
3002,1544984284644,1
3002,1544984284704,1
3002,1544984284794,1
3002,1544984284901,1
3002,1544984285190,1
3002,1544984285271,1
3002,1544984285361,1
3002,1544984285506,1
3002,1544984285644,1
3002,1544984285707,1
3002,1544984285800,1
3002,1544984285901,1
3002,1544984286191,1
3002,1544984286272,1
3002,1544984286365,1
3002,1544984286510,1
3002,1544984286647,1
3002,1544984286707,1
3002,1544984286800,1
3002,1544984286900,1
3002,1544984287198,1
3002,1544984287277,1
3002,1544984287366,1
3002,1544984287510,1
3002,1544984287649,1
3002,1544984287713,1
3002,1544984287802,1
3002,1544984287905,1
3002,1544984288199,1
3002,1544984288283,1
3002,1544984288364,1
3002,1544984288516,1
3002,1544984288653,1
3002,1544984288717,1
3002,1544984288807,1
3002,1544984288905,1
3002,1544984289201,1
3002,1544984289279,1
3002,1544984289370,1
3002,1544984289522,1
3002,1544984289654,1
3002,1544984289725,1
3002,1544984289813,1
3002,1544984289914,1
3002,1544984290206,1
3002,1544984290284,1
3002,1544984290367,1
3002,1544984290528,1
3002,1544984290655,1
3002,1544984290725,1
3002,1544984290811,1
3002,1544984290911,1
3002,1544984291212,1
3002,1544984291289,1
3002,1544984291375,1
3002,1544984291523,1
3002,1544984291659,1
3002,1544984291728,1
3002,1544984291814,1
3002,1544984291915,1
3002,1544984292211,1
3002,1544984292285,1
3002,1544984292380,1
3002,1544984292522,1
3002,1544984292660,1
3002,1544984292733,1
3002,1544984292820,1
3002,1544984292923,1
3002,1544984293211,1
3002,1544984293285,1
3002,1544984293381,1
3002,1544984293525,1
3002,1544984293661,1
3002,1544984293731,1
3002,1544984293829,1
3002,1544984293926,1
3002,1544984294213,1
3002,1544984294289,1
3002,1544984294381,1
3002,1544984294524,1
3002,1544984294665,1
3002,1544984294731,1
3002,1544984294831,1
3002,1544984294930,1
3002,1544984295220,1
3002,1544984295295,1
3002,1544984295385,1
3002,1544984295526,1
3002,1544984295669,1
3002,1544984295738,1
3002,1544984295830,1
3002,1544984295925,1
3002,1544984296238,1
3002,1544984296295,1
3002,1544984296380,1
3002,1544984296528,1
3002,1544984296672,1
3002,1544984296740,1
3002,1544984296830,1
3002,1544984296931,1
3002,1544984297218,1
3002,1544984297300,1
3002,1544984297385,1
3002,1544984297533,1
3002,1544984297675,1
3002,1544984297742,1
3002,1544984297837,1
3002,1544984297933,1
3002,1544984298221,1
3002,1544984298302,1
3002,1544984298386,1
3002,1544984298539,1
3002,1544984298676,1
3002,1544984298745,1
3002,1544984298838,1
3002,1544984298936,1
3002,1544984299225,1
3002,1544984299329,1
3002,1544984299393,1
3002,1544984299537,1
3002,1544984299677,1
3002,1544984299748,1
3002,1544984299841,1
3002,1544984299938,1
3002,1544984300226,1
3002,1544984300314,1
3002,1544984300396,1
3002,1544984300546,1
3002,1544984300678,1
3002,1544984300752,1
3002,1544984300845,1
3002,1544984300946,1
3002,1544984301231,1
3002,1544984301317,1
3002,1544984301393,1
3002,1544984301547,1
3002,1544984301683,1
3002,1544984301759,1
3002,1544984301853,1
3002,1544984301953,1
3002,1544984302235,1
3002,1544984302317,1
3002,1544984302411,1
3002,1544984302555,1
3002,1544984302686,1
3002,1544984302759,1
3002,1544984302854,1
3002,1544984302947,1
3002,1544984303246,1
3002,1544984303327,1
3002,1544984303430,1
3002,1544984303554,1
3002,1544984303689,1
3002,1544984303764,1
3002,1544984303849,1
3002,1544984303958,1
3002,1544984304240,1
3002,1544984304326,1
3002,1544984304402,1
3002,1544984304553,1
3002,1544984304689,1
3002,1544984304770,1
3002,1544984304857,1
3002,1544984304956,1
3002,1544984305244,1
3002,1544984305332,1
3002,1544984305402,1
3002,1544984305555,1
3002,1544984305687,1
3002,1544984305763,1
3002,1544984305851,1
3002,1544984305952,1
3002,1544984306246,1
3002,1544984306337,1
3002,1544984306408,1
3002,1544984306560,1
3002,1544984306692,1
3002,1544984306765,1
3002,1544984306860,1
3002,1544984306958,1
3002,1544984307251,1
3002,1544984307338,1
3002,1544984307413,1
3002,1544984307561,1
3002,1544984307696,1
3002,1544984307764,1
3002,1544984307855,1
3002,1544984307960,1
3002,1544984308257,1
3002,1544984308338,1
3002,1544984308416,1
3002,1544984308571,1
3002,1544984308701,1
3002,1544984308767,1
3002,1544984308862,1
3002,1544984308966,1
3002,1544984309256,1
3002,1544984309344,1
3002,1544984309411,1
3002,1544984309594,1
3002,1544984309700,1
3002,1544984309769,1
3002,1544984309863,1
3002,1544984309973,1
3002,1544984310257,1
3002,1544984310347,1
3002,1544984310415,1
3002,1544984310578,1
3002,1544984310701,1
3002,1544984310767,1
3002,1544984310862,1
3002,1544984310971,1
3002,1544984311262,1
3002,1544984311345,1
3002,1544984311421,1
3002,1544984311581,1
3002,1544984311704,1
3002,1544984311771,1
3002,1544984311863,1
3002,1544984311977,1
3002,1544984312262,1
3002,1544984312349,1
3002,1544984312418,1
3002,1544984312582,1
3002,1544984312707,1
3002,1544984312775,1
3002,1544984312872,1
3002,1544984312983,1
3002,1544984313262,1
3002,1544984313354,1
3002,1544984313424,1
3002,1544984313571,1
3002,1544984313707,1
3002,1544984313774,1
3002,1544984313867,1
3002,1544984313979,1
3002,1544984314268,1
3002,1544984314358,1
3002,1544984314433,1
3002,1544984314577,1
3002,1544984314707,1
3002,1544984314774,1
3002,1544984314867,1
3002,1544984314981,1
3002,1544984315271,1
3002,1544984315358,1
3002,1544984315426,1
3002,1544984315589,1
3002,1544984315739,1
3002,1544984315781,1
3002,1544984315874,1
3002,1544984315981,1
3002,1544984316274,1
3002,1544984316362,1
3002,1544984316430,1
3002,1544984316584,1
3002,1544984316715,1
3002,1544984316779,1
3002,1544984316879,1
3002,1544984316985,1
3002,1544984317276,1
3002,1544984317364,1
3002,1544984317436,1
3002,1544984317589,1
3002,1544984317714,1
3002,1544984317791,1
3002,1544984317878,1
3002,1544984317985,1
3002,1544984318281,1
3002,1544984318368,1
3002,1544984318441,1
3002,1544984318588,1
3002,1544984318714,1
3002,1544984318781,1
3002,1544984318889,1
3002,1544984318992,1
3002,1544984319284,1
3002,1544984319372,1
3002,1544984319442,1
3002,1544984319596,1
3002,1544984319716,1
3002,1544984319786,1
3002,1544984319884,1
3002,1544984319991,1
3002,1544984320289,1
3002,1544984320376,1
3002,1544984320444,1
3002,1544984320591,1
3002,1544984320715,1
3002,1544984320785,1
3002,1544984320888,1
3002,1544984320999,1
3002,1544984321291,1
3002,1544984321377,1
3002,1544984321443,1
3002,1544984321598,1
3002,1544984321718,1
3002,1544984321784,1
3002,1544984321901,1
3002,1544984322005,1
3002,1544984322294,1
3002,1544984322384,1
3002,1544984322448,1
3002,1544984322591,1
3002,1544984322720,1
3002,1544984322788,1
3002,1544984322890,1
3002,1544984323001,1
3002,1544984323297,1
3002,1544984323381,1
3002,1544984323454,1
3002,1544984323602,1
3002,1544984323724,1
3002,1544984323791,1
3002,1544984323898,1
3002,1544984324008,1
3002,1544984324300,1
3002,1544984324384,1
3002,1544984324454,1
3002,1544984324594,1
3002,1544984324727,1
3002,1544984324788,1
3002,1544984324891,1
3002,1544984325014,1
3002,1544984325304,1
3002,1544984325390,1
3002,1544984325455,1
3002,1544984325594,1
3002,1544984325728,1
3002,1544984325792,1
3002,1544984325896,1
3002,1544984326013,1
3002,1544984326304,1
3002,1544984326385,1
3002,1544984326466,1
3002,1544984326602,1
3002,1544984326735,1
3002,1544984326795,1
3002,1544984326899,1
3002,1544984327039,1
3002,1544984327311,1
3002,1544984327388,1
3002,1544984327459,1
3002,1544984327594,1
3002,1544984327735,1
3002,1544984327800,1
3002,1544984327903,1
3002,1544984328016,1
3002,1544984328309,1
3002,1544984328393,1
3002,1544984328467,1
3002,1544984328600,1
3002,1544984328736,1
3002,1544984328800,1
3002,1544984328903,1
3002,1544984329013,1
3002,1544984329310,1
3002,1544984329394,1
3002,1544984329470,1
3002,1544984329603,1
3002,1544984329742,1
3002,1544984329806,1
3002,1544984329908,1
3002,1544984330021,1
3002,1544984330312,1
3002,1544984330397,1
3002,1544984330465,1
3002,1544984330604,1
3002,1544984330741,1
3002,1544984330805,1
3002,1544984330906,1
3002,1544984331016,1
3002,1544984331318,1
3002,1544984331397,1
3002,1544984331465,1
3002,1544984331602,1
3002,1544984331745,1
3002,1544984331805,1
3002,1544984331917,1
3002,1544984332025,1
3002,1544984332321,1
3002,1544984332404,1
3002,1544984332471,1
3002,1544984332604,1
3002,1544984332747,1
3002,1544984332813,1
3002,1544984332915,1
3002,1544984333035,1
3002,1544984333333,1
3002,1544984333419,1
3002,1544984333478,1
3002,1544984333603,1
3002,1544984333757,1
3002,1544984333818,1
3002,1544984333924,1
3002,1544984334033,1
3002,1544984334339,1
3002,1544984334419,1
3002,1544984334482,1
3002,1544984334617,1
3002,1544984334766,1
3002,1544984334832,1
3002,1544984334926,1
3002,1544984335032,1
3002,1544984335340,1
3002,1544984335431,1
3002,1544984335490,1
3002,1544984335619,1
3002,1544984335770,1
3002,1544984335838,1
3002,1544984335938,1
3002,1544984336040,1
3002,1544984336351,1
3002,1544984336437,1
3002,1544984336488,1
3002,1544984336623,1
3002,1544984336776,1
3002,1544984336845,1
3002,1544984336936,1
3002,1544984337032,1
3002,1544984337358,1
3002,1544984337448,1
3002,1544984337490,1
3002,1544984337644,1
3002,1544984337780,1
3002,1544984337854,1
3002,1544984337949,1
3002,1544984338038,1
3002,1544984338355,1
3002,1544984338443,1
3002,1544984338502,1
3002,1544984338649,1
3002,1544984338787,1
3002,1544984338860,1
3002,1544984338959,1
3002,1544984339044,1
3002,1544984339356,1
3002,1544984339447,1
3002,1544984339512,1
3002,1544984339647,1
3002,1544984339788,1
3002,1544984339868,1
3002,1544984339963,1
3002,1544984340039,1
3002,1544984340382,1
3002,1544984340455,1
3002,1544984340516,1
3002,1544984340654,1
3002,1544984340795,1
3002,1544984340875,1
3002,1544984340977,1
3002,1544984341045,1
3002,1544984341373,1
3002,1544984341470,1
3002,1544984341524,1
3002,1544984341662,1
3002,1544984341797,1
3002,1544984341878,1
3002,1544984341976,1
3002,1544984342051,1
3002,1544984342375,1
3002,1544984342471,1
3002,1544984342532,1
3002,1544984342676,1
3002,1544984342805,1
3002,1544984342891,1
3002,1544984342988,1
3002,1544984343051,1
3002,1544984343379,1
3002,1544984343470,1
3002,1544984343535,1
3002,1544984343678,1
3002,1544984343813,1
3002,1544984343888,1
3002,1544984343996,1
3002,1544984344058,1
3002,1544984344385,1
3002,1544984344494,1
3002,1544984344542,1
3002,1544984344684,1
3002,1544984344824,1
3002,1544984344897,1
3002,1544984345001,1
3002,1544984345060,1
3002,1544984345384,1
3002,1544984345483,1
3002,1544984345549,1
3002,1544984345696,1
3002,1544984345825,1
3002,1544984345906,1
3002,1544984346005,1
3002,1544984346065,1
3002,1544984346393,1
3002,1544984346489,1
3002,1544984346550,1
3002,1544984346695,1
3002,1544984346830,1
3002,1544984346916,1
3002,1544984347019,1
3002,1544984347079,1
3002,1544984347402,1
3002,1544984347491,1
3002,1544984347576,1
3002,1544984347700,1
3002,1544984347840,1
3002,1544984347922,1
3002,1544984348021,1
3002,1544984348086,1
3002,1544984348409,1
3002,1544984348499,1
3002,1544984348596,1
3002,1544984348709,1
3002,1544984348850,1
3002,1544984348925,1
3002,1544984349020,1
3002,1544984349095,1
3002,1544984349415,1
3002,1544984349507,1
3002,1544984349569,1
3002,1544984349719,1
3002,1544984349863,1
3002,1544984349934,1
3002,1544984350027,1
3002,1544984350108,1
3002,1544984350421,1
3002,1544984350517,1
3002,1544984350578,1
3002,1544984350718,1
3002,1544984350870,1
3002,1544984350939,1
3002,1544984351026,1
3002,1544984351120,1
3002,1544984351429,1
3002,1544984351527,1
3002,1544984351593,1
3002,1544984351731,1
3002,1544984351874,1
3002,1544984351951,1
3002,1544984352029,1
3002,1544984352127,1
3002,1544984352438,1
3002,1544984352534,1
3002,1544984352600,1
3002,1544984352731,1
3002,1544984352879,1
3002,1544984352956,1
3002,1544984353023,1
3002,1544984353131,1
3002,1544984353441,1
3002,1544984353534,1
3002,1544984353597,1
3002,1544984353748,1
3002,1544984353886,1
3002,1544984353966,1
3002,1544984354027,1
3002,1544984354134,1
3002,1544984354448,1
3002,1544984354533,1
3002,1544984354611,1
3002,1544984354772,1
3002,1544984354890,1
3002,1544984354968,1
3002,1544984355032,1
3002,1544984355139,1
3002,1544984355458,1
3002,1544984355544,1
3002,1544984355617,1
3002,1544984355789,1
3002,1544984355894,1
3002,1544984355990,1
3002,1544984356033,1
3002,1544984356136,1
3002,1544984356466,1
3002,1544984356553,1
3002,1544984356623,1
3002,1544984356773,1
3002,1544984356897,1
3002,1544984356981,1
3002,1544984357035,1
3002,1544984357140,1
3002,1544984357473,1
3002,1544984357553,1
3002,1544984357625,1
3002,1544984357767,1
3002,1544984357897,1
3002,1544984357983,1
3002,1544984358036,1
3002,1544984358155,1
3002,1544984358469,1
3002,1544984358553,1
3002,1544984358629,1
3002,1544984358774,1
3002,1544984358901,1
3002,1544984358987,1
3002,1544984359047,1
3002,1544984359152,1
3002,1544984359473,1
3002,1544984359557,1
3002,1544984359638,1
3002,1544984359786,1
3002,1544984359907,1
3002,1544984359988,1
3002,1544984360046,1
3002,1544984360154,1
3002,1544984360474,1
3002,1544984360554,1
3002,1544984360633,1
3002,1544984360787,1
3002,1544984360904,1
3002,1544984360992,1
3002,1544984361050,1
3002,1544984361148,1
3002,1544984361475,1
3002,1544984361558,1
3002,1544984361637,1
3002,1544984361790,1
3002,1544984361902,1
3002,1544984361990,1
3002,1544984362052,1
3002,1544984362157,1
3002,1544984362483,1
3002,1544984362563,1
3002,1544984362640,1
3002,1544984362791,1
3002,1544984362903,1
3002,1544984363006,1
3002,1544984363058,1
3002,1544984363156,1
3002,1544984363484,1
3002,1544984363573,1
3002,1544984363650,1
3002,1544984363795,1
3002,1544984363910,1
3002,1544984364023,1
3002,1544984364055,1
3002,1544984364150,1
3002,1544984364484,1
3002,1544984364571,1
3002,1544984364650,1
3002,1544984364795,1
3002,1544984364912,1
3002,1544984364998,1
3002,1544984365066,1
3002,1544984365159,1
3002,1544984365484,1
3002,1544984365570,1
3002,1544984365642,1
3002,1544984365791,1
3002,1544984365911,1
3002,1544984366002,1
3002,1544984366081,1
3002,1544984366155,1
3002,1544984366486,1
3002,1544984366578,1
3002,1544984366646,1
3002,1544984366793,1
3002,1544984366915,1
3002,1544984367000,1
3002,1544984367054,1
3002,1544984367155,1
3002,1544984367485,1
3002,1544984367578,1
3002,1544984367652,1
3002,1544984367798,1
3002,1544984367917,1
3002,1544984368000,1
3002,1544984368058,1
3002,1544984368148,1
3002,1544984368486,1
3002,1544984368582,1
3002,1544984368648,1
3002,1544984368796,1
3002,1544984368915,1
3002,1544984369002,1
3002,1544984369063,1
3002,1544984369160,1
3002,1544984369489,1
3002,1544984369580,1
3002,1544984369651,1
3002,1544984369800,1
3002,1544984369918,1
3002,1544984370007,1
3002,1544984370058,1
3002,1544984370176,1
3002,1544984370497,1
3002,1544984370585,1
3002,1544984370659,1
3002,1544984370800,1
3002,1544984370920,1
3002,1544984371010,1
3002,1544984371061,1
3002,1544984371156,1
3002,1544984371499,1
3002,1544984371588,1
3002,1544984371660,1
3002,1544984371802,1
3002,1544984371920,1
3002,1544984372013,1
3002,1544984372060,1
3002,1544984372161,1
3002,1544984372501,1
3002,1544984372592,1
3002,1544984372658,1
3002,1544984372808,1
3002,1544984372923,1
3002,1544984373017,1
3002,1544984373069,1
3002,1544984373164,1
3002,1544984373506,1
3002,1544984373595,1
3002,1544984373663,1
3002,1544984373810,1
3002,1544984373924,1
3002,1544984374012,1
3002,1544984374071,1
3002,1544984374163,1
3002,1544984374509,1
3002,1544984374594,1
3002,1544984374662,1
3002,1544984374804,1
3002,1544984374924,1
3002,1544984375016,1
3002,1544984375072,1
3002,1544984375168,1
3002,1544984375513,1
3002,1544984375600,1
3002,1544984375674,1
3002,1544984375818,1
3002,1544984375924,1
3002,1544984376018,1
3002,1544984376072,1
3002,1544984376168,1
3002,1544984376517,1
3002,1544984376603,1
3002,1544984376674,1
3002,1544984376817,1
3002,1544984376928,1
3002,1544984377018,1
3002,1544984377077,1
3002,1544984377184,1
3002,1544984377520,1
3002,1544984377608,1
3002,1544984377677,1
3002,1544984377818,1
3002,1544984377929,1
3002,1544984378017,1
3002,1544984378073,1
3002,1544984378177,1
3002,1544984378525,1
3002,1544984378609,1
3002,1544984378680,1
3002,1544984378826,1
3002,1544984378930,1
3002,1544984379018,1
3002,1544984379070,1
3002,1544984379177,1
3002,1544984379527,1
3002,1544984379611,1
3002,1544984379682,1
3002,1544984379833,1
3002,1544984379930,1
3002,1544984380020,1
3002,1544984380071,1
3002,1544984380181,1
3002,1544984380529,1
3002,1544984380612,1
3002,1544984380681,1
3002,1544984380829,1
3002,1544984380932,1
3002,1544984381024,1
3002,1544984381079,1
3002,1544984381189,1
3002,1544984381529,1
3002,1544984381616,1
3002,1544984381683,1
3002,1544984381834,1
3002,1544984381934,1
3002,1544984382021,1
3002,1544984382078,1
3002,1544984382187,1
3002,1544984382533,1
3002,1544984382621,1
3002,1544984382690,1
3002,1544984382835,1
3002,1544984382935,1
3002,1544984383023,1
3002,1544984383078,1
3002,1544984383187,1
3002,1544984383533,1
3002,1544984383617,1
3002,1544984383692,1
3002,1544984383841,1
3002,1544984383937,1
3002,1544984384028,1
3002,1544984384081,1
3002,1544984384197,1
3002,1544984384537,1
3002,1544984384620,1
3002,1544984384689,1
3002,1544984384834,1
3002,1544984384937,1
3002,1544984385028,1
3002,1544984385082,1
3002,1544984385193,1
3002,1544984385537,1
3002,1544984385624,1
3002,1544984385689,1
3002,1544984385837,1
3002,1544984385939,1
3002,1544984386025,1
3002,1544984386088,1
3002,1544984386197,1
3002,1544984386537,1
3002,1544984386622,1
3002,1544984386688,1
3002,1544984386839,1
3002,1544984386942,1
3002,1544984387026,1
3002,1544984387089,1
3002,1544984387207,1
3002,1544984387559,1
3002,1544984387631,1
3002,1544984387693,1
3002,1544984387850,1
3002,1544984387944,1
3002,1544984388031,1
3002,1544984388091,1
3002,1544984388206,1
3002,1544984388540,1
3002,1544984388631,1
3002,1544984388694,1
3002,1544984388844,1
3002,1544984388946,1
3002,1544984389033,1
3002,1544984389097,1
3002,1544984389215,1
3002,1544984389546,1
3002,1544984389632,1
3002,1544984389694,1
3002,1544984389848,1
3002,1544984389949,1
3002,1544984390033,1
3002,1544984390096,1
3002,1544984390206,1
3002,1544984390549,1
3002,1544984390633,1
3002,1544984390695,1
3002,1544984390852,1
3002,1544984390950,1
3002,1544984391038,1
3002,1544984391099,1
3002,1544984391206,1
3002,1544984391547,1
3002,1544984391663,1
3002,1544984391704,1
3002,1544984391862,1
3002,1544984391955,1
3002,1544984392043,1
3002,1544984392102,1
3002,1544984392208,1
3002,1544984392551,1
3002,1544984392641,1
3002,1544984392705,1
3002,1544984392859,1
3002,1544984392955,1
3002,1544984393048,1
3002,1544984393106,1
3002,1544984393217,1
3002,1544984393554,1
3002,1544984393646,1
3002,1544984393713,1
3002,1544984393863,1
3002,1544984393956,1
3002,1544984394046,1
3002,1544984394106,1
3002,1544984394213,1
3002,1544984394558,1
3002,1544984394643,1
3002,1544984394736,1
3002,1544984394864,1
3002,1544984394960,1
3002,1544984395049,1
3002,1544984395110,1
3002,1544984395213,1
3002,1544984395558,1
3002,1544984395647,1
3002,1544984395705,1
3002,1544984395874,1
3002,1544984395961,1
3002,1544984396050,1
3002,1544984396112,1
3002,1544984396219,1
3002,1544984396565,1
3002,1544984396645,1
3002,1544984396711,1
3002,1544984396871,1
3002,1544984396963,1
3002,1544984397052,1
3002,1544984397120,1
3002,1544984397226,1
3002,1544984397565,1
3002,1544984397647,1
3002,1544984397714,1
3002,1544984397880,1
3002,1544984397964,1
3002,1544984398048,1
3002,1544984398120,1
3002,1544984398227,1
3002,1544984398570,1
3002,1544984398652,1
3002,1544984398714,1
3002,1544984398878,1
3002,1544984398968,1
3002,1544984399050,1
3002,1544984399125,1
3002,1544984399235,1
3002,1544984399575,1
3002,1544984399659,1
3002,1544984399719,1
3002,1544984399883,1
3002,1544984399971,1
3002,1544984400052,1
3002,1544984400126,1
3002,1544984400233,1
3002,1544984400576,1
3002,1544984400659,1
3002,1544984400722,1
3002,1544984400893,1
3002,1544984400977,1
3002,1544984401056,1
3002,1544984401135,1
3002,1544984401237,1
3002,1544984401576,1
3002,1544984401663,1
3002,1544984401722,1
3002,1544984401906,1
3002,1544984401976,1
3002,1544984402061,1
3002,1544984402132,1
3002,1544984402244,1
3002,1544984402580,1
3002,1544984402667,1
3002,1544984402724,1
3002,1544984402919,1
3002,1544984402978,1
3002,1544984403064,1
3002,1544984403133,1
3002,1544984403242,1
3002,1544984403583,1
3002,1544984403672,1
3002,1544984403725,1
3002,1544984403901,1
3002,1544984403985,1
3002,1544984404070,1
3002,1544984404132,1
3002,1544984404241,1
3002,1544984404583,1
3002,1544984404669,1
3002,1544984404726,1
3002,1544984404896,1
3002,1544984404985,1
3002,1544984405071,1
3002,1544984405139,1
3002,1544984405250,1
3002,1544984405586,1
3002,1544984405675,1
3002,1544984405730,1
3002,1544984405903,1
3002,1544984406000,1
3002,1544984406071,1
3002,1544984406135,1
3002,1544984406246,1
3002,1544984406589,1
3002,1544984406675,1
3002,1544984406731,1
3002,1544984406902,1
3002,1544984406991,1
3002,1544984407078,1
3002,1544984407139,1
3002,1544984407252,1
3002,1544984407590,1
3002,1544984407677,1
3002,1544984407736,1
3002,1544984407907,1
3002,1544984407993,1
3002,1544984408081,1
3002,1544984408144,1
3002,1544984408262,1
3002,1544984408590,1
3002,1544984408681,1
3002,1544984408738,1
3002,1544984408916,1
3002,1544984408999,1
3002,1544984409084,1
3002,1544984409145,1
3002,1544984409263,1
3002,1544984409596,1
3002,1544984409681,1
3002,1544984409741,1
3002,1544984409914,1
3002,1544984410002,1
3002,1544984410099,1
3002,1544984410145,1
3002,1544984410271,1
3002,1544984410595,1
3002,1544984410681,1
3002,1544984410745,1
3002,1544984410917,1
3002,1544984411001,1
3002,1544984411090,1
3002,1544984411149,1
3002,1544984411266,1
3002,1544984411599,1
3002,1544984411684,1
3002,1544984411748,1
3002,1544984411920,1
3002,1544984412005,1
3002,1544984412091,1
3002,1544984412152,1
3002,1544984412263,1
3002,1544984412600,1
3002,1544984412688,1
3002,1544984412748,1
3002,1544984412926,1
3002,1544984413013,1
3002,1544984413094,1
3002,1544984413172,1
3002,1544984413266,1
3002,1544984413601,1
3002,1544984413685,1
3002,1544984413751,1
3002,1544984413924,1
3002,1544984414009,1
3002,1544984414091,1
3002,1544984414152,1
3002,1544984414271,1
3002,1544984414602,1
3002,1544984414685,1
3002,1544984414756,1
3002,1544984414927,1
3002,1544984415009,1
3002,1544984415095,1
3002,1544984415154,1
3002,1544984415267,1
3002,1544984415608,1
3002,1544984415690,1
3002,1544984415761,1
3002,1544984415932,1
3002,1544984416010,1
3002,1544984416100,1
3002,1544984416160,1
3002,1544984416270,1
3002,1544984416613,1
3002,1544984416689,1
3002,1544984416760,1
3002,1544984416936,1
3002,1544984417010,1
3002,1544984417105,1
3002,1544984417162,1
3002,1544984417287,1
3002,1544984417614,1
3002,1544984417695,1
3002,1544984417765,1
3002,1544984417936,1
3002,1544984418009,1
3002,1544984418106,1
3002,1544984418163,1
3002,1544984418306,1
3002,1544984418616,1
3002,1544984418697,1
3002,1544984418773,1
3002,1544984418933,1
3002,1544984419011,1
3002,1544984419107,1
3002,1544984419167,1
3002,1544984419281,1
3002,1544984419620,1
3002,1544984419701,1
3002,1544984419776,1
3002,1544984419939,1
3002,1544984420009,1
3002,1544984420113,1
3002,1544984420169,1
3002,1544984420290,1
3002,1544984420621,1
3002,1544984420703,1
3002,1544984420770,1
3002,1544984420946,1
3002,1544984421011,1
3002,1544984421119,1
3002,1544984421169,1
3002,1544984421286,1
3002,1544984421627,1
3002,1544984421705,1
3002,1544984421775,1
3002,1544984421952,1
3002,1544984422011,1
3002,1544984422118,1
3002,1544984422175,1
3002,1544984422291,1
3002,1544984422630,1
3002,1544984422711,1
3002,1544984422780,1
3002,1544984422953,1
3002,1544984423009,1
3002,1544984423120,1
3002,1544984423171,1
3002,1544984423291,1
3002,1544984423631,1
3002,1544984423717,1
3002,1544984423782,1
3002,1544984423954,1
3002,1544984424010,1
3002,1544984424121,1
3002,1544984424177,1
3002,1544984424298,1
3002,1544984424631,1
3002,1544984424718,1
3002,1544984424791,1
3002,1544984424960,1
3002,1544984425011,1
3002,1544984425125,1
3002,1544984425181,1
3002,1544984425298,1
3002,1544984425635,1
3002,1544984425715,1
3002,1544984425785,1
3002,1544984425956,1
3002,1544984426009,1
3002,1544984426129,1
3002,1544984426184,1
3002,1544984426304,1
3002,1544984426635,1
3002,1544984426719,1
3002,1544984426786,1
3002,1544984426960,1
3002,1544984427011,1
3002,1544984427128,1
3002,1544984427190,1
3002,1544984427302,1
3002,1544984427639,1
3002,1544984427725,1
3002,1544984427793,1
3002,1544984427961,1
3002,1544984428011,1
3002,1544984428130,1
3002,1544984428191,1
3002,1544984428303,1
3002,1544984428644,1
3002,1544984428725,1
3002,1544984428796,1
3002,1544984428965,1
3002,1544984429012,1
3002,1544984429129,1
3002,1544984429195,1
3002,1544984429306,1
3002,1544984429648,1
3002,1544984429727,1
3002,1544984429801,1
3002,1544984429970,1
3002,1544984430012,1
3002,1544984430133,1
3002,1544984430202,1
3002,1544984430311,1
3002,1544984430653,1
3002,1544984430728,1
3002,1544984430802,1
3002,1544984430970,1
3002,1544984431015,1
3002,1544984431136,1
3002,1544984431207,1
3002,1544984431311,1
3002,1544984431653,1
3002,1544984431732,1
3002,1544984431802,1
3002,1544984431977,1
3002,1544984432014,1
3002,1544984432136,1
3002,1544984432207,1
3002,1544984432317,1
3002,1544984432656,1
3002,1544984432733,1
3002,1544984432803,1
3002,1544984432977,1
3002,1544984433015,1
3002,1544984433138,1
3002,1544984433210,1
3002,1544984433319,1
3002,1544984433660,1
3002,1544984433738,1
3002,1544984433806,1
3002,1544984433979,1
3002,1544984434016,1
3002,1544984434144,1
3002,1544984434216,1
3002,1544984434322,1
3002,1544984434662,1
3002,1544984434735,1
3002,1544984434808,1
3002,1544984434977,1
3002,1544984435019,1
3002,1544984435149,1
3002,1544984435218,1
3002,1544984435325,1
3002,1544984435661,1
3002,1544984435739,1
3002,1544984435812,1
3002,1544984435981,1
3002,1544984436018,1
3002,1544984436152,1
3002,1544984436218,1
3002,1544984436332,1
3002,1544984436671,1
3002,1544984436742,1
3002,1544984436812,1
3002,1544984436981,1
3002,1544984437019,1
3002,1544984437156,1
3002,1544984437225,1
3002,1544984437330,1
3002,1544984437666,1
3002,1544984437746,1
3002,1544984437822,1
3002,1544984437985,1
3002,1544984438024,1
3002,1544984438160,1
3002,1544984438226,1
3002,1544984438334,1
3002,1544984438669,1
3002,1544984438746,1
3002,1544984438821,1
3002,1544984438993,1
3002,1544984439026,1
3002,1544984439165,1
3002,1544984439229,1
3002,1544984439337,1
3002,1544984439673,1
3002,1544984439751,1
3002,1544984439824,1
3002,1544984439990,1
3002,1544984440029,1
3002,1544984440165,1
3002,1544984440232,1
3002,1544984440339,1
3002,1544984440675,1
3002,1544984440768,1
3002,1544984440833,1
3002,1544984440995,1
3002,1544984441028,1
3002,1544984441170,1
3002,1544984441231,1
3002,1544984441341,1
3002,1544984441677,1
3002,1544984441755,1
3002,1544984441830,1
3002,1544984441995,1
3002,1544984442034,1
3002,1544984442170,1
3002,1544984442232,1
3002,1544984442346,1
3002,1544984442678,1
3002,1544984442757,1
3002,1544984442832,1
3002,1544984442998,1
3002,1544984443038,1
3002,1544984443176,1
3002,1544984443230,1
3002,1544984443349,1
3002,1544984443684,1
3002,1544984443761,1
3002,1544984443836,1
3002,1544984444006,1
3002,1544984444042,1
3002,1544984444178,1
3002,1544984444237,1
3002,1544984444353,1
3002,1544984444683,1
3002,1544984444765,1
3002,1544984444855,1
3002,1544984445013,1
3002,1544984445046,1
3002,1544984445178,1
3002,1544984445235,1
3002,1544984445355,1
3002,1544984445685,1
3002,1544984445769,1
3002,1544984445835,1
3002,1544984446003,1
3002,1544984446047,1
3002,1544984446184,1
3002,1544984446238,1
3002,1544984446358,1
3002,1544984446687,1
3002,1544984446775,1
3002,1544984446838,1
3002,1544984447010,1
3002,1544984447050,1
3002,1544984447188,1
3002,1544984447244,1
3002,1544984447361,1
3002,1544984447690,1
3002,1544984447776,1
3002,1544984447846,1
3002,1544984448015,1
3002,1544984448054,1
3002,1544984448190,1
3002,1544984448248,1
3002,1544984448365,1
3002,1544984448692,1
3002,1544984448779,1
3002,1544984448843,1
3002,1544984449013,1
3002,1544984449058,1
3002,1544984449198,1
3002,1544984449254,1
3002,1544984449373,1
3002,1544984449693,1
3002,1544984449780,1
3002,1544984449841,1
3002,1544984450019,1
3002,1544984450060,1
3002,1544984450195,1
3002,1544984450258,1
3002,1544984450376,1
3002,1544984450698,1
3002,1544984450780,1
3002,1544984450845,1
3002,1544984451021,1
3002,1544984451064,1
3002,1544984451195,1
3002,1544984451262,1
3002,1544984451378,1
3002,1544984451702,1
3002,1544984451783,1
3002,1544984451846,1
3002,1544984452025,1
3002,1544984452064,1
3002,1544984452197,1
3002,1544984452263,1
3002,1544984452383,1
3002,1544984452707,1
3002,1544984452788,1
3002,1544984452851,1
3002,1544984453030,1
3002,1544984453068,1
3002,1544984453203,1
3002,1544984453265,1
3002,1544984453385,1
3002,1544984453708,1
3002,1544984453792,1
3002,1544984453852,1
3002,1544984454044,1
3002,1544984454068,1
3002,1544984454206,1
3002,1544984454272,1
3002,1544984454394,1
3002,1544984454715,1
3002,1544984454796,1
3002,1544984454854,1
3002,1544984455055,1
3002,1544984455071,1
3002,1544984455207,1
3002,1544984455273,1
3002,1544984455389,1
3002,1544984455717,1
3002,1544984455801,1
3002,1544984455857,1
3002,1544984456036,1
3002,1544984456074,1
3002,1544984456211,1
3002,1544984456271,1
3002,1544984456390,1
3002,1544984456718,1
3002,1544984456803,1
3002,1544984456858,1
3002,1544984457039,1
3002,1544984457094,1
3002,1544984457211,1
3002,1544984457276,1
3002,1544984457392,1
3002,1544984457718,1
3002,1544984457804,1
3002,1544984457864,1
3002,1544984458040,1
3002,1544984458079,1
3002,1544984458214,1
3002,1544984458281,1
3002,1544984458395,1
3002,1544984458719,1
3002,1544984458807,1
3002,1544984458865,1
3002,1544984459042,1
3002,1544984459081,1
3002,1544984459216,1
3002,1544984459289,1
3002,1544984459406,1
3002,1544984459722,1
3002,1544984459813,1
3002,1544984459870,1
3002,1544984460046,1
3002,1544984460083,1
3002,1544984460220,1
3002,1544984460288,1
3002,1544984460403,1
3002,1544984460726,1
3002,1544984460817,1
3002,1544984460869,1
3002,1544984461049,1
3002,1544984461084,1
3002,1544984461222,1
3002,1544984461295,1
3002,1544984461409,1
3002,1544984461731,1
3002,1544984461822,1
3002,1544984461871,1
3002,1544984462057,1
3002,1544984462089,1
3002,1544984462221,1
3002,1544984462298,1
3002,1544984462411,1
3002,1544984462736,1
3002,1544984462823,1
3002,1544984462873,1
3002,1544984463060,1
3002,1544984463091,1
3002,1544984463223,1
3002,1544984463299,1
3002,1544984463413,1
3002,1544984463735,1
3002,1544984463827,1
3002,1544984463879,1
3002,1544984464059,1
3002,1544984464094,1
3002,1544984464242,1
3002,1544984464306,1
3002,1544984464418,1
3002,1544984464738,1
3002,1544984464828,1
3002,1544984464888,1
3002,1544984465060,1
3002,1544984465092,1
3002,1544984465228,1
3002,1544984465307,1
3002,1544984465421,1
3002,1544984465742,1
3002,1544984465826,1
3002,1544984465887,1
3002,1544984466064,1
3002,1544984466093,1
3002,1544984466229,1
3002,1544984466310,1
3002,1544984466423,1
3002,1544984466746,1
3002,1544984466829,1
3002,1544984466886,1
3002,1544984467073,1
3002,1544984467099,1
3002,1544984467230,1
3002,1544984467314,1
3002,1544984467422,1
3002,1544984467748,1
3002,1544984467828,1
3002,1544984467884,1
3002,1544984468069,1
3002,1544984468102,1
3002,1544984468234,1
3002,1544984468327,1
3002,1544984468426,1
3002,1544984468753,1
3002,1544984468833,1
3002,1544984468889,1
3002,1544984469075,1
3002,1544984469107,1
3002,1544984469234,1
3002,1544984469339,1
3002,1544984469429,1
3002,1544984469754,1
3002,1544984469837,1
3002,1544984469893,1
3002,1544984470078,1
3002,1544984470107,1
3002,1544984470234,1
3002,1544984470321,1
3002,1544984470427,1
3002,1544984470762,1
3002,1544984470841,1
3002,1544984470897,1
3002,1544984471079,1
3002,1544984471110,1
3002,1544984471236,1
3002,1544984471323,1
3002,1544984471433,1
3002,1544984471761,1
3002,1544984471837,1
3002,1544984471903,1
3002,1544984472089,1
3002,1544984472110,1
3002,1544984472238,1
3002,1544984472326,1
3002,1544984472434,1
3002,1544984472761,1
3002,1544984472838,1
3002,1544984472901,1
3002,1544984473083,1
3002,1544984473110,1
3002,1544984473240,1
3002,1544984473329,1
3002,1544984473442,1
3002,1544984473762,1
3002,1544984473843,1
3002,1544984473903,1
3002,1544984474086,1
3002,1544984474116,1
3002,1544984474245,1
3002,1544984474331,1
3002,1544984474446,1
3002,1544984474766,1
3002,1544984474846,1
3002,1544984474907,1
3002,1544984475088,1
3002,1544984475118,1
3002,1544984475246,1
3002,1544984475335,1
3002,1544984475457,1
3002,1544984475769,1
3002,1544984475849,1
3002,1544984475913,1
3002,1544984476091,1
3002,1544984476125,1
3002,1544984476247,1
3002,1544984476339,1
3002,1544984476437,1
3002,1544984476769,1
3002,1544984476855,1
3002,1544984476914,1
3002,1544984477096,1
3002,1544984477127,1
3002,1544984477248,1
3002,1544984477343,1
3002,1544984477440,1
3002,1544984477771,1
3002,1544984477861,1
3002,1544984477918,1
3002,1544984478103,1
3002,1544984478128,1
3002,1544984478255,1
3002,1544984478346,1
3002,1544984478447,1
3002,1544984478774,1
3002,1544984478865,1
3002,1544984478920,1
3002,1544984479103,1
3002,1544984479131,1
3002,1544984479257,1
3002,1544984479348,1
3002,1544984479442,1
3002,1544984479777,1
3002,1544984479868,1
3002,1544984479918,1
3002,1544984480106,1
3002,1544984480131,1
3002,1544984480261,1
3002,1544984480346,1
3002,1544984480450,1
3002,1544984480781,1
3002,1544984480872,1
3002,1544984480922,1
3002,1544984481113,1
3002,1544984481132,1
3002,1544984481264,1
3002,1544984481350,1
3002,1544984481454,1
3002,1544984481782,1
3002,1544984481873,1
3002,1544984481926,1
3002,1544984482122,1
3002,1544984482133,1
3002,1544984482269,1
3002,1544984482354,1
3002,1544984482457,1
3002,1544984482786,1
3002,1544984482874,1
3002,1544984482928,1
3002,1544984483119,1
3002,1544984483133,1
3002,1544984483273,1
3002,1544984483361,1
3002,1544984483464,1
3002,1544984483789,1
3002,1544984483874,1
3002,1544984483928,1
3002,1544984484124,1
3002,1544984484134,1
3002,1544984484273,1
3002,1544984484360,1
3002,1544984484463,1
3002,1544984484793,1
3002,1544984484878,1
3002,1544984484934,1
3002,1544984485126,1
3002,1544984485138,1
3002,1544984485273,1
3002,1544984485364,1
3002,1544984485469,1
3002,1544984485792,1
3002,1544984485877,1
3002,1544984485933,1
3002,1544984486127,1
3002,1544984486136,1
3002,1544984486276,1
3002,1544984486366,1
3002,1544984486468,1
3002,1544984486795,1
3002,1544984486879,1
3002,1544984486935,1
3002,1544984487130,1
3002,1544984487136,1
3002,1544984487278,1
3002,1544984487363,1
3002,1544984487474,1
3002,1544984487794,1
3002,1544984487882,1
3002,1544984487934,1
3002,1544984488138,1
3002,1544984488138,1
3002,1544984488282,1
3002,1544984488367,1
3002,1544984488471,1
3002,1544984488798,1
3002,1544984488886,1
3002,1544984488939,1
3002,1544984489139,1
3002,1544984489141,1
3002,1544984489282,1
3002,1544984489373,1
3002,1544984489476,1
3002,1544984489802,1
3002,1544984489889,1
3002,1544984489940,1
3002,1544984490139,1
3002,1544984490144,1
3002,1544984490284,1
3002,1544984490376,1
3002,1544984490481,1
3002,1544984490803,1
3002,1544984490888,1
3002,1544984490940,1
3002,1544984491143,1
3002,1544984491151,1
3002,1544984491288,1
3002,1544984491381,1
3002,1544984491483,1
3002,1544984491809,1
3002,1544984491888,1
3002,1544984491944,1
3002,1544984492142,1
3002,1544984492154,1
3002,1544984492295,1
3002,1544984492382,1
3002,1544984492482,1
3002,1544984492810,1
3002,1544984492893,1
3002,1544984492947,1
3002,1544984493142,1
3002,1544984493155,1
3002,1544984493297,1
3002,1544984493383,1
3002,1544984493483,1
3002,1544984493827,1
3002,1544984493893,1
3002,1544984493951,1
3002,1544984494145,1
3002,1544984494160,1
3002,1544984494303,1
3002,1544984494387,1
3002,1544984494485,1
3002,1544984494811,1
3002,1544984494897,1
3002,1544984494955,1
3002,1544984495145,1
3002,1544984495157,1
3002,1544984495307,1
3002,1544984495391,1
3002,1544984495487,1
3002,1544984495811,1
3002,1544984495902,1
3002,1544984495951,1
3002,1544984496146,1
3002,1544984496159,1
3002,1544984496311,1
3002,1544984496395,1
3002,1544984496496,1
3002,1544984496815,1
3002,1544984496906,1
3002,1544984496953,1
3002,1544984497150,1
3002,1544984497161,1
3002,1544984497312,1
3002,1544984497402,1
3002,1544984497498,1
3002,1544984497816,1
3002,1544984497910,1
3002,1544984497958,1
3002,1544984498151,1
3002,1544984498163,1
3002,1544984498315,1
3002,1544984498404,1
3002,1544984498495,1
3002,1544984498816,1
3002,1544984498932,1
3002,1544984498962,1
3002,1544984499151,1
3002,1544984499164,1
3002,1544984499317,1
3002,1544984499406,1
3002,1544984499500,1
3002,1544984499821,1
3002,1544984499912,1
3002,1544984499964,1
3002,1544984500154,1
3002,1544984500166,1
3002,1544984500322,1
3002,1544984500416,1
3002,1544984500504,1
3002,1544984500826,1
3002,1544984500912,1
3002,1544984500972,1
3002,1544984501157,1
3002,1544984501172,1
3002,1544984501323,1
3002,1544984501416,1
3002,1544984501501,1
3002,1544984501829,1
3002,1544984501914,1
3002,1544984501989,1
3002,1544984502161,1
3002,1544984502174,1
3002,1544984502327,1
3002,1544984502421,1
3002,1544984502510,1
3002,1544984502832,1
3002,1544984502918,1
3002,1544984502973,1
3002,1544984503165,1
3002,1544984503179,1
3002,1544984503328,1
3002,1544984503423,1
3002,1544984503509,1
3002,1544984503834,1
3002,1544984503923,1
3002,1544984503975,1
3002,1544984504167,1
3002,1544984504178,1
3002,1544984504334,1
3002,1544984504424,1
3002,1544984504516,1
3002,1544984504836,1
3002,1544984504927,1
3002,1544984504980,1
3002,1544984505171,1
3002,1544984505182,1
3002,1544984505337,1
3002,1544984505427,1
3002,1544984505518,1
3002,1544984505841,1
3002,1544984505925,1
3002,1544984505986,1
3002,1544984506174,1
3002,1544984506190,1
3002,1544984506344,1
3002,1544984506431,1
3002,1544984506520,1
3002,1544984506845,1
3002,1544984506929,1
3002,1544984506986,1
3002,1544984507177,1
3002,1544984507189,1
3002,1544984507344,1
3002,1544984507438,1
3002,1544984507523,1
3002,1544984507848,1
3002,1544984507933,1
3002,1544984507988,1
3002,1544984508182,1
3002,1544984508198,1
3002,1544984508347,1
3002,1544984508438,1
3002,1544984508525,1
3002,1544984508849,1
3002,1544984508938,1
3002,1544984508994,1
3002,1544984509184,1
3002,1544984509197,1
3002,1544984509346,1
3002,1544984509438,1
3002,1544984509526,1
3002,1544984509851,1
3002,1544984509940,1
3002,1544984509993,1
3002,1544984510185,1
3002,1544984510201,1
3002,1544984510347,1
3002,1544984510442,1
3002,1544984510528,1
3002,1544984510857,1
3002,1544984510944,1
3002,1544984510999,1
3002,1544984511190,1
3002,1544984511203,1
3002,1544984511350,1
3002,1544984511445,1
3002,1544984511531,1
3002,1544984511857,1
3002,1544984511948,1
3002,1544984512002,1
3002,1544984512195,1
3002,1544984512208,1
3002,1544984512353,1
3002,1544984512446,1
3002,1544984512535,1
3002,1544984512858,1
3002,1544984512949,1
3002,1544984513000,1
3002,1544984513204,1
3002,1544984513216,1
3002,1544984513357,1
3002,1544984513452,1
3002,1544984513533,1
3002,1544984513859,1
3002,1544984513951,1
3002,1544984514007,1
3002,1544984514206,1
3002,1544984514229,1
3002,1544984514360,1
3002,1544984514459,1
3002,1544984514538,1
3002,1544984514865,1
3002,1544984514951,1
3002,1544984515010,1
3002,1544984515205,1
3002,1544984515216,1
3002,1544984515363,1
3002,1544984515457,1
3002,1544984515542,1
3002,1544984515867,1
3002,1544984515954,1
3002,1544984516014,1
3002,1544984516207,1
3002,1544984516219,1
3002,1544984516368,1
3002,1544984516458,1
3002,1544984516546,1
3002,1544984516867,1
3002,1544984516955,1
3002,1544984517012,1
3002,1544984517210,1
3002,1544984517224,1
3002,1544984517368,1
3002,1544984517460,1
3002,1544984517558,1
3002,1544984517868,1
3002,1544984517959,1
3002,1544984518019,1
3002,1544984518211,1
3002,1544984518223,1
3002,1544984518373,1
3002,1544984518463,1
3002,1544984518551,1
3002,1544984518873,1
3002,1544984518965,1
3002,1544984519026,1
3002,1544984519214,1
3002,1544984519230,1
3002,1544984519376,1
3002,1544984519465,1
3002,1544984519553,1
3002,1544984519875,1
3002,1544984519969,1
3002,1544984520018,1
3002,1544984520218,1
3002,1544984520236,1
3002,1544984520378,1
3002,1544984520468,1
3002,1544984520555,1
3002,1544984520878,1
3002,1544984520971,1
3002,1544984521018,1
3002,1544984521218,1
3002,1544984521233,1
3002,1544984521377,1
3002,1544984521481,1
3002,1544984521558,1
3002,1544984521877,1
3002,1544984521973,1
3002,1544984522018,1
3002,1544984522223,1
3002,1544984522235,1
3002,1544984522385,1
3002,1544984522476,1
3002,1544984522558,1
3002,1544984522880,1
3002,1544984522976,1
3002,1544984523021,1
3002,1544984523226,1
3002,1544984523241,1
3002,1544984523403,1
3002,1544984523481,1
3002,1544984523559,1
3002,1544984523885,1
3002,1544984523981,1
3002,1544984524024,1
3002,1544984524227,1
3002,1544984524239,1
3002,1544984524389,1
3002,1544984524487,1
3002,1544984524563,1
3002,1544984524886,1
3002,1544984524981,1
3002,1544984525023,1
3002,1544984525229,1
3002,1544984525245,1
3002,1544984525391,1
3002,1544984525489,1
3002,1544984525565,1
3002,1544984525890,1
3002,1544984525986,1
3002,1544984526025,1
3002,1544984526233,1
3002,1544984526247,1
3002,1544984526392,1
3002,1544984526496,1
3002,1544984526573,1
3002,1544984526894,1
3002,1544984526990,1
3002,1544984527025,1
3002,1544984527237,1
3002,1544984527251,1
3002,1544984527394,1
3002,1544984527494,1
3002,1544984527570,1
3002,1544984527900,1
3002,1544984527995,1
3002,1544984528028,1
3002,1544984528241,1
3002,1544984528256,1
3002,1544984528394,1
3002,1544984528512,1
3002,1544984528571,1
3002,1544984528898,1
3002,1544984528995,1
3002,1544984529033,1
3002,1544984529240,1
3002,1544984529259,1
3002,1544984529395,1
3002,1544984529502,1
3002,1544984529577,1
3002,1544984529904,1
3002,1544984529996,1
3002,1544984530029,1
3002,1544984530241,1
3002,1544984530255,1
3002,1544984530397,1
3002,1544984530508,1
3002,1544984530583,1
3002,1544984530906,1
3002,1544984531001,1
3002,1544984531031,1
3002,1544984531241,1
3002,1544984531254,1
3002,1544984531402,1
3002,1544984531508,1
3002,1544984531579,1
3002,1544984531910,1
3002,1544984532007,1
3002,1544984532035,1
3002,1544984532247,1
3002,1544984532258,1
3002,1544984532403,1
3002,1544984532511,1
3002,1544984532600,1
3002,1544984532913,1
3002,1544984533009,1
3002,1544984533039,1
3002,1544984533246,1
3002,1544984533259,1
3002,1544984533409,1
3002,1544984533514,1
3002,1544984533582,1
3002,1544984533913,1
3002,1544984534012,1
3002,1544984534042,1
3002,1544984534249,1
3002,1544984534261,1
3002,1544984534410,1
3002,1544984534516,1
3002,1544984534582,1
3002,1544984534917,1
3002,1544984535013,1
3002,1544984535042,1
3002,1544984535252,1
3002,1544984535265,1
3002,1544984535412,1
3002,1544984535517,1
3002,1544984535588,1
3002,1544984535917,1
3002,1544984536012,1
3002,1544984536046,1
3002,1544984536255,1
3002,1544984536269,1
3002,1544984536416,1
3002,1544984536520,1
3002,1544984536592,1
3002,1544984536919,1
3002,1544984537016,1
3002,1544984537050,1
3002,1544984537254,1
3002,1544984537268,1
3002,1544984537419,1
3002,1544984537527,1
3002,1544984537596,1
3002,1544984537916,1
3002,1544984538015,1
3002,1544984538053,1
3002,1544984538259,1
3002,1544984538275,1
3002,1544984538425,1
3002,1544984538528,1
3002,1544984538597,1
3002,1544984538922,1
3002,1544984539016,1
3002,1544984539054,1
3002,1544984539262,1
3002,1544984539278,1
3002,1544984539426,1
3002,1544984539531,1
3002,1544984539597,1
3002,1544984539922,1
3002,1544984540016,1
3002,1544984540055,1
3002,1544984540265,1
3002,1544984540280,1
3002,1544984540424,1
3002,1544984540537,1
3002,1544984540601,1
3002,1544984540928,1
3002,1544984541016,1
3002,1544984541058,1
3002,1544984541269,1
3002,1544984541280,1
3002,1544984541427,1
3002,1544984541534,1
3002,1544984541602,1
3002,1544984541929,1
3002,1544984542016,1
3002,1544984542065,1
3002,1544984542269,1
3002,1544984542281,1
3002,1544984542431,1
3002,1544984542533,1
3002,1544984542601,1
3002,1544984542929,1
3002,1544984543018,1
3002,1544984543065,1
3002,1544984543271,1
3002,1544984543285,1
3002,1544984543430,1
3002,1544984543539,1
3002,1544984543610,1
3002,1544984543928,1
3002,1544984544015,1
3002,1544984544066,1
3002,1544984544273,1
3002,1544984544288,1
3002,1544984544432,1
3002,1544984544543,1
3002,1544984544608,1
3002,1544984544932,1
3002,1544984545014,1
3002,1544984545068,1
3002,1544984545273,1
3002,1544984545287,1
3002,1544984545430,1
3002,1544984545547,1
3002,1544984545609,1
3002,1544984545933,1
3002,1544984546014,1
3002,1544984546070,1
3002,1544984546278,1
3002,1544984546291,1
3002,1544984546430,1
3002,1544984546544,1
3002,1544984546608,1
3002,1544984546933,1
3002,1544984547015,1
3002,1544984547072,1
3002,1544984547279,1
3002,1544984547292,1
3002,1544984547434,1
3002,1544984547544,1
3002,1544984547612,1
3002,1544984547934,1
3002,1544984548018,1
3002,1544984548077,1
3002,1544984548284,1
3002,1544984548296,1
3002,1544984548436,1
3002,1544984548546,1
3002,1544984548615,1
3002,1544984548939,1
3002,1544984549017,1
3002,1544984549080,1
3002,1544984549281,1
3002,1544984549298,1
3002,1544984549435,1
3002,1544984549550,1
3002,1544984549613,1
3002,1544984549944,1
3002,1544984550020,1
3002,1544984550082,1
3002,1544984550287,1
3002,1544984550298,1
3002,1544984550440,1
3002,1544984550553,1
3002,1544984550620,1
3002,1544984550942,1
3002,1544984551021,1
3002,1544984551084,1
3002,1544984551289,1
3002,1544984551300,1
3002,1544984551440,1
3002,1544984551552,1
3002,1544984551623,1
3002,1544984551964,1
3002,1544984552023,1
3002,1544984552090,1
3002,1544984552289,1
3002,1544984552299,1
3002,1544984552440,1
3002,1544984552555,1
3002,1544984552619,1
3002,1544984552944,1
3002,1544984553026,1
3002,1544984553093,1
3002,1544984553293,1
3002,1544984553308,1
3002,1544984553443,1
3002,1544984553560,1
3002,1544984553625,1
3002,1544984553948,1
3002,1544984554024,1
3002,1544984554097,1
3002,1544984554295,1
3002,1544984554308,1
3002,1544984554447,1
3002,1544984554563,1
3002,1544984554625,1
3002,1544984554951,1
3002,1544984555027,1
3002,1544984555096,1
3002,1544984555295,1
3002,1544984555305,1
3002,1544984555446,1
3002,1544984555568,1
3002,1544984555632,1
3002,1544984555955,1
3002,1544984556042,1
3002,1544984556102,1
3002,1544984556300,1
3002,1544984556311,1
3002,1544984556451,1
3002,1544984556568,1
3002,1544984556629,1
3002,1544984556960,1
3002,1544984557032,1
3002,1544984557102,1
3002,1544984557299,1
3002,1544984557317,1
3002,1544984557452,1
3002,1544984557571,1
3002,1544984557633,1
3002,1544984557962,1
3002,1544984558033,1
3002,1544984558099,1
3002,1544984558302,1
3002,1544984558319,1
3002,1544984558455,1
3002,1544984558573,1
3002,1544984558636,1
3002,1544984558965,1
3002,1544984559036,1
3002,1544984559111,1
3002,1544984559307,1
3002,1544984559317,1
3002,1544984559460,1
3002,1544984559571,1
3002,1544984559635,1
3002,1544984559967,1
3002,1544984560041,1
3002,1544984560123,1
3002,1544984560306,1
3002,1544984560322,1
3002,1544984560460,1
3002,1544984560572,1
3002,1544984560644,1
3002,1544984560968,1
3002,1544984561041,1
3002,1544984561105,1
3002,1544984561305,1
3002,1544984561327,1
3002,1544984561463,1
3002,1544984561578,1
3002,1544984561640,1
3002,1544984561967,1
3002,1544984562044,1
3002,1544984562110,1
3002,1544984562306,1
3002,1544984562331,1
3002,1544984562467,1
3002,1544984562579,1
3002,1544984562645,1
3002,1544984562971,1
3002,1544984563043,1
3002,1544984563113,1
3002,1544984563310,1
3002,1544984563338,1
3002,1544984563470,1
3002,1544984563581,1
3002,1544984563642,1
3002,1544984563974,1
3002,1544984564040,1
3002,1544984564113,1
3002,1544984564317,1
3002,1544984564334,1
3002,1544984564472,1
3002,1544984564585,1
3002,1544984564653,1
3002,1544984564974,1
3002,1544984565041,1
3002,1544984565116,1
3002,1544984565318,1
3002,1544984565340,1
3002,1544984565472,1
3002,1544984565589,1
3002,1544984565652,1
3002,1544984565975,1
3002,1544984566045,1
3002,1544984566119,1
3002,1544984566325,1
3002,1544984566338,1
3002,1544984566469,1
3002,1544984566592,1
3002,1544984566654,1
3002,1544984566975,1
3002,1544984567045,1
3002,1544984567123,1
3002,1544984567323,1
3002,1544984567340,1
3002,1544984567472,1
3002,1544984567596,1
3002,1544984567657,1
3002,1544984567974,1
3002,1544984568050,1
3002,1544984568117,1
3002,1544984568328,1
3002,1544984568348,1
3002,1544984568476,1
3002,1544984568597,1
3002,1544984568667,1
3002,1544984568977,1
3002,1544984569054,1
3002,1544984569120,1
3002,1544984569331,1
3002,1544984569346,1
3002,1544984569480,1
3002,1544984569599,1
3002,1544984569667,1
3002,1544984569979,1
3002,1544984570055,1
3002,1544984570119,1
3002,1544984570337,1
3002,1544984570350,1
3002,1544984570479,1
3002,1544984570599,1
3002,1544984570666,1
3002,1544984570983,1
3002,1544984571059,1
3002,1544984571125,1
3002,1544984571345,1
3002,1544984571359,1
3002,1544984571479,1
3002,1544984571600,1
3002,1544984571669,1
3002,1544984571987,1
3002,1544984572063,1
3002,1544984572128,1
3002,1544984572338,1
3002,1544984572367,1
3002,1544984572482,1
3002,1544984572605,1
3002,1544984572671,1
3002,1544984572989,1
3002,1544984573066,1
3002,1544984573130,1
3002,1544984573340,1
3002,1544984573355,1
3002,1544984573484,1
3002,1544984573609,1
3002,1544984573676,1
3002,1544984573994,1
3002,1544984574066,1
3002,1544984574134,1
3002,1544984574340,1
3002,1544984574352,1
3002,1544984574488,1
3002,1544984574617,1
3002,1544984574677,1
3002,1544984574997,1
3002,1544984575071,1
3002,1544984575137,1
3002,1544984575346,1
3002,1544984575359,1
3002,1544984575492,1
3002,1544984575615,1
3002,1544984575677,1
3002,1544984576001,1
3002,1544984576078,1
3002,1544984576145,1
3002,1544984576350,1
3002,1544984576361,1
3002,1544984576491,1
3002,1544984576613,1
3002,1544984576683,1
3002,1544984577004,1
3002,1544984577077,1
3002,1544984577148,1
3002,1544984577355,1
3002,1544984577368,1
3002,1544984577491,1
3002,1544984577616,1
3002,1544984577682,1
3002,1544984578003,1
3002,1544984578080,1
3002,1544984578145,1
3002,1544984578358,1
3002,1544984578373,1
3002,1544984578495,1
3002,1544984578625,1
3002,1544984578687,1
3002,1544984579003,1
3002,1544984579082,1
3002,1544984579150,1
3002,1544984579360,1
3002,1544984579371,1
3002,1544984579505,1
3002,1544984579622,1
3002,1544984579692,1
3002,1544984580006,1
3002,1544984580087,1
3002,1544984580152,1
3002,1544984580360,1
3002,1544984580377,1
3002,1544984580496,1
3002,1544984580626,1
3002,1544984580690,1
3002,1544984581012,1
3002,1544984581092,1
3002,1544984581160,1
3002,1544984581365,1
3002,1544984581378,1
3002,1544984581497,1
3002,1544984581628,1
3002,1544984581691,1
3002,1544984582011,1
3002,1544984582094,1
3002,1544984582160,1
3002,1544984582365,1
3002,1544984582381,1
3002,1544984582499,1
3002,1544984582626,1
3002,1544984582695,1
3002,1544984583010,1
3002,1544984583098,1
3002,1544984583160,1
3002,1544984583368,1
3002,1544984583378,1
3002,1544984583505,1
3002,1544984583626,1
3002,1544984583699,1
3002,1544984584013,1
3002,1544984584103,1
3002,1544984584163,1
3002,1544984584370,1
3002,1544984584379,1
3002,1544984584508,1
3002,1544984584629,1
3002,1544984584698,1
3002,1544984585013,1
3002,1544984585108,1
3002,1544984585170,1
3002,1544984585372,1
3002,1544984585383,1
3002,1544984585506,1
3002,1544984585634,1
3002,1544984585699,1
3002,1544984586015,1
3002,1544984586113,1
3002,1544984586169,1
3002,1544984586375,1
3002,1544984586383,1
3002,1544984586511,1
3002,1544984586637,1
3002,1544984586701,1
3002,1544984587017,1
3002,1544984587115,1
3002,1544984587170,1
3002,1544984587379,1
3002,1544984587389,1
3002,1544984587513,1
3002,1544984587652,1
3002,1544984587702,1
3002,1544984588017,1
3002,1544984588119,1
3002,1544984588176,1
3002,1544984588380,1
3002,1544984588390,1
3002,1544984588514,1
3002,1544984588639,1
3002,1544984588705,1
3002,1544984589019,1
3002,1544984589123,1
3002,1544984589177,1
3002,1544984589385,1
3002,1544984589394,1
3002,1544984589514,1
3002,1544984589642,1
3002,1544984589710,1
3002,1544984590018,1
3002,1544984590129,1
3002,1544984590186,1
3002,1544984590387,1
3002,1544984590398,1
3002,1544984590514,1
3002,1544984590645,1
3002,1544984590719,1
3002,1544984591020,1
3002,1544984591133,1
3002,1544984591186,1
3002,1544984591387,1
3002,1544984591400,1
3002,1544984591514,1
3002,1544984591650,1
3002,1544984591731,1
3002,1544984592019,1
3002,1544984592132,1
3002,1544984592190,1
3002,1544984592386,1
3002,1544984592406,1
3002,1544984592517,1
3002,1544984592650,1
3002,1544984592720,1
3002,1544984593022,1
3002,1544984593136,1
3002,1544984593188,1
3002,1544984593386,1
3002,1544984593402,1
3002,1544984593516,1
3002,1544984593657,1
3002,1544984593725,1
3002,1544984594025,1
3002,1544984594142,1
3002,1544984594195,1
3002,1544984594390,1
3002,1544984594406,1
3002,1544984594522,1
3002,1544984594658,1
3002,1544984594726,1
3002,1544984595027,1
3002,1544984595144,1
3002,1544984595197,1
3002,1544984595392,1
3002,1544984595412,1
3002,1544984595524,1
3002,1544984595661,1
3002,1544984595731,1
3002,1544984596029,1
3002,1544984596141,1
3002,1544984596197,1
3002,1544984596394,1
3002,1544984596408,1
3002,1544984596532,1
3002,1544984596665,1
3002,1544984596735,1
3002,1544984597035,1
3002,1544984597148,1
3002,1544984597200,1
3002,1544984597398,1
3002,1544984597414,1
3002,1544984597534,1
3002,1544984597661,1
3002,1544984597739,1
3002,1544984598037,1
3002,1544984598147,1
3002,1544984598202,1
3002,1544984598404,1
3002,1544984598416,1
3002,1544984598535,1
3002,1544984598666,1
3002,1544984598747,1
3002,1544984599042,1
3002,1544984599147,1
3002,1544984599204,1
3002,1544984599407,1
3002,1544984599420,1
3002,1544984599541,1
3002,1544984599670,1
3002,1544984599749,1
3002,1544984600046,1
3002,1544984600154,1
3002,1544984600214,1
3002,1544984600409,1
3002,1544984600418,1
3002,1544984600542,1
3002,1544984600674,1
3002,1544984600756,1
3002,1544984601047,1
3002,1544984601158,1
3002,1544984601215,1
3002,1544984601414,1
3002,1544984601421,1
3002,1544984601545,1
3002,1544984601678,1
3002,1544984601751,1
3002,1544984602050,1
3002,1544984602164,1
3002,1544984602215,1
3002,1544984602415,1
3002,1544984602419,1
3002,1544984602546,1
3002,1544984602681,1
3002,1544984602760,1
3002,1544984603052,1
3002,1544984603167,1
3002,1544984603219,1
3002,1544984603414,1
3002,1544984603425,1
3002,1544984603546,1
3002,1544984603681,1
3002,1544984603757,1
3002,1544984604054,1
3002,1544984604171,1
3002,1544984604223,1
3002,1544984604416,1
3002,1544984604426,1
3002,1544984604547,1
3002,1544984604683,1
3002,1544984604757,1
3002,1544984605056,1
3002,1544984605173,1
3002,1544984605228,1
3002,1544984605420,1
3002,1544984605434,1
3002,1544984605551,1
3002,1544984605683,1
3002,1544984605761,1
3002,1544984606059,1
3002,1544984606173,1
3002,1544984606231,1
3002,1544984606421,1
3002,1544984606438,1
3002,1544984606556,1
3002,1544984606686,1
3002,1544984606766,1
3002,1544984607058,1
3002,1544984607179,1
3002,1544984607232,1
3002,1544984607423,1
3002,1544984607437,1
3002,1544984607558,1
3002,1544984607689,1
3002,1544984607770,1
3002,1544984608059,1
3002,1544984608181,1
3002,1544984608236,1
3002,1544984608429,1
3002,1544984608442,1
3002,1544984608559,1
3002,1544984608692,1
3002,1544984608772,1
3002,1544984609083,1
3002,1544984609183,1
3002,1544984609239,1
3002,1544984609430,1
3002,1544984609444,1
3002,1544984609563,1
3002,1544984609698,1
3002,1544984609776,1
3002,1544984610059,1
3002,1544984610188,1
3002,1544984610239,1
3002,1544984610431,1
3002,1544984610446,1
3002,1544984610566,1
3002,1544984610699,1
3002,1544984610774,1
3002,1544984611061,1
3002,1544984611191,1
3002,1544984611249,1
3002,1544984611436,1
3002,1544984611449,1
3002,1544984611571,1
3002,1544984611702,1
3002,1544984611781,1
3002,1544984612061,1
3002,1544984612193,1
3002,1544984612251,1
3002,1544984612438,1
3002,1544984612452,1
3002,1544984612570,1
3002,1544984612707,1
3002,1544984612779,1
3002,1544984613067,1
3002,1544984613195,1
3002,1544984613252,1
3002,1544984613442,1
3002,1544984613457,1
3002,1544984613572,1
3002,1544984613708,1
3002,1544984613779,1
3002,1544984614070,1
3002,1544984614197,1
3002,1544984614258,1
3002,1544984614444,1
3002,1544984614464,1
3002,1544984614575,1
3002,1544984614709,1
3002,1544984614779,1
3002,1544984615071,1
3002,1544984615204,1
3002,1544984615263,1
3002,1544984615445,1
3002,1544984615467,1
3002,1544984615578,1
3002,1544984615714,1
3002,1544984615784,1
3002,1544984616074,1
3002,1544984616222,1
3002,1544984616265,1
3002,1544984616452,1
3002,1544984616463,1
3002,1544984616578,1
3002,1544984616717,1
3002,1544984616791,1
3002,1544984617076,1
3002,1544984617209,1
3002,1544984617263,1
3002,1544984617455,1
3002,1544984617465,1
3002,1544984617581,1
3002,1544984617722,1
3002,1544984617785,1
3002,1544984618077,1
3002,1544984618210,1
3002,1544984618272,1
3002,1544984618459,1
3002,1544984618468,1
3002,1544984618583,1
3002,1544984618721,1
3002,1544984618787,1
3002,1544984619077,1
3002,1544984619214,1
3002,1544984619290,1
3002,1544984619463,1
3002,1544984619470,1
3002,1544984619587,1
3002,1544984619727,1
3002,1544984619789,1
3002,1544984620083,1
3002,1544984620214,1
3002,1544984620271,1
3002,1544984620464,1
3002,1544984620469,1
3002,1544984620587,1
3002,1544984620729,1
3002,1544984620790,1
3002,1544984621083,1
3002,1544984621216,1
3002,1544984621273,1
3002,1544984621464,1
3002,1544984621467,1
3002,1544984621593,1
3002,1544984621735,1
3002,1544984621795,1
3002,1544984622084,1
3002,1544984622218,1
3002,1544984622276,1
3002,1544984622468,1
3002,1544984622475,1
3002,1544984622595,1
3002,1544984622735,1
3002,1544984622794,1
3002,1544984623090,1
3002,1544984623223,1
3002,1544984623278,1
3002,1544984623472,1
3002,1544984623473,1
3002,1544984623594,1
3002,1544984623739,1
3002,1544984623800,1
3002,1544984624091,1
3002,1544984624222,1
3002,1544984624281,1
3002,1544984624473,1
3002,1544984624480,1
3002,1544984624600,1
3002,1544984624744,1
3002,1544984624800,1
3002,1544984625089,1
3002,1544984625226,1
3002,1544984625280,1
3002,1544984625473,1
3002,1544984625481,1
3002,1544984625603,1
3002,1544984625747,1
3002,1544984625804,1
3002,1544984626092,1
3002,1544984626230,1
3002,1544984626279,1
3002,1544984626479,1
3002,1544984626486,1
3002,1544984626607,1
3002,1544984626756,1
3002,1544984626809,1
3002,1544984627097,1
3002,1544984627233,1
3002,1544984627282,1
3002,1544984627477,1
3002,1544984627488,1
3002,1544984627611,1
3002,1544984627754,1
3002,1544984627806,1
3002,1544984628098,1
3002,1544984628237,1
3002,1544984628279,1
3002,1544984628479,1
3002,1544984628487,1
3002,1544984628613,1
3002,1544984628761,1
3002,1544984628809,1
3002,1544984629102,1
3002,1544984629240,1
3002,1544984629288,1
3002,1544984629494,1
3002,1544984629510,1
3002,1544984629616,1
3002,1544984629764,1
3002,1544984629818,1
3002,1544984630103,1
3002,1544984630244,1
3002,1544984630287,1
3002,1544984630484,1
3002,1544984630486,1
3002,1544984630618,1
3002,1544984630767,1
3002,1544984630823,1
3002,1544984631103,1
3002,1544984631244,1
3002,1544984631291,1
3002,1544984631485,1
3002,1544984631496,1
3002,1544984631617,1
3002,1544984631765,1
3002,1544984631818,1
3002,1544984632106,1
3002,1544984632248,1
3002,1544984632292,1
3002,1544984632488,1
3002,1544984632499,1
3002,1544984632618,1
