3004,1544984037538,1
3004,1544984037538,1
3004,1544984037538,1
3004,1544984037539,1
3004,1544984037539,1
3004,1544984038538,1
3004,1544984038538,1
3004,1544984038538,1
3004,1544984038539,1
3004,1544984038539,1
3004,1544984039541,1
3004,1544984039542,1
3004,1544984039542,1
3004,1544984039542,1
3004,1544984039542,1
3004,1544984040544,1
3004,1544984040545,1
3004,1544984040545,1
3004,1544984040545,1
3004,1544984040545,1
3004,1544984041544,1
3004,1544984041545,1
3004,1544984041545,1
3004,1544984041545,1
3004,1544984041545,1
3004,1544984042544,1
3004,1544984042545,1
3004,1544984042545,1
3004,1544984042545,1
3004,1544984042545,1
3004,1544984043545,1
3004,1544984043546,1
3004,1544984043546,1
3004,1544984043546,1
3004,1544984043547,1
3004,1544984044550,1
3004,1544984044550,1
3004,1544984044550,1
3004,1544984044551,1
3004,1544984044551,1
3004,1544984045552,1
3004,1544984045552,1
3004,1544984045553,1
3004,1544984045553,1
3004,1544984045553,1
3004,1544984046555,1
3004,1544984046555,1
3004,1544984046555,1
3004,1544984046556,1
3004,1544984046556,1
3004,1544984047556,1
3004,1544984047557,1
3004,1544984047557,1
3004,1544984047557,1
3004,1544984047558,1
3004,1544984048558,1
3004,1544984048559,1
3004,1544984048559,1
3004,1544984048559,1
3004,1544984048560,1
3004,1544984049558,1
3004,1544984049559,1
3004,1544984049559,1
3004,1544984049559,1
3004,1544984049560,1
3004,1544984050559,1
3004,1544984050559,1
3004,1544984050560,1
3004,1544984050560,1
3004,1544984050561,1
3004,1544984051562,1
3004,1544984051562,1
3004,1544984051562,1
3004,1544984051562,1
3004,1544984051563,1
3004,1544984052563,1
3004,1544984052564,1
3004,1544984052564,1
3004,1544984052564,1
3004,1544984052564,1
3004,1544984053567,1
3004,1544984053568,1
3004,1544984053568,1
3004,1544984053568,1
3004,1544984053568,1
3004,1544984054571,1
3004,1544984054571,1
3004,1544984054571,1
3004,1544984054572,1
3004,1544984054572,1
3004,1544984055574,1
3004,1544984055575,1
3004,1544984055576,1
3004,1544984055576,1
3004,1544984055576,1
3004,1544984056580,1
3004,1544984056580,1
3004,1544984056581,1
3004,1544984056581,1
3004,1544984056581,1
3004,1544984057583,1
3004,1544984057584,1
3004,1544984057584,1
3004,1544984057584,1
3004,1544984057585,1
3004,1544984058584,1
3004,1544984058585,1
3004,1544984058585,1
3004,1544984058585,1
3004,1544984058585,1
3004,1544984059584,1
3004,1544984059585,1
3004,1544984059585,1
3004,1544984059586,1
3004,1544984059586,1
3004,1544984060587,1
3004,1544984060587,1
3004,1544984060587,1
3004,1544984060587,1
3004,1544984060588,1
3004,1544984061587,1
3004,1544984061588,1
3004,1544984061588,1
3004,1544984061588,1
3004,1544984061589,1
3004,1544984062592,1
3004,1544984062593,1
3004,1544984062594,1
3004,1544984062594,1
3004,1544984062594,1
3004,1544984063593,1
3004,1544984063594,1
3004,1544984063594,1
3004,1544984063594,1
3004,1544984063595,1
3004,1544984064596,1
3004,1544984064597,1
3004,1544984064597,1
3004,1544984064597,1
3004,1544984064598,1
3004,1544984065599,1
3004,1544984065600,1
3004,1544984065600,1
3004,1544984065601,1
3004,1544984065602,1
3004,1544984066604,1
3004,1544984066604,1
3004,1544984066604,1
3004,1544984066605,1
3004,1544984066605,1
3004,1544984067606,1
3004,1544984067606,1
3004,1544984067606,1
3004,1544984067607,1
3004,1544984067607,1
3004,1544984068608,1
3004,1544984068609,1
3004,1544984068609,1
3004,1544984068610,1
3004,1544984068610,1
3004,1544984069608,1
3004,1544984069608,1
3004,1544984069609,1
3004,1544984069609,1
3004,1544984069610,1
3004,1544984070613,1
3004,1544984070613,1
3004,1544984070614,1
3004,1544984070614,1
3004,1544984070614,1
3004,1544984071618,1
3004,1544984071619,1
3004,1544984071620,1
3004,1544984071620,1
3004,1544984071620,1
3004,1544984072624,1
3004,1544984072625,1
3004,1544984072625,1
3004,1544984072625,1
3004,1544984072625,1
3004,1544984073626,1
3004,1544984073628,1
3004,1544984073628,1
3004,1544984073628,1
3004,1544984073628,1
3004,1544984074630,1
3004,1544984074630,1
3004,1544984074630,1
3004,1544984074630,1
3004,1544984074630,1
3004,1544984075634,1
3004,1544984075634,1
3004,1544984075635,1
3004,1544984075635,1
3004,1544984075635,1
3004,1544984076638,1
3004,1544984076638,1
3004,1544984076639,1
3004,1544984076639,1
3004,1544984076639,1
3004,1544984077638,1
3004,1544984077638,1
3004,1544984077638,1
3004,1544984077638,1
3004,1544984077639,1
3004,1544984078641,1
3004,1544984078641,1
3004,1544984078641,1
3004,1544984078642,1
3004,1544984078642,1
3004,1544984079645,1
3004,1544984079645,1
3004,1544984079645,1
3004,1544984079646,1
3004,1544984079646,1
3004,1544984080645,1
3004,1544984080645,1
3004,1544984080645,1
3004,1544984080646,1
3004,1544984080646,1
3004,1544984081649,1
3004,1544984081649,1
3004,1544984081650,1
3004,1544984081650,1
3004,1544984081650,1
3004,1544984082653,1
3004,1544984082653,1
3004,1544984082653,1
3004,1544984082654,1
3004,1544984082654,1
3004,1544984083653,1
3004,1544984083653,1
3004,1544984083654,1
3004,1544984083654,1
3004,1544984083654,1
3004,1544984084653,1
3004,1544984084653,1
3004,1544984084653,1
3004,1544984084653,1
3004,1544984084654,1
3004,1544984085655,1
3004,1544984085656,1
3004,1544984085656,1
3004,1544984085656,1
3004,1544984085657,1
3004,1544984086658,1
3004,1544984086659,1
3004,1544984086659,1
3004,1544984086659,1
3004,1544984086660,1
3004,1544984087663,1
3004,1544984087663,1
3004,1544984087664,1
3004,1544984087664,1
3004,1544984087665,1
3004,1544984088668,1
3004,1544984088668,1
3004,1544984088668,1
3004,1544984088669,1
3004,1544984088669,1
3004,1544984089669,1
3004,1544984089669,1
3004,1544984089670,1
3004,1544984089670,1
3004,1544984089670,1
3004,1544984090670,1
3004,1544984090670,1
3004,1544984090671,1
3004,1544984090672,1
3004,1544984090672,1
3004,1544984091674,1
3004,1544984091674,1
3004,1544984091674,1
3004,1544984091674,1
3004,1544984091675,1
3004,1544984092675,1
3004,1544984092675,1
3004,1544984092675,1
3004,1544984092675,1
3004,1544984092676,1
3004,1544984093676,1
3004,1544984093676,1
3004,1544984093676,1
3004,1544984093677,1
3004,1544984093677,1
3004,1544984094679,1
3004,1544984094680,1
3004,1544984094680,1
3004,1544984094680,1
3004,1544984094681,1
3004,1544984095683,1
3004,1544984095684,1
3004,1544984095684,1
3004,1544984095684,1
3004,1544984095684,1
3004,1544984096685,1
3004,1544984096685,1
3004,1544984096685,1
3004,1544984096686,1
3004,1544984096686,1
3004,1544984097688,1
3004,1544984097688,1
3004,1544984097688,1
3004,1544984097688,1
3004,1544984097688,1
3004,1544984098691,1
3004,1544984098692,1
3004,1544984098692,1
3004,1544984098692,1
3004,1544984098692,1
3004,1544984099695,1
3004,1544984099695,1
3004,1544984099695,1
3004,1544984099695,1
3004,1544984099695,1
3004,1544984100695,1
3004,1544984100697,1
3004,1544984100697,1
3004,1544984100697,1
3004,1544984100698,1
3004,1544984101699,1
3004,1544984101700,1
3004,1544984101700,1
3004,1544984101700,1
3004,1544984101701,1
3004,1544984102702,1
3004,1544984102702,1
3004,1544984102702,1
3004,1544984102703,1
3004,1544984102703,1
3004,1544984103702,1
3004,1544984103702,1
3004,1544984103703,1
3004,1544984103703,1
3004,1544984103703,1
3004,1544984104702,1
3004,1544984104703,1
3004,1544984104703,1
3004,1544984104703,1
3004,1544984104703,1
3004,1544984105703,1
3004,1544984105704,1
3004,1544984105704,1
3004,1544984105704,1
3004,1544984105704,1
3004,1544984106707,1
3004,1544984106707,1
3004,1544984106707,1
3004,1544984106708,1
3004,1544984106708,1
3004,1544984107706,1
3004,1544984107706,1
3004,1544984107706,1
3004,1544984107707,1
3004,1544984107707,1
3004,1544984108708,1
3004,1544984108708,1
3004,1544984108708,1
3004,1544984108709,1
3004,1544984108709,1
3004,1544984109710,1
3004,1544984109711,1
3004,1544984109711,1
3004,1544984109711,1
3004,1544984109711,1
3004,1544984110712,1
3004,1544984110712,1
3004,1544984110712,1
3004,1544984110713,1
3004,1544984110713,1
3004,1544984111712,1
3004,1544984111712,1
3004,1544984111712,1
3004,1544984111713,1
3004,1544984111713,1
3004,1544984112715,1
3004,1544984112716,1
3004,1544984112716,1
3004,1544984112716,1
3004,1544984112716,1
3004,1544984113719,1
3004,1544984113719,1
3004,1544984113719,1
3004,1544984113719,1
3004,1544984113719,1
3004,1544984114722,1
3004,1544984114722,1
3004,1544984114722,1
3004,1544984114722,1
3004,1544984114722,1
3004,1544984115727,1
3004,1544984115728,1
3004,1544984115728,1
3004,1544984115728,1
3004,1544984115728,1
3004,1544984116731,1
3004,1544984116731,1
3004,1544984116731,1
3004,1544984116732,1
3004,1544984116733,1
3004,1544984117736,1
3004,1544984117736,1
3004,1544984117736,1
3004,1544984117736,1
3004,1544984117736,1
3004,1544984118739,1
3004,1544984118740,1
3004,1544984118740,1
3004,1544984118741,1
3004,1544984118741,1
3004,1544984119744,1
3004,1544984119744,1
3004,1544984119744,1
3004,1544984119745,1
3004,1544984119745,1
3004,1544984120744,1
3004,1544984120744,1
3004,1544984120744,1
3004,1544984120745,1
3004,1544984120745,1
3004,1544984121745,1
3004,1544984121746,1
3004,1544984121746,1
3004,1544984121746,1
3004,1544984121746,1
3004,1544984122750,1
3004,1544984122751,1
3004,1544984122751,1
3004,1544984122751,1
3004,1544984122751,1
3004,1544984123753,1
3004,1544984123753,1
3004,1544984123753,1
3004,1544984123753,1
3004,1544984123754,1
3004,1544984124756,1
3004,1544984124757,1
3004,1544984124757,1
3004,1544984124757,1
3004,1544984124757,1
3004,1544984125758,1
3004,1544984125759,1
3004,1544984125759,1
3004,1544984125760,1
3004,1544984125760,1
3004,1544984126759,1
3004,1544984126759,1
3004,1544984126760,1
3004,1544984126760,1
3004,1544984126760,1
3004,1544984127759,1
3004,1544984127759,1
3004,1544984127760,1
3004,1544984127760,1
3004,1544984127760,1
3004,1544984128759,1
3004,1544984128759,1
3004,1544984128760,1
3004,1544984128760,1
3004,1544984128760,1
3004,1544984129763,1
3004,1544984129764,1
3004,1544984129764,1
3004,1544984129764,1
3004,1544984129764,1
3004,1544984130763,1
3004,1544984130764,1
3004,1544984130764,1
3004,1544984130764,1
3004,1544984130764,1
3004,1544984131767,1
3004,1544984131768,1
3004,1544984131768,1
3004,1544984131768,1
3004,1544984131768,1
3004,1544984132772,1
3004,1544984132773,1
3004,1544984132773,1
3004,1544984132773,1
3004,1544984132773,1
3004,1544984133775,1
3004,1544984133776,1
3004,1544984133776,1
3004,1544984133776,1
3004,1544984133776,1
3004,1544984134778,1
3004,1544984134779,1
3004,1544984134779,1
3004,1544984134780,1
3004,1544984134780,1
3004,1544984135782,1
3004,1544984135782,1
3004,1544984135783,1
3004,1544984135783,1
3004,1544984135783,1
3004,1544984136787,1
3004,1544984136787,1
3004,1544984136787,1
3004,1544984136787,1
3004,1544984136787,1
3004,1544984137790,1
3004,1544984137790,1
3004,1544984137790,1
3004,1544984137790,1
3004,1544984137790,1
3004,1544984138795,1
3004,1544984138795,1
3004,1544984138796,1
3004,1544984138796,1
3004,1544984138796,1
3004,1544984139795,1
3004,1544984139795,1
3004,1544984139795,1
3004,1544984139796,1
3004,1544984139796,1
3004,1544984140799,1
3004,1544984140799,1
3004,1544984140799,1
3004,1544984140799,1
3004,1544984140800,1
3004,1544984141802,1
3004,1544984141802,1
3004,1544984141802,1
3004,1544984141803,1
3004,1544984141803,1
3004,1544984142804,1
3004,1544984142804,1
3004,1544984142804,1
3004,1544984142804,1
3004,1544984142804,1
3004,1544984143807,1
3004,1544984143807,1
3004,1544984143807,1
3004,1544984143807,1
3004,1544984143808,1
3004,1544984144809,1
3004,1544984144809,1
3004,1544984144809,1
3004,1544984144809,1
3004,1544984144810,1
3004,1544984145813,1
3004,1544984145814,1
3004,1544984145814,1
3004,1544984145814,1
3004,1544984145814,1
3004,1544984146817,1
3004,1544984146818,1
3004,1544984146818,1
3004,1544984146818,1
3004,1544984146818,1
3004,1544984147821,1
3004,1544984147822,1
3004,1544984147822,1
3004,1544984147822,1
3004,1544984147822,1
3004,1544984148826,1
3004,1544984148826,1
3004,1544984148826,1
3004,1544984148826,1
3004,1544984148826,1
3004,1544984149828,1
3004,1544984149829,1
3004,1544984149829,1
3004,1544984149829,1
3004,1544984149830,1
3004,1544984150831,1
3004,1544984150831,1
3004,1544984150831,1
3004,1544984150831,1
3004,1544984150832,1
3004,1544984151833,1
3004,1544984151833,1
3004,1544984151833,1
3004,1544984151834,1
3004,1544984151835,1
3004,1544984152836,1
3004,1544984152836,1
3004,1544984152837,1
3004,1544984152837,1
3004,1544984152837,1
3004,1544984153841,1
3004,1544984153842,1
3004,1544984153842,1
3004,1544984153842,1
3004,1544984153842,1
3004,1544984154846,1
3004,1544984154846,1
3004,1544984154847,1
3004,1544984154847,1
3004,1544984154847,1
3004,1544984155850,1
3004,1544984155850,1
3004,1544984155851,1
3004,1544984155851,1
3004,1544984155851,1
3004,1544984156850,1
3004,1544984156851,1
3004,1544984156851,1
3004,1544984156851,1
3004,1544984156851,1
3004,1544984157853,1
3004,1544984157853,1
3004,1544984157854,1
3004,1544984157854,1
3004,1544984157854,1
3004,1544984158856,1
3004,1544984158857,1
3004,1544984158857,1
3004,1544984158857,1
3004,1544984158857,1
3004,1544984159859,1
3004,1544984159859,1
3004,1544984159859,1
3004,1544984159860,1
3004,1544984159860,1
3004,1544984160859,1
3004,1544984160860,1
3004,1544984160860,1
3004,1544984160860,1
3004,1544984160860,1
3004,1544984161863,1
3004,1544984161863,1
3004,1544984161863,1
3004,1544984161864,1
3004,1544984161864,1
3004,1544984162866,1
3004,1544984162867,1
3004,1544984162867,1
3004,1544984162867,1
3004,1544984162867,1
3004,1544984163870,1
3004,1544984163870,1
3004,1544984163871,1
3004,1544984163871,1
3004,1544984163871,1
3004,1544984164872,1
3004,1544984164873,1
3004,1544984164873,1
3004,1544984164873,1
3004,1544984164873,1
3004,1544984165876,1
3004,1544984165876,1
3004,1544984165876,1
3004,1544984165877,1
3004,1544984165877,1
3004,1544984166878,1
3004,1544984166879,1
3004,1544984166879,1
3004,1544984166879,1
3004,1544984166880,1
3004,1544984167883,1
3004,1544984167883,1
3004,1544984167883,1
3004,1544984167884,1
3004,1544984167884,1
3004,1544984168886,1
3004,1544984168887,1
3004,1544984168887,1
3004,1544984168887,1
3004,1544984168887,1
3004,1544984169889,1
3004,1544984169890,1
3004,1544984169890,1
3004,1544984169890,1
3004,1544984169890,1
3004,1544984170891,1
3004,1544984170892,1
3004,1544984170892,1
3004,1544984170892,1
3004,1544984170892,1
3004,1544984171893,1
3004,1544984171894,1
3004,1544984171894,1
3004,1544984171894,1
3004,1544984171894,1
3004,1544984172899,1
3004,1544984172899,1
3004,1544984172899,1
3004,1544984172899,1
3004,1544984172899,1
3004,1544984173902,1
3004,1544984173903,1
3004,1544984173903,1
3004,1544984173903,1
3004,1544984173903,1
3004,1544984174904,1
3004,1544984174904,1
3004,1544984174904,1
3004,1544984174904,1
3004,1544984174905,1
3004,1544984175904,1
3004,1544984175904,1
3004,1544984175904,1
3004,1544984175904,1
3004,1544984175905,1
3004,1544984176906,1
3004,1544984176907,1
3004,1544984176907,1
3004,1544984176907,1
3004,1544984176908,1
3004,1544984177910,1
3004,1544984177910,1
3004,1544984177910,1
3004,1544984177911,1
3004,1544984177911,1
3004,1544984178915,1
3004,1544984178916,1
3004,1544984178916,1
3004,1544984178916,1
3004,1544984178916,1
3004,1544984179916,1
3004,1544984179916,1
3004,1544984179917,1
3004,1544984179917,1
3004,1544984179917,1
3004,1544984180920,1
3004,1544984180921,1
3004,1544984180921,1
3004,1544984180922,1
3004,1544984180922,1
3004,1544984181924,1
3004,1544984181925,1
3004,1544984181925,1
3004,1544984181926,1
3004,1544984181926,1
3004,1544984182928,1
3004,1544984182928,1
3004,1544984182928,1
3004,1544984182928,1
3004,1544984182928,1
3004,1544984183932,1
3004,1544984183932,1
3004,1544984183932,1
3004,1544984183933,1
3004,1544984183933,1
3004,1544984184935,1
3004,1544984184936,1
3004,1544984184936,1
3004,1544984184938,1
3004,1544984184938,1
3004,1544984185939,1
3004,1544984185940,1
3004,1544984185940,1
3004,1544984185940,1
3004,1544984185940,1
3004,1544984186944,1
3004,1544984186946,1
3004,1544984186946,1
3004,1544984186946,1
3004,1544984186946,1
3004,1544984187948,1
3004,1544984187949,1
3004,1544984187949,1
3004,1544984187949,1
3004,1544984187949,1
3004,1544984188949,1
3004,1544984188949,1
3004,1544984188950,1
3004,1544984188950,1
3004,1544984188950,1
3004,1544984189951,1
3004,1544984189952,1
3004,1544984189952,1
3004,1544984189952,1
3004,1544984189952,1
3004,1544984190956,1
3004,1544984190957,1
3004,1544984190957,1
3004,1544984190957,1
3004,1544984190957,1
3004,1544984191961,1
3004,1544984191961,1
3004,1544984191961,1
3004,1544984191962,1
3004,1544984191962,1
3004,1544984192965,1
3004,1544984192965,1
3004,1544984192966,1
3004,1544984192967,1
3004,1544984192967,1
3004,1544984193968,1
3004,1544984193968,1
3004,1544984193969,1
3004,1544984193969,1
3004,1544984193969,1
3004,1544984194971,1
3004,1544984194972,1
3004,1544984194972,1
3004,1544984194972,1
3004,1544984194972,1
3004,1544984195972,1
3004,1544984195973,1
3004,1544984195973,1
3004,1544984195973,1
3004,1544984195973,1
3004,1544984196975,1
3004,1544984196976,1
3004,1544984196976,1
3004,1544984196976,1
3004,1544984196976,1
3004,1544984197976,1
3004,1544984197976,1
3004,1544984197976,1
3004,1544984197976,1
3004,1544984197976,1
3004,1544984198976,1
3004,1544984198976,1
3004,1544984198976,1
3004,1544984198976,1
3004,1544984198976,1
3004,1544984199980,1
3004,1544984199983,1
3004,1544984199983,1
3004,1544984199983,1
3004,1544984199983,1
3004,1544984200983,1
3004,1544984200983,1
3004,1544984200983,1
3004,1544984200983,1
3004,1544984200983,1
3004,1544984201987,1
3004,1544984201988,1
3004,1544984201988,1
3004,1544984201988,1
3004,1544984201988,1
3004,1544984202987,1
3004,1544984202987,1
3004,1544984202988,1
3004,1544984202988,1
3004,1544984202988,1
3004,1544984203992,1
3004,1544984203992,1
3004,1544984203992,1
3004,1544984203992,1
3004,1544984203993,1
3004,1544984204996,1
3004,1544984204996,1
3004,1544984204997,1
3004,1544984204997,1
3004,1544984204997,1
3004,1544984205997,1
3004,1544984205998,1
3004,1544984206000,1
3004,1544984206000,1
3004,1544984206000,1
3004,1544984207001,1
3004,1544984207001,1
3004,1544984207001,1
3004,1544984207001,1
3004,1544984207001,1
3004,1544984208005,1
3004,1544984208005,1
3004,1544984208005,1
3004,1544984208006,1
3004,1544984208006,1
3004,1544984209006,1
3004,1544984209006,1
3004,1544984209006,1
3004,1544984209007,1
3004,1544984209007,1
3004,1544984210006,1
3004,1544984210006,1
3004,1544984210006,1
3004,1544984210007,1
3004,1544984210007,1
3004,1544984211006,1
3004,1544984211006,1
3004,1544984211007,1
3004,1544984211007,1
3004,1544984211007,1
3004,1544984212005,1
3004,1544984212006,1
3004,1544984212006,1
3004,1544984212006,1
3004,1544984212006,1
3004,1544984213006,1
3004,1544984213006,1
3004,1544984213007,1
3004,1544984213007,1
3004,1544984213007,1
3004,1544984214007,1
3004,1544984214008,1
3004,1544984214008,1
3004,1544984214008,1
3004,1544984214008,1
3004,1544984215007,1
3004,1544984215008,1
3004,1544984215008,1
3004,1544984215008,1
3004,1544984215008,1
3004,1544984216007,1
3004,1544984216008,1
3004,1544984216008,1
3004,1544984216008,1
3004,1544984216008,1
3004,1544984217008,1
3004,1544984217008,1
3004,1544984217008,1
3004,1544984217008,1
3004,1544984217009,1
3004,1544984218010,1
3004,1544984218010,1
3004,1544984218010,1
3004,1544984218011,1
3004,1544984218011,1
3004,1544984219011,1
3004,1544984219013,1
3004,1544984219014,1
3004,1544984219014,1
3004,1544984219014,1
3004,1544984220013,1
3004,1544984220014,1
3004,1544984220014,1
3004,1544984220014,1
3004,1544984220014,1
3004,1544984221017,1
3004,1544984221017,1
3004,1544984221017,1
3004,1544984221017,1
3004,1544984221017,1
3004,1544984222021,1
3004,1544984222022,1
3004,1544984222022,1
3004,1544984222022,1
3004,1544984222022,1
3004,1544984223022,1
3004,1544984223022,1
3004,1544984223022,1
3004,1544984223022,1
3004,1544984223022,1
3004,1544984224025,1
3004,1544984224025,1
3004,1544984224025,1
3004,1544984224026,1
3004,1544984224026,1
3004,1544984225026,1
3004,1544984225026,1
3004,1544984225026,1
3004,1544984225027,1
3004,1544984225027,1
3004,1544984226029,1
3004,1544984226029,1
3004,1544984226029,1
3004,1544984226029,1
3004,1544984226029,1
3004,1544984227032,1
3004,1544984227032,1
3004,1544984227032,1
3004,1544984227032,1
3004,1544984227032,1
3004,1544984228037,1
3004,1544984228037,1
3004,1544984228037,1
3004,1544984228038,1
3004,1544984228038,1
3004,1544984229040,1
3004,1544984229040,1
3004,1544984229041,1
3004,1544984229041,1
3004,1544984229041,1
3004,1544984230044,1
3004,1544984230045,1
3004,1544984230045,1
3004,1544984230045,1
3004,1544984230045,1
3004,1544984231048,1
3004,1544984231049,1
3004,1544984231049,1
3004,1544984231049,1
3004,1544984231049,1
3004,1544984232053,1
3004,1544984232053,1
3004,1544984232053,1
3004,1544984232053,1
3004,1544984232053,1
3004,1544984233056,1
3004,1544984233056,1
3004,1544984233056,1
3004,1544984233056,1
3004,1544984233057,1
3004,1544984234060,1
3004,1544984234060,1
3004,1544984234060,1
3004,1544984234060,1
3004,1544984234061,1
3004,1544984235063,1
3004,1544984235063,1
3004,1544984235063,1
3004,1544984235063,1
3004,1544984235063,1
3004,1544984236063,1
3004,1544984236063,1
3004,1544984236063,1
3004,1544984236063,1
3004,1544984236063,1
3004,1544984237063,1
3004,1544984237063,1
3004,1544984237063,1
3004,1544984237063,1
3004,1544984237063,1
3004,1544984238065,1
3004,1544984238065,1
3004,1544984238065,1
3004,1544984238066,1
3004,1544984238066,1
3004,1544984239066,1
3004,1544984239066,1
3004,1544984239067,1
3004,1544984239067,1
3004,1544984239067,1
3004,1544984240066,1
3004,1544984240067,1
3004,1544984240068,1
3004,1544984240068,1
3004,1544984240069,1
3004,1544984241071,1
3004,1544984241072,1
3004,1544984241072,1
3004,1544984241072,1
3004,1544984241072,1
3004,1544984242073,1
3004,1544984242073,1
3004,1544984242074,1
3004,1544984242074,1
3004,1544984242074,1
3004,1544984243078,1
3004,1544984243079,1
3004,1544984243079,1
3004,1544984243079,1
3004,1544984243079,1
3004,1544984244082,1
3004,1544984244082,1
3004,1544984244082,1
3004,1544984244082,1
3004,1544984244083,1
3004,1544984245081,1
3004,1544984245082,1
3004,1544984245082,1
3004,1544984245082,1
3004,1544984245082,1
3004,1544984246081,1
3004,1544984246082,1
3004,1544984246082,1
3004,1544984246082,1
3004,1544984246082,1
3004,1544984247081,1
3004,1544984247081,1
3004,1544984247082,1
3004,1544984247082,1
3004,1544984247082,1
3004,1544984248084,1
3004,1544984248084,1
3004,1544984248084,1
3004,1544984248084,1
3004,1544984248085,1
3004,1544984249085,1
3004,1544984249088,1
3004,1544984249088,1
3004,1544984249089,1
3004,1544984249089,1
3004,1544984250087,1
3004,1544984250087,1
3004,1544984250087,1
3004,1544984250087,1
3004,1544984250087,1
3004,1544984251089,1
3004,1544984251089,1
3004,1544984251089,1
3004,1544984251089,1
3004,1544984251090,1
3004,1544984252090,1
3004,1544984252090,1
3004,1544984252090,1
3004,1544984252090,1
3004,1544984252090,1
3004,1544984253092,1
3004,1544984253092,1
3004,1544984253092,1
3004,1544984253092,1
3004,1544984253093,1
3004,1544984254096,1
3004,1544984254096,1
3004,1544984254096,1
3004,1544984254096,1
3004,1544984254097,1
3004,1544984255101,1
3004,1544984255101,1
3004,1544984255101,1
3004,1544984255101,1
3004,1544984255101,1
3004,1544984256102,1
3004,1544984256103,1
3004,1544984256103,1
3004,1544984256103,1
3004,1544984256103,1
3004,1544984257107,1
3004,1544984257108,1
3004,1544984257108,1
3004,1544984257108,1
3004,1544984257108,1
3004,1544984258112,1
3004,1544984258112,1
3004,1544984258112,1
3004,1544984258112,1
3004,1544984258113,1
3004,1544984259116,1
3004,1544984259116,1
3004,1544984259116,1
3004,1544984259116,1
3004,1544984259116,1
3004,1544984260120,1
3004,1544984260120,1
3004,1544984260121,1
3004,1544984260121,1
3004,1544984260121,1
3004,1544984261120,1
3004,1544984261121,1
3004,1544984261121,1
3004,1544984261121,1
3004,1544984261121,1
3004,1544984262123,1
3004,1544984262123,1
3004,1544984262123,1
3004,1544984262123,1
3004,1544984262123,1
3004,1544984263126,1
3004,1544984263126,1
3004,1544984263126,1
3004,1544984263126,1
3004,1544984263127,1
3004,1544984264128,1
3004,1544984264128,1
3004,1544984264129,1
3004,1544984264129,1
3004,1544984264129,1
3004,1544984265131,1
3004,1544984265132,1
3004,1544984265132,1
3004,1544984265132,1
3004,1544984265132,1
3004,1544984266132,1
3004,1544984266132,1
3004,1544984266132,1
3004,1544984266132,1
3004,1544984266133,1
3004,1544984267135,1
3004,1544984267135,1
3004,1544984267136,1
3004,1544984267136,1
3004,1544984267136,1
3004,1544984268140,1
3004,1544984268140,1
3004,1544984268141,1
3004,1544984268141,1
3004,1544984268141,1
3004,1544984269145,1
3004,1544984269145,1
3004,1544984269145,1
3004,1544984269145,1
3004,1544984269145,1
3004,1544984270148,1
3004,1544984270149,1
3004,1544984270149,1
3004,1544984270149,1
3004,1544984270149,1
3004,1544984271148,1
3004,1544984271148,1
3004,1544984271148,1
3004,1544984271148,1
3004,1544984271149,1
3004,1544984272150,1
3004,1544984272150,1
3004,1544984272150,1
3004,1544984272150,1
3004,1544984272150,1
3004,1544984273152,1
3004,1544984273153,1
3004,1544984273153,1
3004,1544984273153,1
3004,1544984273153,1
3004,1544984274156,1
3004,1544984274156,1
3004,1544984274156,1
3004,1544984274156,1
3004,1544984274157,1
3004,1544984275161,1
3004,1544984275161,1
3004,1544984275161,1
3004,1544984275162,1
3004,1544984275162,1
3004,1544984276164,1
3004,1544984276165,1
3004,1544984276165,1
3004,1544984276165,1
3004,1544984276165,1
3004,1544984277168,1
3004,1544984277169,1
3004,1544984277170,1
3004,1544984277170,1
3004,1544984277170,1
3004,1544984278172,1
3004,1544984278172,1
3004,1544984278172,1
3004,1544984278172,1
3004,1544984278173,1
3004,1544984279172,1
3004,1544984279172,1
3004,1544984279172,1
3004,1544984279173,1
3004,1544984279173,1
3004,1544984280175,1
3004,1544984280176,1
3004,1544984280176,1
3004,1544984280176,1
3004,1544984280176,1
3004,1544984281176,1
3004,1544984281176,1
3004,1544984281176,1
3004,1544984281176,1
3004,1544984281176,1
3004,1544984282177,1
3004,1544984282178,1
3004,1544984282178,1
3004,1544984282178,1
3004,1544984282178,1
3004,1544984283182,1
3004,1544984283182,1
3004,1544984283183,1
3004,1544984283183,1
3004,1544984283183,1
3004,1544984284183,1
3004,1544984284184,1
3004,1544984284184,1
3004,1544984284186,1
3004,1544984284186,1
3004,1544984285184,1
3004,1544984285184,1
3004,1544984285184,1
3004,1544984285184,1
3004,1544984285184,1
3004,1544984286185,1
3004,1544984286185,1
3004,1544984286185,1
3004,1544984286185,1
3004,1544984286185,1
3004,1544984287189,1
3004,1544984287189,1
3004,1544984287189,1
3004,1544984287189,1
3004,1544984287190,1
3004,1544984288189,1
3004,1544984288189,1
3004,1544984288189,1
3004,1544984288190,1
3004,1544984288190,1
3004,1544984289194,1
3004,1544984289194,1
3004,1544984289194,1
3004,1544984289195,1
3004,1544984289195,1
3004,1544984290198,1
3004,1544984290198,1
3004,1544984290198,1
3004,1544984290198,1
3004,1544984290199,1
3004,1544984291203,1
3004,1544984291203,1
3004,1544984291204,1
3004,1544984291204,1
3004,1544984291204,1
3004,1544984292204,1
3004,1544984292204,1
3004,1544984292205,1
3004,1544984292205,1
3004,1544984292205,1
3004,1544984293204,1
3004,1544984293204,1
3004,1544984293204,1
3004,1544984293205,1
3004,1544984293205,1
3004,1544984294205,1
3004,1544984294205,1
3004,1544984294205,1
3004,1544984294205,1
3004,1544984294206,1
3004,1544984295209,1
3004,1544984295210,1
3004,1544984295210,1
3004,1544984295210,1
3004,1544984295210,1
3004,1544984296210,1
3004,1544984296210,1
3004,1544984296210,1
3004,1544984296211,1
3004,1544984296211,1
3004,1544984297210,1
3004,1544984297210,1
3004,1544984297210,1
3004,1544984297211,1
3004,1544984297211,1
3004,1544984298214,1
3004,1544984298214,1
3004,1544984298214,1
3004,1544984298214,1
3004,1544984298215,1
3004,1544984299215,1
3004,1544984299215,1
3004,1544984299215,1
3004,1544984299216,1
3004,1544984299216,1
3004,1544984300218,1
3004,1544984300219,1
3004,1544984300219,1
3004,1544984300219,1
3004,1544984300219,1
3004,1544984301223,1
3004,1544984301223,1
3004,1544984301223,1
3004,1544984301224,1
3004,1544984301224,1
3004,1544984302227,1
3004,1544984302227,1
3004,1544984302228,1
3004,1544984302228,1
3004,1544984302228,1
3004,1544984303232,1
3004,1544984303232,1
3004,1544984303232,1
3004,1544984303233,1
3004,1544984303233,1
3004,1544984304232,1
3004,1544984304232,1
3004,1544984304232,1
3004,1544984304233,1
3004,1544984304233,1
3004,1544984305236,1
3004,1544984305236,1
3004,1544984305236,1
3004,1544984305236,1
3004,1544984305236,1
3004,1544984306238,1
3004,1544984306239,1
3004,1544984306239,1
3004,1544984306239,1
3004,1544984306239,1
3004,1544984307243,1
3004,1544984307243,1
3004,1544984307243,1
3004,1544984307244,1
3004,1544984307244,1
3004,1544984308247,1
3004,1544984308247,1
3004,1544984308248,1
3004,1544984308248,1
3004,1544984308248,1
3004,1544984309249,1
3004,1544984309249,1
3004,1544984309249,1
3004,1544984309250,1
3004,1544984309250,1
3004,1544984310249,1
3004,1544984310249,1
3004,1544984310250,1
3004,1544984310250,1
3004,1544984310250,1
3004,1544984311254,1
3004,1544984311254,1
3004,1544984311254,1
3004,1544984311254,1
3004,1544984311255,1
3004,1544984312254,1
3004,1544984312254,1
3004,1544984312254,1
3004,1544984312254,1
3004,1544984312255,1
3004,1544984313255,1
3004,1544984313255,1
3004,1544984313255,1
3004,1544984313255,1
3004,1544984313256,1
3004,1544984314259,1
3004,1544984314259,1
3004,1544984314260,1
3004,1544984314260,1
3004,1544984314260,1
3004,1544984315264,1
3004,1544984315264,1
3004,1544984315264,1
3004,1544984315265,1
3004,1544984315265,1
3004,1544984316265,1
3004,1544984316266,1
3004,1544984316266,1
3004,1544984316267,1
3004,1544984316267,1
3004,1544984317269,1
3004,1544984317269,1
3004,1544984317270,1
3004,1544984317270,1
3004,1544984317270,1
3004,1544984318272,1
3004,1544984318272,1
3004,1544984318272,1
3004,1544984318273,1
3004,1544984318273,1
3004,1544984319276,1
3004,1544984319276,1
3004,1544984319276,1
3004,1544984319276,1
3004,1544984319277,1
3004,1544984320281,1
3004,1544984320282,1
3004,1544984320282,1
3004,1544984320282,1
3004,1544984320282,1
3004,1544984321284,1
3004,1544984321285,1
3004,1544984321285,1
3004,1544984321285,1
3004,1544984321285,1
3004,1544984322285,1
3004,1544984322285,1
3004,1544984322285,1
3004,1544984322286,1
3004,1544984322286,1
3004,1544984323289,1
3004,1544984323290,1
3004,1544984323290,1
3004,1544984323290,1
3004,1544984323290,1
3004,1544984324292,1
3004,1544984324293,1
3004,1544984324293,1
3004,1544984324293,1
3004,1544984324293,1
3004,1544984325293,1
3004,1544984325293,1
3004,1544984325294,1
3004,1544984325294,1
3004,1544984325294,1
3004,1544984326296,1
3004,1544984326297,1
3004,1544984326297,1
3004,1544984326297,1
3004,1544984326297,1
3004,1544984327301,1
3004,1544984327301,1
3004,1544984327302,1
3004,1544984327302,1
3004,1544984327302,1
3004,1544984328301,1
3004,1544984328302,1
3004,1544984328302,1
3004,1544984328302,1
3004,1544984328302,1
3004,1544984329302,1
3004,1544984329302,1
3004,1544984329302,1
3004,1544984329302,1
3004,1544984329303,1
3004,1544984330305,1
3004,1544984330305,1
3004,1544984330305,1
3004,1544984330305,1
3004,1544984330306,1
3004,1544984331308,1
3004,1544984331309,1
3004,1544984331309,1
3004,1544984331309,1
3004,1544984331309,1
3004,1544984332313,1
3004,1544984332314,1
3004,1544984332314,1
3004,1544984332315,1
3004,1544984332315,1
3004,1544984333323,1
3004,1544984333324,1
3004,1544984333324,1
3004,1544984333325,1
3004,1544984333325,1
3004,1544984334330,1
3004,1544984334331,1
3004,1544984334331,1
3004,1544984334331,1
3004,1544984334331,1
3004,1544984335333,1
3004,1544984335334,1
3004,1544984335334,1
3004,1544984335334,1
3004,1544984335334,1
3004,1544984336342,1
3004,1544984336342,1
3004,1544984336342,1
3004,1544984336343,1
3004,1544984336343,1
3004,1544984337348,1
3004,1544984337348,1
3004,1544984337349,1
3004,1544984337349,1
3004,1544984337349,1
3004,1544984338348,1
3004,1544984338349,1
3004,1544984338349,1
3004,1544984338349,1
3004,1544984338349,1
3004,1544984339349,1
3004,1544984339349,1
3004,1544984339349,1
3004,1544984339350,1
3004,1544984339350,1
3004,1544984340358,1
3004,1544984340359,1
3004,1544984340359,1
3004,1544984340359,1
3004,1544984340359,1
3004,1544984341365,1
3004,1544984341365,1
3004,1544984341365,1
3004,1544984341366,1
3004,1544984341366,1
3004,1544984342367,1
3004,1544984342367,1
3004,1544984342367,1
3004,1544984342368,1
3004,1544984342368,1
3004,1544984343371,1
3004,1544984343371,1
3004,1544984343372,1
3004,1544984343372,1
3004,1544984343372,1
3004,1544984344376,1
3004,1544984344377,1
3004,1544984344377,1
3004,1544984344377,1
3004,1544984344378,1
3004,1544984345378,1
3004,1544984345378,1
3004,1544984345378,1
3004,1544984345378,1
3004,1544984345378,1
3004,1544984346385,1
3004,1544984346386,1
3004,1544984346386,1
3004,1544984346386,1
3004,1544984346386,1
3004,1544984347392,1
3004,1544984347393,1
3004,1544984347393,1
3004,1544984347393,1
3004,1544984347393,1
3004,1544984348401,1
3004,1544984348401,1
3004,1544984348401,1
3004,1544984348402,1
3004,1544984348402,1
3004,1544984349408,1
3004,1544984349408,1
3004,1544984349408,1
3004,1544984349408,1
3004,1544984349409,1
3004,1544984350413,1
3004,1544984350414,1
3004,1544984350414,1
3004,1544984350414,1
3004,1544984350414,1
3004,1544984351422,1
3004,1544984351423,1
3004,1544984351423,1
3004,1544984351423,1
3004,1544984351423,1
3004,1544984352429,1
3004,1544984352430,1
3004,1544984352430,1
3004,1544984352430,1
3004,1544984352430,1
3004,1544984353433,1
3004,1544984353433,1
3004,1544984353433,1
3004,1544984353434,1
3004,1544984353434,1
3004,1544984354441,1
3004,1544984354441,1
3004,1544984354441,1
3004,1544984354441,1
3004,1544984354442,1
3004,1544984355451,1
3004,1544984355451,1
3004,1544984355451,1
3004,1544984355452,1
3004,1544984355452,1
3004,1544984356455,1
3004,1544984356456,1
3004,1544984356456,1
3004,1544984356456,1
3004,1544984356457,1
3004,1544984357461,1
3004,1544984357461,1
3004,1544984357463,1
3004,1544984357463,1
3004,1544984357463,1
3004,1544984358460,1
3004,1544984358461,1
3004,1544984358461,1
3004,1544984358461,1
3004,1544984358461,1
3004,1544984359461,1
3004,1544984359462,1
3004,1544984359462,1
3004,1544984359462,1
3004,1544984359463,1
3004,1544984360466,1
3004,1544984360467,1
3004,1544984360467,1
3004,1544984360467,1
3004,1544984360467,1
3004,1544984361468,1
3004,1544984361468,1
3004,1544984361468,1
3004,1544984361468,1
3004,1544984361468,1
3004,1544984362472,1
3004,1544984362472,1
3004,1544984362472,1
3004,1544984362473,1
3004,1544984362473,1
3004,1544984363473,1
3004,1544984363473,1
3004,1544984363474,1
3004,1544984363474,1
3004,1544984363474,1
3004,1544984364473,1
3004,1544984364474,1
3004,1544984364474,1
3004,1544984364474,1
3004,1544984364475,1
3004,1544984365477,1
3004,1544984365477,1
3004,1544984365477,1
3004,1544984365477,1
3004,1544984365478,1
3004,1544984366477,1
3004,1544984366477,1
3004,1544984366477,1
3004,1544984366477,1
3004,1544984366478,1
3004,1544984367478,1
3004,1544984367479,1
3004,1544984367479,1
3004,1544984367479,1
3004,1544984367479,1
3004,1544984368480,1
3004,1544984368480,1
3004,1544984368480,1
3004,1544984368480,1
3004,1544984368480,1
3004,1544984369483,1
3004,1544984369483,1
3004,1544984369483,1
3004,1544984369483,1
3004,1544984369483,1
3004,1544984370487,1
3004,1544984370487,1
3004,1544984370487,1
3004,1544984370487,1
3004,1544984370488,1
3004,1544984371491,1
3004,1544984371492,1
3004,1544984371492,1
3004,1544984371492,1
3004,1544984371492,1
3004,1544984372495,1
3004,1544984372495,1
3004,1544984372495,1
3004,1544984372495,1
3004,1544984372495,1
3004,1544984373499,1
3004,1544984373499,1
3004,1544984373499,1
3004,1544984373500,1
3004,1544984373500,1
3004,1544984374502,1
3004,1544984374502,1
3004,1544984374502,1
3004,1544984374502,1
3004,1544984374503,1
3004,1544984375506,1
3004,1544984375507,1
3004,1544984375507,1
3004,1544984375507,1
3004,1544984375507,1
3004,1544984376510,1
3004,1544984376511,1
3004,1544984376511,1
3004,1544984376511,1
3004,1544984376511,1
3004,1544984377513,1
3004,1544984377513,1
3004,1544984377514,1
3004,1544984377514,1
3004,1544984377514,1
3004,1544984378518,1
3004,1544984378519,1
3004,1544984378519,1
3004,1544984378519,1
3004,1544984378519,1
3004,1544984379520,1
3004,1544984379520,1
3004,1544984379520,1
3004,1544984379521,1
3004,1544984379521,1
3004,1544984380521,1
3004,1544984380521,1
3004,1544984380521,1
3004,1544984380521,1
3004,1544984380521,1
3004,1544984381521,1
3004,1544984381522,1
3004,1544984381522,1
3004,1544984381522,1
3004,1544984381522,1
3004,1544984382524,1
3004,1544984382524,1
3004,1544984382525,1
3004,1544984382525,1
3004,1544984382525,1
3004,1544984383526,1
3004,1544984383526,1
3004,1544984383527,1
3004,1544984383527,1
3004,1544984383527,1
3004,1544984384530,1
3004,1544984384530,1
3004,1544984384530,1
3004,1544984384530,1
3004,1544984384531,1
3004,1544984385531,1
3004,1544984385531,1
3004,1544984385531,1
3004,1544984385532,1
3004,1544984385532,1
3004,1544984386531,1
3004,1544984386531,1
3004,1544984386532,1
3004,1544984386532,1
3004,1544984386532,1
3004,1544984387532,1
3004,1544984387533,1
3004,1544984387533,1
3004,1544984387533,1
3004,1544984387533,1
3004,1544984388533,1
3004,1544984388533,1
3004,1544984388534,1
3004,1544984388534,1
3004,1544984388534,1
3004,1544984389537,1
3004,1544984389537,1
3004,1544984389537,1
3004,1544984389537,1
3004,1544984389537,1
3004,1544984390540,1
3004,1544984390540,1
3004,1544984390541,1
3004,1544984390541,1
3004,1544984390541,1
3004,1544984391540,1
3004,1544984391540,1
3004,1544984391540,1
3004,1544984391540,1
3004,1544984391541,1
3004,1544984392543,1
3004,1544984392544,1
3004,1544984392544,1
3004,1544984392544,1
3004,1544984392544,1
3004,1544984393546,1
3004,1544984393546,1
3004,1544984393546,1
3004,1544984393546,1
3004,1544984393547,1
3004,1544984394549,1
3004,1544984394550,1
3004,1544984394550,1
3004,1544984394550,1
3004,1544984394550,1
3004,1544984395551,1
3004,1544984395552,1
3004,1544984395552,1
3004,1544984395552,1
3004,1544984395552,1
3004,1544984396557,1
3004,1544984396557,1
3004,1544984396557,1
3004,1544984396557,1
3004,1544984396557,1
3004,1544984397558,1
3004,1544984397559,1
3004,1544984397559,1
3004,1544984397559,1
3004,1544984397559,1
3004,1544984398562,1
3004,1544984398562,1
3004,1544984398562,1
3004,1544984398563,1
3004,1544984398563,1
3004,1544984399567,1
3004,1544984399567,1
3004,1544984399567,1
3004,1544984399568,1
3004,1544984399568,1
3004,1544984400570,1
3004,1544984400570,1
3004,1544984400571,1
3004,1544984400571,1
3004,1544984400571,1
3004,1544984401570,1
3004,1544984401571,1
3004,1544984401571,1
3004,1544984401571,1
3004,1544984401571,1
3004,1544984402574,1
3004,1544984402574,1
3004,1544984402574,1
3004,1544984402574,1
3004,1544984402574,1
3004,1544984403574,1
3004,1544984403574,1
3004,1544984403574,1
3004,1544984403575,1
3004,1544984403575,1
3004,1544984404576,1
3004,1544984404577,1
3004,1544984404577,1
3004,1544984404577,1
3004,1544984404577,1
3004,1544984405578,1
3004,1544984405579,1
3004,1544984405579,1
3004,1544984405579,1
3004,1544984405580,1
3004,1544984406580,1
3004,1544984406581,1
3004,1544984406581,1
3004,1544984406581,1
3004,1544984406581,1
3004,1544984407580,1
3004,1544984407580,1
3004,1544984407581,1
3004,1544984407581,1
3004,1544984407581,1
3004,1544984408583,1
3004,1544984408584,1
3004,1544984408584,1
3004,1544984408584,1
3004,1544984408584,1
3004,1544984409588,1
3004,1544984409589,1
3004,1544984409589,1
3004,1544984409589,1
3004,1544984409589,1
3004,1544984410589,1
3004,1544984410589,1
3004,1544984410589,1
3004,1544984410589,1
3004,1544984410589,1
3004,1544984411591,1
3004,1544984411592,1
3004,1544984411592,1
3004,1544984411592,1
3004,1544984411592,1
3004,1544984412593,1
3004,1544984412593,1
3004,1544984412593,1
3004,1544984412593,1
3004,1544984412594,1
3004,1544984413595,1
3004,1544984413595,1
3004,1544984413595,1
3004,1544984413596,1
3004,1544984413596,1
3004,1544984414595,1
3004,1544984414596,1
3004,1544984414596,1
3004,1544984414596,1
3004,1544984414596,1
3004,1544984415600,1
3004,1544984415600,1
3004,1544984415600,1
3004,1544984415600,1
3004,1544984415600,1
3004,1544984416605,1
3004,1544984416605,1
3004,1544984416605,1
3004,1544984416605,1
3004,1544984416606,1
3004,1544984417608,1
3004,1544984417608,1
3004,1544984417608,1
3004,1544984417608,1
3004,1544984417609,1
3004,1544984418610,1
3004,1544984418610,1
3004,1544984418610,1
3004,1544984418610,1
3004,1544984418611,1
3004,1544984419613,1
3004,1544984419614,1
3004,1544984419614,1
3004,1544984419614,1
3004,1544984419614,1
3004,1544984420615,1
3004,1544984420615,1
3004,1544984420615,1
3004,1544984420615,1
3004,1544984420615,1
3004,1544984421620,1
3004,1544984421620,1
3004,1544984421621,1
3004,1544984421621,1
3004,1544984421621,1
3004,1544984422623,1
3004,1544984422624,1
3004,1544984422624,1
3004,1544984422624,1
3004,1544984422624,1
3004,1544984423624,1
3004,1544984423624,1
3004,1544984423624,1
3004,1544984423624,1
3004,1544984423624,1
3004,1544984424624,1
3004,1544984424625,1
3004,1544984424625,1
3004,1544984424625,1
3004,1544984424625,1
3004,1544984425628,1
3004,1544984425629,1
3004,1544984425629,1
3004,1544984425629,1
3004,1544984425629,1
3004,1544984426628,1
3004,1544984426629,1
3004,1544984426629,1
3004,1544984426629,1
3004,1544984426629,1
3004,1544984427632,1
3004,1544984427633,1
3004,1544984427633,1
3004,1544984427633,1
3004,1544984427633,1
3004,1544984428637,1
3004,1544984428637,1
3004,1544984428637,1
3004,1544984428638,1
3004,1544984428638,1
3004,1544984429641,1
3004,1544984429641,1
3004,1544984429641,1
3004,1544984429641,1
3004,1544984429642,1
3004,1544984430645,1
3004,1544984430646,1
3004,1544984430646,1
3004,1544984430646,1
3004,1544984430646,1
3004,1544984431648,1
3004,1544984431648,1
3004,1544984431648,1
3004,1544984431648,1
3004,1544984431648,1
3004,1544984432650,1
3004,1544984432651,1
3004,1544984432651,1
3004,1544984432651,1
3004,1544984432651,1
3004,1544984433654,1
3004,1544984433654,1
3004,1544984433654,1
3004,1544984433654,1
3004,1544984433654,1
3004,1544984434654,1
3004,1544984434654,1
3004,1544984434654,1
3004,1544984434654,1
3004,1544984434655,1
3004,1544984435654,1
3004,1544984435655,1
3004,1544984435655,1
3004,1544984435655,1
3004,1544984435655,1
3004,1544984436659,1
3004,1544984436659,1
3004,1544984436659,1
3004,1544984436660,1
3004,1544984436660,1
3004,1544984437659,1
3004,1544984437659,1
3004,1544984437659,1
3004,1544984437659,1
3004,1544984437660,1
3004,1544984438662,1
3004,1544984438662,1
3004,1544984438662,1
3004,1544984438662,1
3004,1544984438662,1
3004,1544984439666,1
3004,1544984439666,1
3004,1544984439667,1
3004,1544984439668,1
3004,1544984439668,1
3004,1544984440670,1
3004,1544984440670,1
3004,1544984440670,1
3004,1544984440670,1
3004,1544984440670,1
3004,1544984441670,1
3004,1544984441670,1
3004,1544984441670,1
3004,1544984441670,1
3004,1544984441670,1
3004,1544984442673,1
3004,1544984442673,1
3004,1544984442673,1
3004,1544984442673,1
3004,1544984442673,1
3004,1544984443676,1
3004,1544984443676,1
3004,1544984443676,1
3004,1544984443676,1
3004,1544984443677,1
3004,1544984444677,1
3004,1544984444677,1
3004,1544984444677,1
3004,1544984444677,1
3004,1544984444677,1
3004,1544984445680,1
3004,1544984445680,1
3004,1544984445680,1
3004,1544984445680,1
3004,1544984445680,1
3004,1544984446680,1
3004,1544984446680,1
3004,1544984446680,1
3004,1544984446680,1
3004,1544984446681,1
3004,1544984447682,1
3004,1544984447682,1
3004,1544984447682,1
3004,1544984447682,1
3004,1544984447682,1
3004,1544984448685,1
3004,1544984448685,1
3004,1544984448685,1
3004,1544984448686,1
3004,1544984448687,1
3004,1544984449687,1
3004,1544984449687,1
3004,1544984449687,1
3004,1544984449687,1
3004,1544984449688,1
3004,1544984450691,1
3004,1544984450691,1
3004,1544984450691,1
3004,1544984450691,1
3004,1544984450691,1
3004,1544984451695,1
3004,1544984451695,1
3004,1544984451695,1
3004,1544984451695,1
3004,1544984451696,1
3004,1544984452700,1
3004,1544984452701,1
3004,1544984452701,1
3004,1544984452701,1
3004,1544984452701,1
3004,1544984453703,1
3004,1544984453703,1
3004,1544984453703,1
3004,1544984453703,1
3004,1544984453703,1
3004,1544984454708,1
3004,1544984454709,1
3004,1544984454709,1
3004,1544984454709,1
3004,1544984454709,1
3004,1544984455710,1
3004,1544984455711,1
3004,1544984455711,1
3004,1544984455711,1
3004,1544984455711,1
3004,1544984456710,1
3004,1544984456711,1
3004,1544984456711,1
3004,1544984456711,1
3004,1544984456711,1
3004,1544984457710,1
3004,1544984457711,1
3004,1544984457711,1
3004,1544984457712,1
3004,1544984457712,1
3004,1544984458712,1
3004,1544984458713,1
3004,1544984458713,1
3004,1544984458713,1
3004,1544984458713,1
3004,1544984459716,1
3004,1544984459716,1
3004,1544984459716,1
3004,1544984459716,1
3004,1544984459716,1
3004,1544984460719,1
3004,1544984460720,1
3004,1544984460720,1
3004,1544984460720,1
3004,1544984460720,1
3004,1544984461724,1
3004,1544984461724,1
3004,1544984461724,1
3004,1544984461725,1
3004,1544984461725,1
3004,1544984462728,1
3004,1544984462729,1
3004,1544984462729,1
3004,1544984462729,1
3004,1544984462729,1
3004,1544984463728,1
3004,1544984463728,1
3004,1544984463729,1
3004,1544984463729,1
3004,1544984463729,1
3004,1544984464731,1
3004,1544984464731,1
3004,1544984464732,1
3004,1544984464732,1
3004,1544984464732,1
3004,1544984465736,1
3004,1544984465736,1
3004,1544984465736,1
3004,1544984465736,1
3004,1544984465736,1
3004,1544984466739,1
3004,1544984466739,1
3004,1544984466740,1
3004,1544984466741,1
3004,1544984466741,1
3004,1544984467742,1
3004,1544984467742,1
3004,1544984467742,1
3004,1544984467742,1
3004,1544984467743,1
3004,1544984468748,1
3004,1544984468748,1
3004,1544984468748,1
3004,1544984468748,1
3004,1544984468748,1
3004,1544984469747,1
3004,1544984469748,1
3004,1544984469748,1
3004,1544984469748,1
3004,1544984469748,1
3004,1544984470752,1
3004,1544984470752,1
3004,1544984470753,1
3004,1544984470753,1
3004,1544984470753,1
3004,1544984471755,1
3004,1544984471755,1
3004,1544984471755,1
3004,1544984471755,1
3004,1544984471755,1
3004,1544984472755,1
3004,1544984472756,1
3004,1544984472756,1
3004,1544984472756,1
3004,1544984472756,1
3004,1544984473756,1
3004,1544984473756,1
3004,1544984473757,1
3004,1544984473757,1
3004,1544984473757,1
3004,1544984474759,1
3004,1544984474760,1
3004,1544984474760,1
3004,1544984474760,1
3004,1544984474760,1
3004,1544984475761,1
3004,1544984475761,1
3004,1544984475762,1
3004,1544984475762,1
3004,1544984475763,1
3004,1544984476762,1
3004,1544984476762,1
3004,1544984476763,1
3004,1544984476763,1
3004,1544984476763,1
3004,1544984477764,1
3004,1544984477765,1
3004,1544984477765,1
3004,1544984477765,1
3004,1544984477765,1
3004,1544984478767,1
3004,1544984478767,1
3004,1544984478767,1
3004,1544984478767,1
3004,1544984478768,1
3004,1544984479769,1
3004,1544984479770,1
3004,1544984479770,1
3004,1544984479770,1
3004,1544984479770,1
3004,1544984480775,1
3004,1544984480775,1
3004,1544984480775,1
3004,1544984480775,1
3004,1544984480775,1
3004,1544984481776,1
3004,1544984481776,1
3004,1544984481776,1
3004,1544984481776,1
3004,1544984481777,1
3004,1544984482779,1
3004,1544984482779,1
3004,1544984482779,1
3004,1544984482779,1
3004,1544984482780,1
3004,1544984483782,1
3004,1544984483782,1
3004,1544984483783,1
3004,1544984483783,1
3004,1544984483783,1
3004,1544984484785,1
3004,1544984484785,1
3004,1544984484786,1
3004,1544984484786,1
3004,1544984484787,1
3004,1544984485785,1
3004,1544984485785,1
3004,1544984485785,1
3004,1544984485786,1
3004,1544984485786,1
3004,1544984486789,1
3004,1544984486789,1
3004,1544984486789,1
3004,1544984486789,1
3004,1544984486790,1
3004,1544984487789,1
3004,1544984487789,1
3004,1544984487789,1
3004,1544984487789,1
3004,1544984487790,1
3004,1544984488791,1
3004,1544984488791,1
3004,1544984488792,1
3004,1544984488792,1
3004,1544984488792,1
3004,1544984489796,1
3004,1544984489796,1
3004,1544984489796,1
3004,1544984489796,1
3004,1544984489796,1
3004,1544984490797,1
3004,1544984490797,1
3004,1544984490797,1
3004,1544984490797,1
3004,1544984490797,1
3004,1544984491801,1
3004,1544984491802,1
3004,1544984491802,1
3004,1544984491802,1
3004,1544984491802,1
3004,1544984492804,1
3004,1544984492805,1
3004,1544984492805,1
3004,1544984492805,1
3004,1544984492805,1
3004,1544984493804,1
3004,1544984493805,1
3004,1544984493805,1
3004,1544984493806,1
3004,1544984493806,1
3004,1544984494804,1
3004,1544984494805,1
3004,1544984494805,1
3004,1544984494805,1
3004,1544984494805,1
3004,1544984495805,1
3004,1544984495805,1
3004,1544984495805,1
3004,1544984495805,1
3004,1544984495805,1
3004,1544984496809,1
3004,1544984496809,1
3004,1544984496809,1
3004,1544984496809,1
3004,1544984496810,1
3004,1544984497809,1
3004,1544984497810,1
3004,1544984497810,1
3004,1544984497810,1
3004,1544984497810,1
3004,1544984498811,1
3004,1544984498811,1
3004,1544984498811,1
3004,1544984498811,1
3004,1544984498811,1
3004,1544984499815,1
3004,1544984499815,1
3004,1544984499815,1
3004,1544984499815,1
3004,1544984499815,1
3004,1544984500819,1
3004,1544984500819,1
3004,1544984500820,1
3004,1544984500820,1
3004,1544984500820,1
3004,1544984501823,1
3004,1544984501823,1
3004,1544984501823,1
3004,1544984501823,1
3004,1544984501824,1
3004,1544984502825,1
3004,1544984502826,1
3004,1544984502826,1
3004,1544984502826,1
3004,1544984502827,1
3004,1544984503827,1
3004,1544984503828,1
3004,1544984503828,1
3004,1544984503828,1
3004,1544984503829,1
3004,1544984504831,1
3004,1544984504831,1
3004,1544984504831,1
3004,1544984504831,1
3004,1544984504832,1
3004,1544984505834,1
3004,1544984505835,1
3004,1544984505835,1
3004,1544984505835,1
3004,1544984505835,1
3004,1544984506838,1
3004,1544984506839,1
3004,1544984506839,1
3004,1544984506839,1
3004,1544984506839,1
3004,1544984507841,1
3004,1544984507842,1
3004,1544984507842,1
3004,1544984507842,1
3004,1544984507842,1
3004,1544984508843,1
3004,1544984508843,1
3004,1544984508843,1
3004,1544984508844,1
3004,1544984508844,1
3004,1544984509845,1
3004,1544984509845,1
3004,1544984509846,1
3004,1544984509846,1
3004,1544984509846,1
3004,1544984510850,1
3004,1544984510851,1
3004,1544984510851,1
3004,1544984510851,1
3004,1544984510851,1
3004,1544984511851,1
3004,1544984511851,1
3004,1544984511852,1
3004,1544984511852,1
3004,1544984511852,1
3004,1544984512852,1
3004,1544984512852,1
3004,1544984512853,1
3004,1544984512853,1
3004,1544984512853,1
3004,1544984513853,1
3004,1544984513853,1
3004,1544984513853,1
3004,1544984513853,1
3004,1544984513853,1
3004,1544984514858,1
3004,1544984514859,1
3004,1544984514859,1
3004,1544984514859,1
3004,1544984514859,1
3004,1544984515859,1
3004,1544984515859,1
3004,1544984515859,1
3004,1544984515859,1
3004,1544984515859,1
3004,1544984516861,1
3004,1544984516861,1
3004,1544984516861,1
3004,1544984516861,1
3004,1544984516862,1
3004,1544984517861,1
3004,1544984517862,1
3004,1544984517862,1
3004,1544984517862,1
3004,1544984517862,1
3004,1544984518865,1
3004,1544984518865,1
3004,1544984518865,1
3004,1544984518865,1
3004,1544984518866,1
3004,1544984519869,1
3004,1544984519869,1
3004,1544984519869,1
3004,1544984519869,1
3004,1544984519870,1
3004,1544984520871,1
3004,1544984520872,1
3004,1544984520872,1
3004,1544984520873,1
3004,1544984520873,1
3004,1544984521872,1
3004,1544984521872,1
3004,1544984521872,1
3004,1544984521872,1
3004,1544984521872,1
3004,1544984522874,1
3004,1544984522874,1
3004,1544984522874,1
3004,1544984522874,1
3004,1544984522874,1
3004,1544984523878,1
3004,1544984523879,1
3004,1544984523879,1
3004,1544984523879,1
3004,1544984523879,1
3004,1544984524879,1
3004,1544984524880,1
3004,1544984524880,1
3004,1544984524880,1
3004,1544984524880,1
3004,1544984525883,1
3004,1544984525883,1
3004,1544984525884,1
3004,1544984525884,1
3004,1544984525884,1
3004,1544984526888,1
3004,1544984526888,1
3004,1544984526888,1
3004,1544984526888,1
3004,1544984526889,1
3004,1544984527892,1
3004,1544984527892,1
3004,1544984527892,1
3004,1544984527892,1
3004,1544984527893,1
3004,1544984528892,1
3004,1544984528892,1
3004,1544984528892,1
3004,1544984528892,1
3004,1544984528892,1
3004,1544984529897,1
3004,1544984529897,1
3004,1544984529897,1
3004,1544984529898,1
3004,1544984529898,1
3004,1544984530899,1
3004,1544984530900,1
3004,1544984530900,1
3004,1544984530900,1
3004,1544984530900,1
3004,1544984531903,1
3004,1544984531903,1
3004,1544984531904,1
3004,1544984531904,1
3004,1544984531904,1
3004,1544984532905,1
3004,1544984532906,1
3004,1544984532906,1
3004,1544984532906,1
3004,1544984532906,1
3004,1544984533907,1
3004,1544984533907,1
3004,1544984533907,1
3004,1544984533907,1
3004,1544984533907,1
3004,1544984534910,1
3004,1544984534911,1
3004,1544984534911,1
3004,1544984534911,1
3004,1544984534911,1
3004,1544984535910,1
3004,1544984535911,1
3004,1544984535911,1
3004,1544984535911,1
3004,1544984535911,1
3004,1544984536911,1
3004,1544984536911,1
3004,1544984536911,1
3004,1544984536911,1
3004,1544984536911,1
3004,1544984537911,1
3004,1544984537912,1
3004,1544984537912,1
3004,1544984537912,1
3004,1544984537912,1
3004,1544984538915,1
3004,1544984538916,1
3004,1544984538916,1
3004,1544984538916,1
3004,1544984538917,1
3004,1544984539917,1
3004,1544984539917,1
3004,1544984539917,1
3004,1544984539917,1
3004,1544984539917,1
3004,1544984540920,1
3004,1544984540920,1
3004,1544984540921,1
3004,1544984540921,1
3004,1544984540921,1
3004,1544984541922,1
3004,1544984541922,1
3004,1544984541923,1
3004,1544984541923,1
3004,1544984541923,1
3004,1544984542922,1
3004,1544984542922,1
3004,1544984542922,1
3004,1544984542923,1
3004,1544984542923,1
3004,1544984543922,1
3004,1544984543923,1
3004,1544984543923,1
3004,1544984543923,1
3004,1544984543923,1
3004,1544984544926,1
3004,1544984544926,1
3004,1544984544926,1
3004,1544984544926,1
3004,1544984544927,1
3004,1544984545927,1
3004,1544984545927,1
3004,1544984545927,1
3004,1544984545927,1
3004,1544984545927,1
3004,1544984546927,1
3004,1544984546927,1
3004,1544984546927,1
3004,1544984546927,1
3004,1544984546927,1
3004,1544984547928,1
3004,1544984547928,1
3004,1544984547928,1
3004,1544984547929,1
3004,1544984547929,1
3004,1544984548932,1
3004,1544984548932,1
3004,1544984548933,1
3004,1544984548933,1
3004,1544984548933,1
3004,1544984549935,1
3004,1544984549936,1
3004,1544984549936,1
3004,1544984549936,1
3004,1544984549936,1
3004,1544984550937,1
3004,1544984550937,1
3004,1544984550937,1
3004,1544984550938,1
3004,1544984550938,1
3004,1544984551939,1
3004,1544984551939,1
3004,1544984551939,1
3004,1544984551939,1
3004,1544984551940,1
3004,1544984552938,1
3004,1544984552938,1
3004,1544984552938,1
3004,1544984552939,1
3004,1544984552939,1
3004,1544984553942,1
3004,1544984553942,1
3004,1544984553942,1
3004,1544984553942,1
3004,1544984553942,1
3004,1544984554945,1
3004,1544984554945,1
3004,1544984554945,1
3004,1544984554945,1
3004,1544984554945,1
3004,1544984555948,1
3004,1544984555949,1
3004,1544984555949,1
3004,1544984555949,1
3004,1544984555949,1
3004,1544984556952,1
3004,1544984556952,1
3004,1544984556952,1
3004,1544984556953,1
3004,1544984556953,1
3004,1544984557955,1
3004,1544984557955,1
3004,1544984557955,1
3004,1544984557956,1
3004,1544984557956,1
3004,1544984558960,1
3004,1544984558960,1
3004,1544984558960,1
3004,1544984558960,1
3004,1544984558960,1
3004,1544984559960,1
3004,1544984559961,1
3004,1544984559961,1
3004,1544984559961,1
3004,1544984559961,1
3004,1544984560962,1
3004,1544984560962,1
3004,1544984560962,1
3004,1544984560962,1
3004,1544984560962,1
3004,1544984561962,1
3004,1544984561963,1
3004,1544984561963,1
3004,1544984561963,1
3004,1544984561963,1
3004,1544984562965,1
3004,1544984562965,1
3004,1544984562965,1
3004,1544984562965,1
3004,1544984562965,1
3004,1544984563968,1
3004,1544984563969,1
3004,1544984563969,1
3004,1544984563969,1
3004,1544984563969,1
3004,1544984564968,1
3004,1544984564968,1
3004,1544984564968,1
3004,1544984564969,1
3004,1544984564969,1
3004,1544984565968,1
3004,1544984565969,1
3004,1544984565969,1
3004,1544984565970,1
3004,1544984565970,1
3004,1544984566968,1
3004,1544984566968,1
3004,1544984566968,1
3004,1544984566969,1
3004,1544984566969,1
3004,1544984567968,1
3004,1544984567968,1
3004,1544984567968,1
3004,1544984567969,1
3004,1544984567969,1
3004,1544984568972,1
3004,1544984568972,1
3004,1544984568972,1
3004,1544984568973,1
3004,1544984568973,1
3004,1544984569972,1
3004,1544984569972,1
3004,1544984569972,1
3004,1544984569972,1
3004,1544984569972,1
3004,1544984570976,1
3004,1544984570977,1
3004,1544984570977,1
3004,1544984570977,1
3004,1544984570977,1
3004,1544984571981,1
3004,1544984571981,1
3004,1544984571982,1
3004,1544984571982,1
3004,1544984571982,1
3004,1544984572982,1
3004,1544984572983,1
3004,1544984572983,1
3004,1544984572983,1
3004,1544984572983,1
3004,1544984573987,1
3004,1544984573988,1
3004,1544984573988,1
3004,1544984573988,1
3004,1544984573988,1
3004,1544984574990,1
3004,1544984574991,1
3004,1544984574991,1
3004,1544984574991,1
3004,1544984574992,1
3004,1544984575993,1
3004,1544984575993,1
3004,1544984575994,1
3004,1544984575994,1
3004,1544984575994,1
3004,1544984576997,1
3004,1544984576998,1
3004,1544984576998,1
3004,1544984576998,1
3004,1544984576998,1
3004,1544984577997,1
3004,1544984577998,1
3004,1544984577998,1
3004,1544984577998,1
3004,1544984577998,1
3004,1544984578997,1
3004,1544984578998,1
3004,1544984578998,1
3004,1544984578998,1
3004,1544984578998,1
3004,1544984580001,1
3004,1544984580001,1
3004,1544984580002,1
3004,1544984580002,1
3004,1544984580002,1
3004,1544984581005,1
3004,1544984581005,1
3004,1544984581005,1
3004,1544984581005,1
3004,1544984581006,1
3004,1544984582006,1
3004,1544984582006,1
3004,1544984582006,1
3004,1544984582006,1
3004,1544984582006,1
3004,1544984583005,1
3004,1544984583005,1
3004,1544984583005,1
3004,1544984583005,1
3004,1544984583006,1
3004,1544984584006,1
3004,1544984584007,1
3004,1544984584007,1
3004,1544984584007,1
3004,1544984584007,1
3004,1544984585007,1
3004,1544984585007,1
3004,1544984585008,1
3004,1544984585008,1
3004,1544984585008,1
3004,1544984586008,1
3004,1544984586008,1
3004,1544984586009,1
3004,1544984586009,1
3004,1544984586009,1
3004,1544984587008,1
3004,1544984587008,1
3004,1544984587008,1
3004,1544984587009,1
3004,1544984587009,1
3004,1544984588010,1
3004,1544984588010,1
3004,1544984588010,1
3004,1544984588010,1
3004,1544984588010,1
3004,1544984589012,1
3004,1544984589012,1
3004,1544984589012,1
3004,1544984589013,1
3004,1544984589013,1
3004,1544984590012,1
3004,1544984590012,1
3004,1544984590012,1
3004,1544984590012,1
3004,1544984590013,1
3004,1544984591013,1
3004,1544984591013,1
3004,1544984591013,1
3004,1544984591013,1
3004,1544984591013,1
3004,1544984592013,1
3004,1544984592013,1
3004,1544984592013,1
3004,1544984592014,1
3004,1544984592014,1
3004,1544984593016,1
3004,1544984593016,1
3004,1544984593016,1
3004,1544984593016,1
3004,1544984593017,1
3004,1544984594020,1
3004,1544984594020,1
3004,1544984594020,1
3004,1544984594020,1
3004,1544984594020,1
3004,1544984595020,1
3004,1544984595020,1
3004,1544984595020,1
3004,1544984595020,1
3004,1544984595021,1
3004,1544984596022,1
3004,1544984596023,1
3004,1544984596023,1
3004,1544984596023,1
3004,1544984596023,1
3004,1544984597027,1
3004,1544984597028,1
3004,1544984597028,1
3004,1544984597028,1
3004,1544984597028,1
3004,1544984598031,1
3004,1544984598031,1
3004,1544984598031,1
3004,1544984598031,1
3004,1544984598031,1
3004,1544984599034,1
3004,1544984599034,1
3004,1544984599034,1
3004,1544984599035,1
3004,1544984599035,1
3004,1544984600039,1
3004,1544984600039,1
3004,1544984600039,1
3004,1544984600040,1
3004,1544984600040,1
3004,1544984601040,1
3004,1544984601041,1
3004,1544984601041,1
3004,1544984601041,1
3004,1544984601041,1
3004,1544984602044,1
3004,1544984602045,1
3004,1544984602045,1
3004,1544984602045,1
3004,1544984602046,1
3004,1544984603047,1
3004,1544984603047,1
3004,1544984603047,1
3004,1544984603047,1
3004,1544984603047,1
3004,1544984604047,1
3004,1544984604047,1
3004,1544984604048,1
3004,1544984604048,1
3004,1544984604048,1
3004,1544984605047,1
3004,1544984605048,1
3004,1544984605048,1
3004,1544984605048,1
3004,1544984605048,1
3004,1544984606051,1
3004,1544984606051,1
3004,1544984606052,1
3004,1544984606052,1
3004,1544984606052,1
3004,1544984607051,1
3004,1544984607051,1
3004,1544984607052,1
3004,1544984607052,1
3004,1544984607052,1
3004,1544984608051,1
3004,1544984608051,1
3004,1544984608051,1
3004,1544984608052,1
3004,1544984608052,1
3004,1544984609052,1
3004,1544984609052,1
3004,1544984609052,1
3004,1544984609052,1
3004,1544984609052,1
3004,1544984610052,1
3004,1544984610053,1
3004,1544984610053,1
3004,1544984610053,1
3004,1544984610053,1
3004,1544984611054,1
3004,1544984611055,1
3004,1544984611055,1
3004,1544984611055,1
3004,1544984611056,1
3004,1544984612055,1
3004,1544984612055,1
3004,1544984612056,1
3004,1544984612056,1
3004,1544984612056,1
3004,1544984613060,1
3004,1544984613060,1
3004,1544984613061,1
3004,1544984613061,1
3004,1544984613061,1
3004,1544984614063,1
3004,1544984614064,1
3004,1544984614064,1
3004,1544984614064,1
3004,1544984614064,1
3004,1544984615064,1
3004,1544984615064,1
3004,1544984615064,1
3004,1544984615064,1
3004,1544984615065,1
3004,1544984616067,1
3004,1544984616068,1
3004,1544984616068,1
3004,1544984616068,1
3004,1544984616068,1
3004,1544984617070,1
3004,1544984617070,1
3004,1544984617071,1
3004,1544984617071,1
3004,1544984617071,1
3004,1544984618072,1
3004,1544984618072,1
3004,1544984618072,1
3004,1544984618072,1
3004,1544984618072,1
3004,1544984619072,1
3004,1544984619072,1
3004,1544984619072,1
3004,1544984619073,1
3004,1544984619073,1
3004,1544984620077,1
3004,1544984620077,1
3004,1544984620077,1
3004,1544984620077,1
3004,1544984620078,1
3004,1544984621077,1
3004,1544984621078,1
3004,1544984621078,1
3004,1544984621078,1
3004,1544984621078,1
3004,1544984622079,1
3004,1544984622079,1
3004,1544984622079,1
3004,1544984622079,1
3004,1544984622079,1
3004,1544984623084,1
3004,1544984623084,1
3004,1544984623084,1
3004,1544984623084,1
3004,1544984623085,1
3004,1544984624083,1
3004,1544984624084,1
3004,1544984624084,1
3004,1544984624084,1
3004,1544984624084,1
3004,1544984625084,1
3004,1544984625084,1
3004,1544984625084,1
3004,1544984625084,1
3004,1544984625084,1
3004,1544984626084,1
3004,1544984626085,1
3004,1544984626085,1
3004,1544984626085,1
3004,1544984626085,1
3004,1544984627089,1
3004,1544984627089,1
3004,1544984627090,1
3004,1544984627090,1
3004,1544984627090,1
3004,1544984628090,1
3004,1544984628091,1
3004,1544984628091,1
3004,1544984628091,1
3004,1544984628091,1
3004,1544984629095,1
3004,1544984629095,1
3004,1544984629095,1
3004,1544984629096,1
3004,1544984629096,1
3004,1544984630096,1
3004,1544984630096,1
3004,1544984630096,1
3004,1544984630097,1
3004,1544984630097,1
3004,1544984631096,1
3004,1544984631097,1
3004,1544984631097,1
3004,1544984631097,1
3004,1544984631097,1
3004,1544984632098,1
3004,1544984632098,1
3004,1544984632099,1
3004,1544984632099,1
3004,1544984632099,1
