3004,1544984039085,1
3004,1544984040084,1
3004,1544984040663,1
3004,1544984041084,1
3004,1544984041665,1
3004,1544984042085,1
3004,1544984042237,1
3004,1544984042669,1
3004,1544984043090,1
3004,1544984043239,1
3004,1544984043670,1
3004,1544984043786,1
3004,1544984044090,1
3004,1544984044240,1
3004,1544984044682,1
3004,1544984044783,1
3004,1544984045094,1
3004,1544984045238,1
3004,1544984045307,1
3004,1544984045675,1
3004,1544984045790,1
3004,1544984046094,1
3004,1544984046238,1
3004,1544984046308,1
3004,1544984046674,1
3004,1544984046795,1
3004,1544984046899,1
3004,1544984047098,1
3004,1544984047242,1
3004,1544984047316,1
3004,1544984047679,1
3004,1544984047785,1
3004,1544984047901,1
3004,1544984048103,1
3004,1544984048242,1
3004,1544984048312,1
3004,1544984048678,1
3004,1544984048789,1
3004,1544984048901,1
3004,1544984049109,1
3004,1544984049241,1
3004,1544984049311,1
3004,1544984049684,1
3004,1544984049792,1
3004,1544984049902,1
3004,1544984050110,1
3004,1544984050247,1
3004,1544984050311,1
3004,1544984050686,1
3004,1544984050800,1
3004,1544984050906,1
3004,1544984051115,1
3004,1544984051251,1
3004,1544984051315,1
3004,1544984051687,1
3004,1544984051803,1
3004,1544984051906,1
3004,1544984052115,1
3004,1544984052253,1
3004,1544984052320,1
3004,1544984052689,1
3004,1544984052798,1
3004,1544984052907,1
3004,1544984053118,1
3004,1544984053259,1
3004,1544984053331,1
3004,1544984053694,1
3004,1544984053804,1
3004,1544984053908,1
3004,1544984054120,1
3004,1544984054256,1
3004,1544984054319,1
3004,1544984054734,1
3004,1544984054825,1
3004,1544984054921,1
3004,1544984055123,1
3004,1544984055257,1
3004,1544984055325,1
3004,1544984055700,1
3004,1544984055813,1
3004,1544984055918,1
3004,1544984056127,1
3004,1544984056260,1
3004,1544984056327,1
3004,1544984056703,1
3004,1544984056817,1
3004,1544984056917,1
3004,1544984057129,1
3004,1544984057265,1
3004,1544984057327,1
3004,1544984057707,1
3004,1544984057820,1
3004,1544984057920,1
3004,1544984058131,1
3004,1544984058269,1
3004,1544984058333,1
3004,1544984058709,1
3004,1544984058820,1
3004,1544984058928,1
3004,1544984059128,1
3004,1544984059269,1
3004,1544984059330,1
3004,1544984059715,1
3004,1544984059825,1
3004,1544984059927,1
3004,1544984060128,1
3004,1544984060273,1
3004,1544984060327,1
3004,1544984060715,1
3004,1544984060828,1
3004,1544984060934,1
3004,1544984061130,1
3004,1544984061279,1
3004,1544984061335,1
3004,1544984061718,1
3004,1544984061827,1
3004,1544984061932,1
3004,1544984062137,1
3004,1544984062281,1
3004,1544984062336,1
3004,1544984062716,1
3004,1544984062829,1
3004,1544984062933,1
3004,1544984063132,1
3004,1544984063278,1
3004,1544984063335,1
3004,1544984063719,1
3004,1544984063838,1
3004,1544984063936,1
3004,1544984064133,1
3004,1544984064281,1
3004,1544984064339,1
3004,1544984064726,1
3004,1544984064837,1
3004,1544984064941,1
3004,1544984065136,1
3004,1544984065282,1
3004,1544984065341,1
3004,1544984065726,1
3004,1544984065838,1
3004,1544984065941,1
3004,1544984066141,1
3004,1544984066283,1
3004,1544984066343,1
3004,1544984066723,1
3004,1544984066837,1
3004,1544984066951,1
3004,1544984067142,1
3004,1544984067288,1
3004,1544984067344,1
3004,1544984067730,1
3004,1544984067839,1
3004,1544984067948,1
3004,1544984068143,1
3004,1544984068285,1
3004,1544984068357,1
3004,1544984068731,1
3004,1544984068843,1
3004,1544984068950,1
3004,1544984069140,1
3004,1544984069292,1
3004,1544984069354,1
3004,1544984069731,1
3004,1544984069849,1
3004,1544984069955,1
3004,1544984070143,1
3004,1544984070295,1
3004,1544984070352,1
3004,1544984070735,1
3004,1544984070861,1
3004,1544984070953,1
3004,1544984071150,1
3004,1544984071299,1
3004,1544984071359,1
3004,1544984071739,1
3004,1544984071856,1
3004,1544984071969,1
3004,1544984072156,1
3004,1544984072305,1
3004,1544984072366,1
3004,1544984072739,1
3004,1544984072890,1
3004,1544984072978,1
3004,1544984073153,1
3004,1544984073298,1
3004,1544984073372,1
3004,1544984073744,1
3004,1544984073859,1
3004,1544984073959,1
3004,1544984074158,1
3004,1544984074304,1
3004,1544984074377,1
3004,1544984074759,1
3004,1544984074865,1
3004,1544984074961,1
3004,1544984075162,1
3004,1544984075302,1
3004,1544984075378,1
3004,1544984075750,1
3004,1544984075866,1
3004,1544984076020,1
3004,1544984076163,1
3004,1544984076310,1
3004,1544984076369,1
3004,1544984076752,1
3004,1544984076868,1
3004,1544984076966,1
3004,1544984077165,1
3004,1544984077308,1
3004,1544984077374,1
3004,1544984077754,1
3004,1544984077870,1
3004,1544984077970,1
3004,1544984078167,1
3004,1544984078307,1
3004,1544984078380,1
3004,1544984078757,1
3004,1544984078869,1
3004,1544984078974,1
3004,1544984079171,1
3004,1544984079312,1
3004,1544984079376,1
3004,1544984079760,1
3004,1544984079873,1
3004,1544984079978,1
3004,1544984080176,1
3004,1544984080312,1
3004,1544984080377,1
3004,1544984080764,1
3004,1544984080875,1
3004,1544984080976,1
3004,1544984081180,1
3004,1544984081320,1
3004,1544984081381,1
3004,1544984081761,1
3004,1544984081878,1
3004,1544984081983,1
3004,1544984082181,1
3004,1544984082323,1
3004,1544984082383,1
3004,1544984082767,1
3004,1544984082881,1
3004,1544984082976,1
3004,1544984083187,1
3004,1544984083323,1
3004,1544984083390,1
3004,1544984083770,1
3004,1544984083890,1
3004,1544984083983,1
3004,1544984084185,1
3004,1544984084322,1
3004,1544984084393,1
3004,1544984084774,1
3004,1544984084893,1
3004,1544984084985,1
3004,1544984085190,1
3004,1544984085322,1
3004,1544984085394,1
3004,1544984085783,1
3004,1544984085902,1
3004,1544984085991,1
3004,1544984086190,1
3004,1544984086328,1
3004,1544984086397,1
3004,1544984086783,1
3004,1544984086898,1
3004,1544984087005,1
3004,1544984087193,1
3004,1544984087328,1
3004,1544984087403,1
3004,1544984087785,1
3004,1544984087900,1
3004,1544984087998,1
3004,1544984088191,1
3004,1544984088332,1
3004,1544984088412,1
3004,1544984088784,1
3004,1544984088920,1
3004,1544984089003,1
3004,1544984089195,1
3004,1544984089338,1
3004,1544984089408,1
3004,1544984089786,1
3004,1544984089906,1
3004,1544984090004,1
3004,1544984090201,1
3004,1544984090336,1
3004,1544984090409,1
3004,1544984090787,1
3004,1544984090917,1
3004,1544984091006,1
3004,1544984091199,1
3004,1544984091337,1
3004,1544984091409,1
3004,1544984091792,1
3004,1544984091918,1
3004,1544984092006,1
3004,1544984092203,1
3004,1544984092346,1
3004,1544984092413,1
3004,1544984092795,1
3004,1544984092917,1
3004,1544984093012,1
3004,1544984093212,1
3004,1544984093343,1
3004,1544984093421,1
3004,1544984093796,1
3004,1544984093917,1
3004,1544984094008,1
3004,1544984094211,1
3004,1544984094346,1
3004,1544984094426,1
3004,1544984094801,1
3004,1544984094920,1
3004,1544984095011,1
3004,1544984095213,1
3004,1544984095349,1
3004,1544984095424,1
3004,1544984095804,1
3004,1544984095924,1
3004,1544984096010,1
3004,1544984096211,1
3004,1544984096359,1
3004,1544984096434,1
3004,1544984096810,1
3004,1544984096927,1
3004,1544984097017,1
3004,1544984097216,1
3004,1544984097356,1
3004,1544984097426,1
3004,1544984097813,1
3004,1544984097929,1
3004,1544984098017,1
3004,1544984098217,1
3004,1544984098362,1
3004,1544984098436,1
3004,1544984098812,1
3004,1544984098934,1
3004,1544984099019,1
3004,1544984099221,1
3004,1544984099369,1
3004,1544984099440,1
3004,1544984099820,1
3004,1544984099934,1
3004,1544984100028,1
3004,1544984100224,1
3004,1544984100366,1
3004,1544984100441,1
3004,1544984100818,1
3004,1544984100934,1
3004,1544984101026,1
3004,1544984101228,1
3004,1544984101368,1
3004,1544984101439,1
3004,1544984101820,1
3004,1544984101939,1
3004,1544984102038,1
3004,1544984102231,1
3004,1544984102371,1
3004,1544984102441,1
3004,1544984102827,1
3004,1544984102938,1
3004,1544984103029,1
3004,1544984103238,1
3004,1544984103379,1
3004,1544984103448,1
3004,1544984103837,1
3004,1544984103940,1
3004,1544984104030,1
3004,1544984104236,1
3004,1544984104382,1
3004,1544984104450,1
3004,1544984104829,1
3004,1544984104937,1
3004,1544984105041,1
3004,1544984105238,1
3004,1544984105384,1
3004,1544984105449,1
3004,1544984105833,1
3004,1544984105946,1
3004,1544984106039,1
3004,1544984106239,1
3004,1544984106383,1
3004,1544984106450,1
3004,1544984106831,1
3004,1544984106945,1
3004,1544984107042,1
3004,1544984107242,1
3004,1544984107381,1
3004,1544984107461,1
3004,1544984107832,1
3004,1544984107951,1
3004,1544984108045,1
3004,1544984108250,1
3004,1544984108386,1
3004,1544984108462,1
3004,1544984108832,1
3004,1544984108953,1
3004,1544984109044,1
3004,1544984109251,1
3004,1544984109388,1
3004,1544984109461,1
3004,1544984109831,1
3004,1544984109956,1
3004,1544984110046,1
3004,1544984110252,1
3004,1544984110391,1
3004,1544984110464,1
3004,1544984110837,1
3004,1544984110968,1
3004,1544984111048,1
3004,1544984111253,1
3004,1544984111397,1
3004,1544984111472,1
3004,1544984111838,1
3004,1544984112044,1
3004,1544984112073,1
3004,1544984112255,1
3004,1544984112391,1
3004,1544984112470,1
3004,1544984112838,1
3004,1544984112967,1
3004,1544984113070,1
3004,1544984113260,1
3004,1544984113398,1
3004,1544984113470,1
3004,1544984113843,1
3004,1544984113967,1
3004,1544984114066,1
3004,1544984114262,1
3004,1544984114404,1
3004,1544984114480,1
3004,1544984114849,1
3004,1544984114973,1
3004,1544984115047,1
3004,1544984115262,1
3004,1544984115402,1
3004,1544984115474,1
3004,1544984115854,1
3004,1544984115975,1
3004,1544984116053,1
3004,1544984116268,1
3004,1544984116406,1
3004,1544984116475,1
3004,1544984116853,1
3004,1544984116977,1
3004,1544984117061,1
3004,1544984117269,1
3004,1544984117410,1
3004,1544984117481,1
3004,1544984117859,1
3004,1544984117977,1
3004,1544984118053,1
3004,1544984118275,1
3004,1544984118416,1
3004,1544984118480,1
3004,1544984118861,1
3004,1544984118981,1
3004,1544984119059,1
3004,1544984119277,1
3004,1544984119414,1
3004,1544984119485,1
3004,1544984119862,1
3004,1544984119985,1
3004,1544984120060,1
3004,1544984120280,1
3004,1544984120416,1
3004,1544984120489,1
3004,1544984120865,1
3004,1544984120986,1
3004,1544984121063,1
3004,1544984121282,1
3004,1544984121424,1
3004,1544984121500,1
3004,1544984121867,1
3004,1544984121989,1
3004,1544984122067,1
3004,1544984122285,1
3004,1544984122417,1
3004,1544984122521,1
3004,1544984122864,1
3004,1544984122987,1
3004,1544984123071,1
3004,1544984123285,1
3004,1544984123418,1
3004,1544984123497,1
3004,1544984123864,1
3004,1544984123990,1
3004,1544984124073,1
3004,1544984124290,1
3004,1544984124421,1
3004,1544984124508,1
3004,1544984124866,1
3004,1544984124993,1
3004,1544984125077,1
3004,1544984125291,1
3004,1544984125426,1
3004,1544984125504,1
3004,1544984125872,1
3004,1544984125998,1
3004,1544984126084,1
3004,1544984126292,1
3004,1544984126428,1
3004,1544984126507,1
3004,1544984126876,1
3004,1544984127002,1
3004,1544984127086,1
3004,1544984127298,1
3004,1544984127434,1
3004,1544984127514,1
3004,1544984127876,1
3004,1544984128009,1
3004,1544984128087,1
3004,1544984128310,1
3004,1544984128441,1
3004,1544984128517,1
3004,1544984128878,1
3004,1544984129002,1
3004,1544984129090,1
3004,1544984129303,1
3004,1544984129454,1
3004,1544984129527,1
3004,1544984129878,1
3004,1544984130004,1
3004,1544984130090,1
3004,1544984130306,1
3004,1544984130446,1
3004,1544984130534,1
3004,1544984130881,1
3004,1544984131005,1
3004,1544984131097,1
3004,1544984131311,1
3004,1544984131450,1
3004,1544984131526,1
3004,1544984131892,1
3004,1544984132011,1
3004,1544984132106,1
3004,1544984132310,1
3004,1544984132456,1
3004,1544984132532,1
3004,1544984132888,1
3004,1544984133010,1
3004,1544984133104,1
3004,1544984133315,1
3004,1544984133462,1
3004,1544984133531,1
3004,1544984133893,1
3004,1544984134018,1
3004,1544984134103,1
3004,1544984134314,1
3004,1544984134463,1
3004,1544984134540,1
3004,1544984134896,1
3004,1544984135021,1
3004,1544984135108,1
3004,1544984135319,1
3004,1544984135463,1
3004,1544984135536,1
3004,1544984135901,1
3004,1544984136019,1
3004,1544984136110,1
3004,1544984136321,1
3004,1544984136467,1
3004,1544984136541,1
3004,1544984136901,1
3004,1544984137017,1
3004,1544984137115,1
3004,1544984137327,1
3004,1544984137469,1
3004,1544984137539,1
3004,1544984137905,1
3004,1544984138018,1
3004,1544984138106,1
3004,1544984138334,1
3004,1544984138482,1
3004,1544984138541,1
3004,1544984138907,1
3004,1544984139017,1
3004,1544984139110,1
3004,1544984139336,1
3004,1544984139473,1
3004,1544984139545,1
3004,1544984139909,1
3004,1544984140019,1
3004,1544984140112,1
3004,1544984140335,1
3004,1544984140477,1
3004,1544984140540,1
3004,1544984140907,1
3004,1544984141021,1
3004,1544984141109,1
3004,1544984141340,1
3004,1544984141475,1
3004,1544984141547,1
3004,1544984141913,1
3004,1544984142021,1
3004,1544984142115,1
3004,1544984142340,1
3004,1544984142475,1
3004,1544984142554,1
3004,1544984142914,1
3004,1544984143021,1
3004,1544984143123,1
3004,1544984143354,1
3004,1544984143478,1
3004,1544984143564,1
3004,1544984143915,1
3004,1544984144023,1
3004,1544984144119,1
3004,1544984144345,1
3004,1544984144480,1
3004,1544984144579,1
3004,1544984144920,1
3004,1544984145025,1
3004,1544984145119,1
3004,1544984145348,1
3004,1544984145481,1
3004,1544984145554,1
3004,1544984145925,1
3004,1544984146029,1
3004,1544984146125,1
3004,1544984146347,1
3004,1544984146486,1
3004,1544984146553,1
3004,1544984146930,1
3004,1544984147031,1
3004,1544984147133,1
3004,1544984147350,1
3004,1544984147490,1
3004,1544984147558,1
3004,1544984147932,1
3004,1544984148030,1
3004,1544984148130,1
3004,1544984148359,1
3004,1544984148498,1
3004,1544984148565,1
3004,1544984148932,1
3004,1544984149030,1
3004,1544984149129,1
3004,1544984149358,1
3004,1544984149489,1
3004,1544984149567,1
3004,1544984149937,1
3004,1544984150028,1
3004,1544984150132,1
3004,1544984150359,1
3004,1544984150496,1
3004,1544984150567,1
3004,1544984150939,1
3004,1544984151034,1
3004,1544984151136,1
3004,1544984151363,1
3004,1544984151495,1
3004,1544984151570,1
3004,1544984151944,1
3004,1544984152039,1
3004,1544984152140,1
3004,1544984152367,1
3004,1544984152493,1
3004,1544984152575,1
3004,1544984152944,1
3004,1544984153044,1
3004,1544984153146,1
3004,1544984153372,1
3004,1544984153498,1
3004,1544984153579,1
3004,1544984153942,1
3004,1544984154045,1
3004,1544984154145,1
3004,1544984154372,1
3004,1544984154504,1
3004,1544984154580,1
3004,1544984154949,1
3004,1544984155041,1
3004,1544984155155,1
3004,1544984155372,1
3004,1544984155506,1
3004,1544984155587,1
3004,1544984155951,1
3004,1544984156047,1
3004,1544984156154,1
3004,1544984156375,1
3004,1544984156510,1
3004,1544984156589,1
3004,1544984156957,1
3004,1544984157046,1
3004,1544984157154,1
3004,1544984157377,1
3004,1544984157516,1
3004,1544984157593,1
3004,1544984157958,1
3004,1544984158051,1
3004,1544984158155,1
3004,1544984158378,1
3004,1544984158518,1
3004,1544984158597,1
3004,1544984158958,1
3004,1544984159050,1
3004,1544984159157,1
3004,1544984159382,1
3004,1544984159523,1
3004,1544984159604,1
3004,1544984159964,1
3004,1544984160050,1
3004,1544984160161,1
3004,1544984160382,1
3004,1544984160520,1
3004,1544984160602,1
3004,1544984160965,1
3004,1544984161055,1
3004,1544984161165,1
3004,1544984161383,1
3004,1544984161519,1
3004,1544984161604,1
3004,1544984161972,1
3004,1544984162057,1
3004,1544984162173,1
3004,1544984162390,1
3004,1544984162524,1
3004,1544984162602,1
3004,1544984162974,1
3004,1544984163062,1
3004,1544984163174,1
3004,1544984163394,1
3004,1544984163526,1
3004,1544984163607,1
3004,1544984163975,1
3004,1544984164063,1
3004,1544984164172,1
3004,1544984164395,1
3004,1544984164531,1
3004,1544984164614,1
3004,1544984164977,1
3004,1544984165066,1
3004,1544984165176,1
3004,1544984165395,1
3004,1544984165531,1
3004,1544984165616,1
3004,1544984165982,1
3004,1544984166068,1
3004,1544984166180,1
3004,1544984166397,1
3004,1544984166532,1
3004,1544984166620,1
3004,1544984166983,1
3004,1544984167070,1
3004,1544984167184,1
3004,1544984167396,1
3004,1544984167532,1
3004,1544984167621,1
3004,1544984167984,1
3004,1544984168075,1
3004,1544984168186,1
3004,1544984168396,1
3004,1544984168532,1
3004,1544984168623,1
3004,1544984168997,1
3004,1544984169078,1
3004,1544984169188,1
3004,1544984169399,1
3004,1544984169567,1
3004,1544984169636,1
3004,1544984170003,1
3004,1544984170081,1
3004,1544984170187,1
3004,1544984170401,1
3004,1544984170539,1
3004,1544984170630,1
3004,1544984170989,1
3004,1544984171082,1
3004,1544984171186,1
3004,1544984171404,1
3004,1544984171539,1
3004,1544984171629,1
3004,1544984171990,1
3004,1544984172080,1
3004,1544984172190,1
3004,1544984172406,1
3004,1544984172544,1
3004,1544984172637,1
3004,1544984172995,1
3004,1544984173122,1
3004,1544984173200,1
3004,1544984173409,1
3004,1544984173545,1
3004,1544984173634,1
3004,1544984173994,1
3004,1544984174085,1
3004,1544984174196,1
3004,1544984174415,1
3004,1544984174547,1
3004,1544984174643,1
3004,1544984175003,1
3004,1544984175087,1
3004,1544984175200,1
3004,1544984175414,1
3004,1544984175546,1
3004,1544984175639,1
3004,1544984176008,1
3004,1544984176087,1
3004,1544984176204,1
3004,1544984176416,1
3004,1544984176550,1
3004,1544984176644,1
3004,1544984177009,1
3004,1544984177085,1
3004,1544984177210,1
3004,1544984177421,1
3004,1544984177554,1
3004,1544984177644,1
3004,1544984178010,1
3004,1544984178088,1
3004,1544984178212,1
3004,1544984178427,1
3004,1544984178559,1
3004,1544984178647,1
3004,1544984179014,1
3004,1544984179094,1
3004,1544984179215,1
3004,1544984179430,1
3004,1544984179567,1
3004,1544984179653,1
3004,1544984180014,1
3004,1544984180092,1
3004,1544984180229,1
3004,1544984180428,1
3004,1544984180567,1
3004,1544984180649,1
3004,1544984181015,1
3004,1544984181100,1
3004,1544984181218,1
3004,1544984181430,1
3004,1544984181569,1
3004,1544984181654,1
3004,1544984182020,1
3004,1544984182099,1
3004,1544984182227,1
3004,1544984182434,1
3004,1544984182571,1
3004,1544984182657,1
3004,1544984183017,1
3004,1544984183099,1
3004,1544984183223,1
3004,1544984183441,1
3004,1544984183577,1
3004,1544984183659,1
3004,1544984184018,1
3004,1544984184101,1
3004,1544984184225,1
3004,1544984184440,1
3004,1544984184578,1
3004,1544984184671,1
3004,1544984185019,1
3004,1544984185105,1
3004,1544984185224,1
3004,1544984185442,1
3004,1544984185580,1
3004,1544984185671,1
3004,1544984186021,1
3004,1544984186110,1
3004,1544984186231,1
3004,1544984186446,1
3004,1544984186584,1
3004,1544984186673,1
3004,1544984187019,1
3004,1544984187117,1
3004,1544984187236,1
3004,1544984187451,1
3004,1544984187584,1
3004,1544984187678,1
3004,1544984188020,1
3004,1544984188119,1
3004,1544984188237,1
3004,1544984188457,1
3004,1544984188587,1
3004,1544984188679,1
3004,1544984189024,1
3004,1544984189115,1
3004,1544984189250,1
3004,1544984189455,1
3004,1544984189587,1
3004,1544984189686,1
3004,1544984190022,1
3004,1544984190121,1
3004,1544984190236,1
3004,1544984190460,1
3004,1544984190590,1
3004,1544984190683,1
3004,1544984191025,1
3004,1544984191126,1
3004,1544984191239,1
3004,1544984191465,1
3004,1544984191589,1
3004,1544984191688,1
3004,1544984192028,1
3004,1544984192130,1
3004,1544984192242,1
3004,1544984192469,1
3004,1544984192597,1
3004,1544984192690,1
3004,1544984193029,1
3004,1544984193236,1
3004,1544984193249,1
3004,1544984193478,1
3004,1544984193597,1
3004,1544984193690,1
3004,1544984194034,1
3004,1544984194134,1
3004,1544984194251,1
3004,1544984194477,1
3004,1544984194652,1
3004,1544984194713,1
3004,1544984195036,1
3004,1544984195137,1
3004,1544984195261,1
3004,1544984195478,1
3004,1544984195602,1
3004,1544984195697,1
3004,1544984196037,1
3004,1544984196144,1
3004,1544984196250,1
3004,1544984196482,1
3004,1544984196612,1
3004,1544984196693,1
3004,1544984197040,1
3004,1544984197138,1
3004,1544984197250,1
3004,1544984197486,1
3004,1544984197607,1
3004,1544984197695,1
3004,1544984198042,1
3004,1544984198146,1
3004,1544984198250,1
3004,1544984198484,1
3004,1544984198608,1
3004,1544984198697,1
3004,1544984199049,1
3004,1544984199142,1
3004,1544984199252,1
3004,1544984199489,1
3004,1544984199616,1
3004,1544984199700,1
3004,1544984200047,1
3004,1544984200149,1
3004,1544984200252,1
3004,1544984200489,1
3004,1544984200617,1
3004,1544984200703,1
3004,1544984201048,1
3004,1544984201146,1
3004,1544984201257,1
3004,1544984201496,1
3004,1544984201618,1
3004,1544984201705,1
3004,1544984202051,1
3004,1544984202149,1
3004,1544984202269,1
3004,1544984202496,1
3004,1544984202624,1
3004,1544984202705,1
3004,1544984203057,1
3004,1544984203155,1
3004,1544984203266,1
3004,1544984203497,1
3004,1544984203629,1
3004,1544984203714,1
3004,1544984204058,1
3004,1544984204153,1
3004,1544984204268,1
3004,1544984204502,1
3004,1544984204625,1
3004,1544984204716,1
3004,1544984205061,1
3004,1544984205161,1
3004,1544984205272,1
3004,1544984205502,1
3004,1544984205629,1
3004,1544984205714,1
3004,1544984206063,1
3004,1544984206167,1
3004,1544984206281,1
3004,1544984206503,1
3004,1544984206647,1
3004,1544984206727,1
3004,1544984207068,1
3004,1544984207160,1
3004,1544984207281,1
3004,1544984207508,1
3004,1544984207630,1
3004,1544984207724,1
3004,1544984208065,1
3004,1544984208165,1
3004,1544984208281,1
3004,1544984208504,1
3004,1544984208624,1
3004,1544984208720,1
3004,1544984209068,1
3004,1544984209172,1
3004,1544984209285,1
3004,1544984209516,1
3004,1544984209631,1
3004,1544984209724,1
3004,1544984210073,1
3004,1544984210173,1
3004,1544984210302,1
3004,1544984210509,1
3004,1544984210634,1
3004,1544984210727,1
3004,1544984211070,1
3004,1544984211171,1
3004,1544984211290,1
3004,1544984211513,1
3004,1544984211633,1
3004,1544984211726,1
3004,1544984212077,1
3004,1544984212174,1
3004,1544984212291,1
3004,1544984212516,1
3004,1544984212638,1
3004,1544984212730,1
3004,1544984213078,1
3004,1544984213178,1
3004,1544984213292,1
3004,1544984213518,1
3004,1544984213640,1
3004,1544984213725,1
3004,1544984214081,1
3004,1544984214183,1
3004,1544984214297,1
3004,1544984214519,1
3004,1544984214642,1
3004,1544984214727,1
3004,1544984215083,1
3004,1544984215185,1
3004,1544984215317,1
3004,1544984215522,1
3004,1544984215640,1
3004,1544984215768,1
3004,1544984216089,1
3004,1544984216192,1
3004,1544984216306,1
3004,1544984216525,1
3004,1544984216651,1
3004,1544984216730,1
3004,1544984217091,1
3004,1544984217192,1
3004,1544984217303,1
3004,1544984217532,1
3004,1544984217643,1
3004,1544984217735,1
3004,1544984218095,1
3004,1544984218199,1
3004,1544984218305,1
3004,1544984218534,1
3004,1544984218649,1
3004,1544984218733,1
3004,1544984219098,1
3004,1544984219203,1
3004,1544984219310,1
3004,1544984219532,1
3004,1544984219652,1
3004,1544984219733,1
3004,1544984220100,1
3004,1544984220204,1
3004,1544984220313,1
3004,1544984220537,1
3004,1544984220658,1
3004,1544984220737,1
3004,1544984221103,1
3004,1544984221207,1
3004,1544984221320,1
3004,1544984221541,1
3004,1544984221661,1
3004,1544984221744,1
3004,1544984222103,1
3004,1544984222205,1
3004,1544984222318,1
3004,1544984222543,1
3004,1544984222669,1
3004,1544984222753,1
3004,1544984223105,1
3004,1544984223211,1
3004,1544984223320,1
3004,1544984223543,1
3004,1544984223663,1
3004,1544984223771,1
3004,1544984224108,1
3004,1544984224209,1
3004,1544984224324,1
3004,1544984224547,1
3004,1544984224662,1
3004,1544984224753,1
3004,1544984225110,1
3004,1544984225219,1
3004,1544984225325,1
3004,1544984225552,1
3004,1544984225669,1
3004,1544984225754,1
3004,1544984226114,1
3004,1544984226220,1
3004,1544984226330,1
3004,1544984226555,1
3004,1544984226665,1
3004,1544984226758,1
3004,1544984227116,1
3004,1544984227226,1
3004,1544984227331,1
3004,1544984227554,1
3004,1544984227673,1
3004,1544984227760,1
3004,1544984228121,1
3004,1544984228228,1
3004,1544984228335,1
3004,1544984228561,1
3004,1544984228669,1
3004,1544984228762,1
3004,1544984229125,1
3004,1544984229230,1
3004,1544984229341,1
3004,1544984229562,1
3004,1544984229672,1
3004,1544984229763,1
3004,1544984230130,1
3004,1544984230234,1
3004,1544984230343,1
3004,1544984230570,1
3004,1544984230676,1
3004,1544984230767,1
3004,1544984231128,1
3004,1544984231237,1
3004,1544984231347,1
3004,1544984231575,1
3004,1544984231680,1
3004,1544984231769,1
3004,1544984232129,1
3004,1544984232238,1
3004,1544984232352,1
3004,1544984232572,1
3004,1544984232684,1
3004,1544984232772,1
3004,1544984233128,1
3004,1544984233240,1
3004,1544984233357,1
3004,1544984233573,1
3004,1544984233681,1
3004,1544984233775,1
3004,1544984234133,1
3004,1544984234239,1
3004,1544984234360,1
3004,1544984234575,1
3004,1544984234679,1
3004,1544984234776,1
3004,1544984235134,1
3004,1544984235241,1
3004,1544984235360,1
3004,1544984235578,1
3004,1544984235684,1
3004,1544984235783,1
3004,1544984236133,1
3004,1544984236245,1
3004,1544984236367,1
3004,1544984236579,1
3004,1544984236690,1
3004,1544984236783,1
3004,1544984237136,1
3004,1544984237250,1
3004,1544984237365,1
3004,1544984237584,1
3004,1544984237690,1
3004,1544984237783,1
3004,1544984238138,1
3004,1544984238255,1
3004,1544984238370,1
3004,1544984238584,1
3004,1544984238694,1
3004,1544984238793,1
3004,1544984239142,1
3004,1544984239258,1
3004,1544984239375,1
3004,1544984239583,1
3004,1544984239693,1
3004,1544984239788,1
3004,1544984240151,1
3004,1544984240260,1
3004,1544984240377,1
3004,1544984240591,1
3004,1544984240698,1
3004,1544984240790,1
3004,1544984241145,1
3004,1544984241264,1
3004,1544984241377,1
3004,1544984241591,1
3004,1544984241700,1
3004,1544984241793,1
3004,1544984242149,1
3004,1544984242265,1
3004,1544984242380,1
3004,1544984242596,1
3004,1544984242699,1
3004,1544984242798,1
3004,1544984243154,1
3004,1544984243268,1
3004,1544984243384,1
3004,1544984243595,1
3004,1544984243699,1
3004,1544984243800,1
3004,1544984244160,1
3004,1544984244274,1
3004,1544984244386,1
3004,1544984244599,1
3004,1544984244701,1
3004,1544984244798,1
3004,1544984245174,1
3004,1544984245283,1
3004,1544984245389,1
3004,1544984245600,1
3004,1544984245705,1
3004,1544984245802,1
3004,1544984246161,1
3004,1544984246281,1
3004,1544984246393,1
3004,1544984246606,1
3004,1544984246706,1
3004,1544984246807,1
3004,1544984247166,1
3004,1544984247285,1
3004,1544984247400,1
3004,1544984247610,1
3004,1544984247708,1
3004,1544984247808,1
3004,1544984248170,1
3004,1544984248290,1
3004,1544984248404,1
3004,1544984248615,1
3004,1544984248711,1
3004,1544984248811,1
3004,1544984249176,1
3004,1544984249292,1
3004,1544984249410,1
3004,1544984249616,1
3004,1544984249715,1
3004,1544984249812,1
3004,1544984250173,1
3004,1544984250312,1
3004,1544984250410,1
3004,1544984250617,1
3004,1544984250717,1
3004,1544984250818,1
3004,1544984251181,1
3004,1544984251292,1
3004,1544984251418,1
3004,1544984251621,1
3004,1544984251722,1
3004,1544984251814,1
3004,1544984252178,1
3004,1544984252294,1
3004,1544984252414,1
3004,1544984252621,1
3004,1544984252727,1
3004,1544984252816,1
3004,1544984253180,1
3004,1544984253298,1
3004,1544984253419,1
3004,1544984253624,1
3004,1544984253728,1
3004,1544984253818,1
3004,1544984254180,1
3004,1544984254303,1
3004,1544984254421,1
3004,1544984254625,1
3004,1544984254728,1
3004,1544984254821,1
3004,1544984255179,1
3004,1544984255301,1
3004,1544984255422,1
3004,1544984255627,1
3004,1544984255731,1
3004,1544984255828,1
3004,1544984256182,1
3004,1544984256302,1
3004,1544984256432,1
3004,1544984256626,1
3004,1544984256728,1
3004,1544984256833,1
3004,1544984257184,1
3004,1544984257304,1
3004,1544984257445,1
3004,1544984257631,1
3004,1544984257733,1
3004,1544984257830,1
3004,1544984258190,1
3004,1544984258304,1
3004,1544984258449,1
3004,1544984258634,1
3004,1544984258738,1
3004,1544984258832,1
3004,1544984259194,1
3004,1544984259310,1
3004,1544984259436,1
3004,1544984259637,1
3004,1544984259740,1
3004,1544984259834,1
3004,1544984260197,1
3004,1544984260313,1
3004,1544984260441,1
3004,1544984260641,1
3004,1544984260742,1
3004,1544984260837,1
3004,1544984261199,1
3004,1544984261314,1
3004,1544984261444,1
3004,1544984261646,1
3004,1544984261744,1
3004,1544984261836,1
3004,1544984262206,1
3004,1544984262312,1
3004,1544984262443,1
3004,1544984262646,1
3004,1544984262741,1
3004,1544984262836,1
3004,1544984263206,1
3004,1544984263315,1
3004,1544984263449,1
3004,1544984263650,1
3004,1544984263746,1
3004,1544984263844,1
3004,1544984264209,1
3004,1544984264320,1
3004,1544984264451,1
3004,1544984264651,1
3004,1544984264746,1
3004,1544984264844,1
3004,1544984265213,1
3004,1544984265319,1
3004,1544984265456,1
3004,1544984265655,1
3004,1544984265749,1
3004,1544984265849,1
3004,1544984266213,1
3004,1544984266321,1
3004,1544984266461,1
3004,1544984266657,1
3004,1544984266753,1
3004,1544984266853,1
3004,1544984267218,1
3004,1544984267324,1
3004,1544984267455,1
3004,1544984267659,1
3004,1544984267757,1
3004,1544984267856,1
3004,1544984268223,1
3004,1544984268326,1
3004,1544984268459,1
3004,1544984268657,1
3004,1544984268758,1
3004,1544984268859,1
3004,1544984269225,1
3004,1544984269327,1
3004,1544984269461,1
3004,1544984269672,1
3004,1544984269757,1
3004,1544984269865,1
3004,1544984270226,1
3004,1544984270332,1
3004,1544984270468,1
3004,1544984270659,1
3004,1544984270757,1
3004,1544984270867,1
3004,1544984271229,1
3004,1544984271331,1
3004,1544984271468,1
3004,1544984271662,1
3004,1544984271766,1
3004,1544984271870,1
3004,1544984272234,1
3004,1544984272335,1
3004,1544984272471,1
3004,1544984272663,1
3004,1544984272767,1
3004,1544984272872,1
3004,1544984273238,1
3004,1544984273339,1
3004,1544984273472,1
3004,1544984273668,1
3004,1544984273771,1
3004,1544984273874,1
3004,1544984274239,1
3004,1544984274339,1
3004,1544984274472,1
3004,1544984274669,1
3004,1544984274782,1
3004,1544984274875,1
3004,1544984275243,1
3004,1544984275345,1
3004,1544984275478,1
3004,1544984275675,1
3004,1544984275793,1
3004,1544984275879,1
3004,1544984276246,1
3004,1544984276344,1
3004,1544984276481,1
3004,1544984276681,1
3004,1544984276780,1
3004,1544984276883,1
3004,1544984277245,1
3004,1544984277346,1
3004,1544984277487,1
3004,1544984277682,1
3004,1544984277779,1
3004,1544984277883,1
3004,1544984278251,1
3004,1544984278343,1
3004,1544984278487,1
3004,1544984278685,1
3004,1544984278779,1
3004,1544984278886,1
3004,1544984279255,1
3004,1544984279347,1
3004,1544984279491,1
3004,1544984279687,1
3004,1544984279781,1
3004,1544984279891,1
3004,1544984280254,1
3004,1544984280343,1
3004,1544984280491,1
3004,1544984280691,1
3004,1544984280787,1
3004,1544984280905,1
3004,1544984281256,1
3004,1544984281343,1
3004,1544984281489,1
3004,1544984281692,1
3004,1544984281783,1
3004,1544984281894,1
3004,1544984282260,1
3004,1544984282347,1
3004,1544984282491,1
3004,1544984282697,1
3004,1544984282786,1
3004,1544984282890,1
3004,1544984283260,1
3004,1544984283352,1
3004,1544984283498,1
3004,1544984283701,1
3004,1544984283787,1
3004,1544984283890,1
3004,1544984284265,1
3004,1544984284352,1
3004,1544984284507,1
3004,1544984284701,1
3004,1544984284791,1
3004,1544984284897,1
3004,1544984285269,1
3004,1544984285358,1
3004,1544984285503,1
3004,1544984285704,1
3004,1544984285795,1
3004,1544984285898,1
3004,1544984286269,1
3004,1544984286362,1
3004,1544984286506,1
3004,1544984286704,1
3004,1544984286796,1
3004,1544984286897,1
3004,1544984287274,1
3004,1544984287362,1
3004,1544984287506,1
3004,1544984287710,1
3004,1544984287799,1
3004,1544984287902,1
3004,1544984288279,1
3004,1544984288361,1
3004,1544984288513,1
3004,1544984288714,1
3004,1544984288805,1
3004,1544984288902,1
3004,1544984289277,1
3004,1544984289366,1
3004,1544984289519,1
3004,1544984289721,1
3004,1544984289810,1
3004,1544984289911,1
3004,1544984290281,1
3004,1544984290365,1
3004,1544984290524,1
3004,1544984290723,1
3004,1544984290808,1
3004,1544984290908,1
3004,1544984291286,1
3004,1544984291372,1
3004,1544984291517,1
3004,1544984291725,1
3004,1544984291812,1
3004,1544984291912,1
3004,1544984292282,1
3004,1544984292377,1
3004,1544984292518,1
3004,1544984292728,1
3004,1544984292817,1
3004,1544984292920,1
3004,1544984293283,1
3004,1544984293378,1
3004,1544984293522,1
3004,1544984293728,1
3004,1544984293826,1
3004,1544984293922,1
3004,1544984294286,1
3004,1544984294379,1
3004,1544984294521,1
3004,1544984294729,1
3004,1544984294828,1
3004,1544984294927,1
3004,1544984295292,1
3004,1544984295382,1
3004,1544984295523,1
3004,1544984295735,1
3004,1544984295827,1
3004,1544984295922,1
3004,1544984296292,1
3004,1544984296377,1
3004,1544984296524,1
3004,1544984296737,1
3004,1544984296827,1
3004,1544984296928,1
3004,1544984297297,1
3004,1544984297382,1
3004,1544984297531,1
3004,1544984297739,1
3004,1544984297834,1
3004,1544984297931,1
3004,1544984298299,1
3004,1544984298383,1
3004,1544984298535,1
3004,1544984298742,1
3004,1544984298835,1
3004,1544984298933,1
3004,1544984299325,1
3004,1544984299391,1
3004,1544984299534,1
3004,1544984299745,1
3004,1544984299838,1
3004,1544984299935,1
3004,1544984300310,1
3004,1544984300392,1
3004,1544984300542,1
3004,1544984300749,1
3004,1544984300842,1
3004,1544984300942,1
3004,1544984301313,1
3004,1544984301389,1
3004,1544984301542,1
3004,1544984301753,1
3004,1544984301849,1
3004,1544984301948,1
3004,1544984302313,1
3004,1544984302407,1
3004,1544984302552,1
3004,1544984302755,1
3004,1544984302849,1
3004,1544984302944,1
3004,1544984303323,1
3004,1544984303425,1
3004,1544984303550,1
3004,1544984303760,1
3004,1544984303846,1
3004,1544984303954,1
3004,1544984304323,1
3004,1544984304399,1
3004,1544984304549,1
3004,1544984304764,1
3004,1544984304853,1
3004,1544984304952,1
3004,1544984305328,1
3004,1544984305399,1
3004,1544984305552,1
3004,1544984305760,1
3004,1544984305849,1
3004,1544984305948,1
3004,1544984306333,1
3004,1544984306404,1
3004,1544984306556,1
3004,1544984306761,1
3004,1544984306855,1
3004,1544984306955,1
3004,1544984307334,1
3004,1544984307409,1
3004,1544984307557,1
3004,1544984307760,1
3004,1544984307852,1
3004,1544984307957,1
3004,1544984308335,1
3004,1544984308413,1
3004,1544984308568,1
3004,1544984308762,1
3004,1544984308858,1
3004,1544984308963,1
3004,1544984309340,1
3004,1544984309407,1
3004,1544984309590,1
3004,1544984309763,1
3004,1544984309860,1
3004,1544984309970,1
3004,1544984310341,1
3004,1544984310411,1
3004,1544984310574,1
3004,1544984310763,1
3004,1544984310859,1
3004,1544984310967,1
3004,1544984311342,1
3004,1544984311417,1
3004,1544984311578,1
3004,1544984311768,1
3004,1544984311860,1
3004,1544984311973,1
3004,1544984312346,1
3004,1544984312416,1
3004,1544984312579,1
3004,1544984312770,1
3004,1544984312867,1
3004,1544984312978,1
3004,1544984313351,1
3004,1544984313421,1
3004,1544984313568,1
3004,1544984313771,1
3004,1544984313864,1
3004,1544984313976,1
3004,1544984314354,1
3004,1544984314430,1
3004,1544984314574,1
3004,1544984314771,1
3004,1544984314865,1
3004,1544984314978,1
3004,1544984315355,1
3004,1544984315423,1
3004,1544984315586,1
3004,1544984315777,1
3004,1544984315871,1
3004,1544984315978,1
3004,1544984316360,1
3004,1544984316427,1
3004,1544984316582,1
3004,1544984316774,1
3004,1544984316875,1
3004,1544984316983,1
3004,1544984317361,1
3004,1544984317432,1
3004,1544984317586,1
3004,1544984317787,1
3004,1544984317876,1
3004,1544984317982,1
3004,1544984318365,1
3004,1544984318438,1
3004,1544984318585,1
3004,1544984318779,1
3004,1544984318886,1
3004,1544984318989,1
3004,1544984319368,1
3004,1544984319439,1
3004,1544984319593,1
3004,1544984319783,1
3004,1544984319882,1
3004,1544984319988,1
3004,1544984320372,1
3004,1544984320441,1
3004,1544984320588,1
3004,1544984320782,1
3004,1544984320885,1
3004,1544984320996,1
3004,1544984321375,1
3004,1544984321440,1
3004,1544984321594,1
3004,1544984321781,1
3004,1544984321899,1
3004,1544984322001,1
3004,1544984322380,1
3004,1544984322444,1
3004,1544984322588,1
3004,1544984322783,1
3004,1544984322887,1
3004,1544984322998,1
3004,1544984323378,1
3004,1544984323448,1
3004,1544984323598,1
3004,1544984323786,1
3004,1544984323894,1
3004,1544984324004,1
3004,1544984324381,1
3004,1544984324451,1
3004,1544984324591,1
3004,1544984324785,1
3004,1544984324888,1
3004,1544984325009,1
3004,1544984325387,1
3004,1544984325451,1
3004,1544984325591,1
3004,1544984325789,1
3004,1544984325893,1
3004,1544984326010,1
3004,1544984326382,1
3004,1544984326461,1
3004,1544984326597,1
3004,1544984326791,1
3004,1544984326896,1
3004,1544984327035,1
3004,1544984327385,1
3004,1544984327456,1
3004,1544984327591,1
3004,1544984327796,1
3004,1544984327900,1
3004,1544984328012,1
3004,1544984328390,1
3004,1544984328463,1
3004,1544984328595,1
3004,1544984328795,1
3004,1544984328900,1
3004,1544984329009,1
3004,1544984329391,1
3004,1544984329466,1
3004,1544984329598,1
3004,1544984329801,1
3004,1544984329905,1
3004,1544984330017,1
3004,1544984330393,1
3004,1544984330462,1
3004,1544984330598,1
3004,1544984330801,1
3004,1544984330903,1
3004,1544984331013,1
3004,1544984331394,1
3004,1544984331463,1
3004,1544984331598,1
3004,1544984331802,1
3004,1544984331913,1
3004,1544984332021,1
3004,1544984332401,1
3004,1544984332468,1
3004,1544984332601,1
3004,1544984332810,1
3004,1544984332912,1
3004,1544984333032,1
3004,1544984333416,1
3004,1544984333475,1
3004,1544984333599,1
3004,1544984333816,1
3004,1544984333921,1
3004,1544984334030,1
3004,1544984334417,1
3004,1544984334478,1
3004,1544984334613,1
3004,1544984334827,1
3004,1544984334923,1
3004,1544984335028,1
3004,1544984335427,1
3004,1544984335487,1
3004,1544984335615,1
3004,1544984335834,1
3004,1544984335933,1
3004,1544984336036,1
3004,1544984336434,1
3004,1544984336485,1
3004,1544984336619,1
3004,1544984336842,1
3004,1544984336934,1
3004,1544984337029,1
3004,1544984337444,1
3004,1544984337487,1
3004,1544984337639,1
3004,1544984337850,1
3004,1544984337945,1
3004,1544984338035,1
3004,1544984338440,1
3004,1544984338498,1
3004,1544984338645,1
3004,1544984338857,1
3004,1544984338954,1
3004,1544984339039,1
3004,1544984339444,1
3004,1544984339508,1
3004,1544984339643,1
3004,1544984339865,1
3004,1544984339960,1
3004,1544984340036,1
3004,1544984340451,1
3004,1544984340513,1
3004,1544984340649,1
3004,1544984340870,1
3004,1544984340973,1
3004,1544984341040,1
3004,1544984341464,1
3004,1544984341520,1
3004,1544984341657,1
3004,1544984341875,1
3004,1544984341972,1
3004,1544984342047,1
3004,1544984342468,1
3004,1544984342527,1
3004,1544984342671,1
3004,1544984342887,1
3004,1544984342985,1
3004,1544984343048,1
3004,1544984343467,1
3004,1544984343532,1
3004,1544984343675,1
3004,1544984343886,1
3004,1544984343993,1
3004,1544984344055,1
3004,1544984344491,1
3004,1544984344539,1
3004,1544984344681,1
3004,1544984344895,1
3004,1544984344999,1
3004,1544984345058,1
3004,1544984345480,1
3004,1544984345545,1
3004,1544984345692,1
3004,1544984345903,1
3004,1544984346002,1
3004,1544984346062,1
3004,1544984346486,1
3004,1544984346548,1
3004,1544984346693,1
3004,1544984346912,1
3004,1544984347015,1
3004,1544984347075,1
3004,1544984347488,1
3004,1544984347573,1
3004,1544984347698,1
3004,1544984347919,1
3004,1544984348018,1
3004,1544984348083,1
3004,1544984348496,1
3004,1544984348593,1
3004,1544984348705,1
3004,1544984348922,1
3004,1544984349018,1
3004,1544984349092,1
3004,1544984349504,1
3004,1544984349567,1
3004,1544984349715,1
3004,1544984349930,1
3004,1544984350022,1
3004,1544984350105,1
3004,1544984350514,1
3004,1544984350576,1
3004,1544984350715,1
3004,1544984350936,1
3004,1544984351022,1
3004,1544984351117,1
3004,1544984351524,1
3004,1544984351589,1
3004,1544984351728,1
3004,1544984351947,1
3004,1544984352026,1
3004,1544984352124,1
3004,1544984352531,1
3004,1544984352597,1
3004,1544984352728,1
3004,1544984352953,1
3004,1544984353020,1
3004,1544984353127,1
3004,1544984353530,1
3004,1544984353594,1
3004,1544984353744,1
3004,1544984353962,1
3004,1544984354024,1
3004,1544984354132,1
3004,1544984354530,1
3004,1544984354608,1
3004,1544984354769,1
3004,1544984354965,1
3004,1544984355028,1
3004,1544984355135,1
3004,1544984355541,1
3004,1544984355614,1
3004,1544984355786,1
3004,1544984355983,1
3004,1544984356030,1
3004,1544984356134,1
3004,1544984356549,1
3004,1544984356619,1
3004,1544984356770,1
3004,1544984356976,1
3004,1544984357032,1
3004,1544984357137,1
3004,1544984357549,1
3004,1544984357622,1
3004,1544984357764,1
3004,1544984357980,1
3004,1544984358033,1
3004,1544984358150,1
3004,1544984358548,1
3004,1544984358625,1
3004,1544984358771,1
3004,1544984358983,1
3004,1544984359042,1
3004,1544984359148,1
3004,1544984359552,1
3004,1544984359634,1
3004,1544984359781,1
3004,1544984359985,1
3004,1544984360042,1
3004,1544984360150,1
3004,1544984360551,1
3004,1544984360629,1
3004,1544984360783,1
3004,1544984360989,1
3004,1544984361046,1
3004,1544984361145,1
3004,1544984361555,1
3004,1544984361634,1
3004,1544984361786,1
3004,1544984361987,1
3004,1544984362048,1
3004,1544984362153,1
3004,1544984362560,1
3004,1544984362636,1
3004,1544984362788,1
3004,1544984363000,1
3004,1544984363053,1
3004,1544984363151,1
3004,1544984363568,1
3004,1544984363645,1
3004,1544984363791,1
3004,1544984363995,1
3004,1544984364051,1
3004,1544984364146,1
3004,1544984364568,1
3004,1544984364646,1
3004,1544984364792,1
3004,1544984364993,1
3004,1544984365062,1
3004,1544984365155,1
3004,1544984365568,1
3004,1544984365639,1
3004,1544984365788,1
3004,1544984365998,1
3004,1544984366078,1
3004,1544984366152,1
3004,1544984366574,1
3004,1544984366643,1
3004,1544984366790,1
3004,1544984366997,1
3004,1544984367051,1
3004,1544984367152,1
3004,1544984367575,1
3004,1544984367649,1
3004,1544984367794,1
3004,1544984367997,1
3004,1544984368055,1
3004,1544984368146,1
3004,1544984368579,1
3004,1544984368646,1
3004,1544984368794,1
3004,1544984368999,1
3004,1544984369059,1
3004,1544984369156,1
3004,1544984369578,1
3004,1544984369648,1
3004,1544984369797,1
3004,1544984370004,1
3004,1544984370055,1
3004,1544984370173,1
3004,1544984370582,1
3004,1544984370657,1
3004,1544984370797,1
3004,1544984371007,1
3004,1544984371057,1
3004,1544984371153,1
3004,1544984371586,1
3004,1544984371657,1
3004,1544984371799,1
3004,1544984372009,1
3004,1544984372058,1
3004,1544984372158,1
3004,1544984372589,1
3004,1544984372656,1
3004,1544984372805,1
3004,1544984373013,1
3004,1544984373066,1
3004,1544984373161,1
3004,1544984373591,1
3004,1544984373661,1
3004,1544984373807,1
3004,1544984374010,1
3004,1544984374068,1
3004,1544984374161,1
3004,1544984374592,1
3004,1544984374660,1
3004,1544984374801,1
3004,1544984375013,1
3004,1544984375069,1
3004,1544984375165,1
3004,1544984375597,1
3004,1544984375671,1
3004,1544984375815,1
3004,1544984376014,1
3004,1544984376069,1
3004,1544984376166,1
3004,1544984376601,1
3004,1544984376671,1
3004,1544984376814,1
3004,1544984377015,1
3004,1544984377073,1
3004,1544984377181,1
3004,1544984377605,1
3004,1544984377674,1
3004,1544984377816,1
3004,1544984378014,1
3004,1544984378070,1
3004,1544984378174,1
3004,1544984378606,1
3004,1544984378677,1
3004,1544984378823,1
3004,1544984379015,1
3004,1544984379067,1
3004,1544984379175,1
3004,1544984379607,1
3004,1544984379679,1
3004,1544984379829,1
3004,1544984380018,1
3004,1544984380069,1
3004,1544984380178,1
3004,1544984380610,1
3004,1544984380679,1
3004,1544984380826,1
3004,1544984381021,1
3004,1544984381076,1
3004,1544984381185,1
3004,1544984381614,1
3004,1544984381680,1
3004,1544984381831,1
3004,1544984382019,1
3004,1544984382075,1
3004,1544984382184,1
3004,1544984382617,1
3004,1544984382687,1
3004,1544984382833,1
3004,1544984383020,1
3004,1544984383075,1
3004,1544984383184,1
3004,1544984383615,1
3004,1544984383689,1
3004,1544984383838,1
3004,1544984384023,1
3004,1544984384078,1
3004,1544984384194,1
3004,1544984384618,1
3004,1544984384686,1
3004,1544984384831,1
3004,1544984385025,1
3004,1544984385078,1
3004,1544984385189,1
3004,1544984385622,1
3004,1544984385686,1
3004,1544984385835,1
3004,1544984386023,1
3004,1544984386085,1
3004,1544984386194,1
3004,1544984386619,1
3004,1544984386685,1
3004,1544984386836,1
3004,1544984387023,1
3004,1544984387086,1
3004,1544984387203,1
3004,1544984387627,1
3004,1544984387690,1
3004,1544984387846,1
3004,1544984388028,1
3004,1544984388088,1
3004,1544984388203,1
3004,1544984388628,1
3004,1544984388691,1
3004,1544984388842,1
3004,1544984389030,1
3004,1544984389094,1
3004,1544984389213,1
3004,1544984389630,1
3004,1544984389692,1
3004,1544984389846,1
3004,1544984390030,1
3004,1544984390093,1
3004,1544984390203,1
3004,1544984390631,1
3004,1544984390692,1
3004,1544984390850,1
3004,1544984391035,1
3004,1544984391095,1
3004,1544984391203,1
3004,1544984391660,1
3004,1544984391701,1
3004,1544984391859,1
3004,1544984392040,1
3004,1544984392100,1
3004,1544984392205,1
3004,1544984392639,1
3004,1544984392702,1
3004,1544984392856,1
3004,1544984393042,1
3004,1544984393103,1
3004,1544984393213,1
3004,1544984393642,1
3004,1544984393711,1
3004,1544984393861,1
3004,1544984394044,1
3004,1544984394103,1
3004,1544984394210,1
3004,1544984394641,1
3004,1544984394732,1
3004,1544984394862,1
3004,1544984395046,1
3004,1544984395107,1
3004,1544984395210,1
3004,1544984395643,1
3004,1544984395702,1
3004,1544984395870,1
3004,1544984396047,1
3004,1544984396110,1
3004,1544984396216,1
3004,1544984396643,1
3004,1544984396708,1
3004,1544984396869,1
3004,1544984397048,1
3004,1544984397117,1
3004,1544984397223,1
3004,1544984397645,1
3004,1544984397711,1
3004,1544984397878,1
3004,1544984398045,1
3004,1544984398117,1
3004,1544984398225,1
3004,1544984398650,1
3004,1544984398711,1
3004,1544984398875,1
3004,1544984399048,1
3004,1544984399122,1
3004,1544984399232,1
3004,1544984399656,1
3004,1544984399716,1
3004,1544984399881,1
3004,1544984400050,1
3004,1544984400124,1
3004,1544984400230,1
3004,1544984400656,1
3004,1544984400720,1
3004,1544984400889,1
3004,1544984401053,1
3004,1544984401132,1
3004,1544984401235,1
3004,1544984401660,1
3004,1544984401720,1
3004,1544984401903,1
3004,1544984402058,1
3004,1544984402130,1
3004,1544984402240,1
3004,1544984402664,1
3004,1544984402721,1
3004,1544984402916,1
3004,1544984403061,1
3004,1544984403130,1
3004,1544984403240,1
3004,1544984403668,1
3004,1544984403721,1
3004,1544984403898,1
3004,1544984404067,1
3004,1544984404130,1
3004,1544984404238,1
3004,1544984404667,1
3004,1544984404723,1
3004,1544984404893,1
3004,1544984405068,1
3004,1544984405135,1
3004,1544984405247,1
3004,1544984405672,1
3004,1544984405727,1
3004,1544984405900,1
3004,1544984406068,1
3004,1544984406132,1
3004,1544984406244,1
3004,1544984406672,1
3004,1544984406727,1
3004,1544984406899,1
3004,1544984407074,1
3004,1544984407136,1
3004,1544984407250,1
3004,1544984407674,1
3004,1544984407733,1
3004,1544984407904,1
3004,1544984408078,1
3004,1544984408141,1
3004,1544984408260,1
3004,1544984408678,1
3004,1544984408735,1
3004,1544984408912,1
3004,1544984409082,1
3004,1544984409142,1
3004,1544984409258,1
3004,1544984409678,1
3004,1544984409737,1
3004,1544984409911,1
3004,1544984410096,1
3004,1544984410143,1
3004,1544984410267,1
3004,1544984410678,1
3004,1544984410742,1
3004,1544984410915,1
3004,1544984411087,1
3004,1544984411145,1
3004,1544984411263,1
3004,1544984411681,1
3004,1544984411745,1
3004,1544984411918,1
3004,1544984412089,1
3004,1544984412150,1
3004,1544984412260,1
3004,1544984412685,1
3004,1544984412746,1
3004,1544984412923,1
3004,1544984413090,1
3004,1544984413169,1
3004,1544984413263,1
3004,1544984413683,1
3004,1544984413748,1
3004,1544984413922,1
3004,1544984414088,1
3004,1544984414149,1
3004,1544984414268,1
3004,1544984414683,1
3004,1544984414753,1
3004,1544984414924,1
3004,1544984415092,1
3004,1544984415152,1
3004,1544984415265,1
3004,1544984415686,1
3004,1544984415758,1
3004,1544984415928,1
3004,1544984416097,1
3004,1544984416156,1
3004,1544984416268,1
3004,1544984416687,1
3004,1544984416758,1
3004,1544984416933,1
3004,1544984417102,1
3004,1544984417159,1
3004,1544984417284,1
3004,1544984417691,1
3004,1544984417763,1
3004,1544984417933,1
3004,1544984418104,1
3004,1544984418161,1
3004,1544984418303,1
3004,1544984418694,1
3004,1544984418769,1
3004,1544984418930,1
3004,1544984419104,1
3004,1544984419164,1
3004,1544984419279,1
3004,1544984419698,1
3004,1544984419773,1
3004,1544984419937,1
3004,1544984420110,1
3004,1544984420164,1
3004,1544984420286,1
3004,1544984420700,1
3004,1544984420768,1
3004,1544984420943,1
3004,1544984421116,1
3004,1544984421166,1
3004,1544984421284,1
3004,1544984421703,1
3004,1544984421773,1
3004,1544984421949,1
3004,1544984422115,1
3004,1544984422172,1
3004,1544984422289,1
3004,1544984422708,1
3004,1544984422778,1
3004,1544984422950,1
3004,1544984423117,1
3004,1544984423168,1
3004,1544984423289,1
3004,1544984423714,1
3004,1544984423779,1
3004,1544984423952,1
3004,1544984424118,1
3004,1544984424175,1
3004,1544984424296,1
3004,1544984424715,1
3004,1544984424788,1
3004,1544984424957,1
3004,1544984425123,1
3004,1544984425178,1
3004,1544984425296,1
3004,1544984425713,1
3004,1544984425783,1
3004,1544984425953,1
3004,1544984426125,1
3004,1544984426182,1
3004,1544984426301,1
3004,1544984426717,1
3004,1544984426784,1
3004,1544984426958,1
3004,1544984427126,1
3004,1544984427187,1
3004,1544984427300,1
3004,1544984427722,1
3004,1544984427791,1
3004,1544984427958,1
3004,1544984428127,1
3004,1544984428189,1
3004,1544984428301,1
3004,1544984428722,1
3004,1544984428793,1
3004,1544984428963,1
3004,1544984429126,1
3004,1544984429193,1
3004,1544984429304,1
3004,1544984429724,1
3004,1544984429798,1
3004,1544984429967,1
3004,1544984430129,1
3004,1544984430200,1
3004,1544984430308,1
3004,1544984430726,1
3004,1544984430800,1
3004,1544984430968,1
3004,1544984431134,1
3004,1544984431204,1
3004,1544984431309,1
3004,1544984431730,1
3004,1544984431799,1
3004,1544984431974,1
3004,1544984432133,1
3004,1544984432205,1
3004,1544984432314,1
3004,1544984432731,1
3004,1544984432800,1
3004,1544984432974,1
3004,1544984433136,1
3004,1544984433208,1
3004,1544984433317,1
3004,1544984433734,1
3004,1544984433803,1
3004,1544984433976,1
3004,1544984434142,1
3004,1544984434214,1
3004,1544984434320,1
3004,1544984434733,1
3004,1544984434806,1
3004,1544984434975,1
3004,1544984435145,1
3004,1544984435216,1
3004,1544984435323,1
3004,1544984435737,1
3004,1544984435810,1
3004,1544984435979,1
3004,1544984436150,1
3004,1544984436215,1
3004,1544984436328,1
3004,1544984436739,1
3004,1544984436810,1
3004,1544984436979,1
3004,1544984437154,1
3004,1544984437223,1
3004,1544984437328,1
3004,1544984437743,1
3004,1544984437819,1
3004,1544984437982,1
3004,1544984438157,1
3004,1544984438224,1
3004,1544984438332,1
3004,1544984438744,1
3004,1544984438819,1
3004,1544984438990,1
3004,1544984439162,1
3004,1544984439226,1
3004,1544984439335,1
3004,1544984439748,1
3004,1544984439822,1
3004,1544984439988,1
3004,1544984440163,1
3004,1544984440229,1
3004,1544984440337,1
3004,1544984440766,1
3004,1544984440831,1
3004,1544984440992,1
3004,1544984441168,1
3004,1544984441229,1
3004,1544984441339,1
3004,1544984441753,1
3004,1544984441827,1
3004,1544984441992,1
3004,1544984442167,1
3004,1544984442230,1
3004,1544984442344,1
3004,1544984442754,1
3004,1544984442828,1
3004,1544984442996,1
3004,1544984443174,1
3004,1544984443228,1
3004,1544984443347,1
3004,1544984443759,1
3004,1544984443834,1
3004,1544984444003,1
3004,1544984444175,1
3004,1544984444234,1
3004,1544984444351,1
3004,1544984444763,1
3004,1544984444852,1
3004,1544984445010,1
3004,1544984445176,1
3004,1544984445233,1
3004,1544984445352,1
3004,1544984445767,1
3004,1544984445833,1
3004,1544984446001,1
3004,1544984446182,1
3004,1544984446236,1
3004,1544984446355,1
3004,1544984446772,1
3004,1544984446836,1
3004,1544984447007,1
3004,1544984447185,1
3004,1544984447242,1
3004,1544984447359,1
3004,1544984447774,1
3004,1544984447843,1
3004,1544984448012,1
3004,1544984448188,1
3004,1544984448246,1
3004,1544984448362,1
3004,1544984448776,1
3004,1544984448841,1
3004,1544984449010,1
3004,1544984449195,1
3004,1544984449251,1
3004,1544984449370,1
3004,1544984449778,1
3004,1544984449839,1
3004,1544984450017,1
3004,1544984450193,1
3004,1544984450255,1
3004,1544984450374,1
3004,1544984450778,1
3004,1544984450842,1
3004,1544984451018,1
3004,1544984451193,1
3004,1544984451259,1
3004,1544984451376,1
3004,1544984451781,1
3004,1544984451844,1
3004,1544984452023,1
3004,1544984452194,1
3004,1544984452260,1
3004,1544984452380,1
3004,1544984452785,1
3004,1544984452849,1
3004,1544984453026,1
3004,1544984453201,1
3004,1544984453263,1
3004,1544984453383,1
3004,1544984453789,1
3004,1544984453850,1
3004,1544984454042,1
3004,1544984454203,1
3004,1544984454269,1
3004,1544984454390,1
3004,1544984454794,1
3004,1544984454852,1
3004,1544984455031,1
3004,1544984455205,1
3004,1544984455270,1
3004,1544984455387,1
3004,1544984455799,1
3004,1544984455855,1
3004,1544984456034,1
3004,1544984456209,1
3004,1544984456269,1
3004,1544984456388,1
3004,1544984456801,1
3004,1544984456856,1
3004,1544984457037,1
3004,1544984457209,1
3004,1544984457274,1
3004,1544984457390,1
3004,1544984457802,1
3004,1544984457862,1
3004,1544984458037,1
3004,1544984458212,1
3004,1544984458279,1
3004,1544984458393,1
3004,1544984458805,1
3004,1544984458863,1
3004,1544984459040,1
3004,1544984459213,1
3004,1544984459286,1
3004,1544984459403,1
3004,1544984459811,1
3004,1544984459868,1
3004,1544984460044,1
3004,1544984460218,1
3004,1544984460286,1
3004,1544984460401,1
3004,1544984460814,1
3004,1544984460867,1
3004,1544984461047,1
3004,1544984461220,1
3004,1544984461293,1
3004,1544984461407,1
3004,1544984461818,1
3004,1544984461868,1
3004,1544984462053,1
3004,1544984462219,1
3004,1544984462296,1
3004,1544984462409,1
3004,1544984462821,1
3004,1544984462871,1
3004,1544984463057,1
3004,1544984463221,1
3004,1544984463297,1
3004,1544984463410,1
3004,1544984463825,1
3004,1544984463876,1
3004,1544984464057,1
3004,1544984464240,1
3004,1544984464303,1
3004,1544984464416,1
3004,1544984464825,1
3004,1544984464885,1
3004,1544984465058,1
3004,1544984465225,1
3004,1544984465305,1
3004,1544984465419,1
3004,1544984465825,1
3004,1544984465884,1
3004,1544984466061,1
3004,1544984466226,1
3004,1544984466308,1
3004,1544984466421,1
3004,1544984466826,1
3004,1544984466884,1
3004,1544984467070,1
3004,1544984467228,1
3004,1544984467312,1
3004,1544984467420,1
3004,1544984467826,1
3004,1544984467882,1
3004,1544984468067,1
3004,1544984468232,1
3004,1544984468324,1
3004,1544984468424,1
3004,1544984468831,1
3004,1544984468886,1
3004,1544984469072,1
3004,1544984469232,1
3004,1544984469336,1
3004,1544984469427,1
3004,1544984469835,1
3004,1544984469891,1
3004,1544984470075,1
3004,1544984470232,1
3004,1544984470318,1
3004,1544984470425,1
3004,1544984470837,1
3004,1544984470894,1
3004,1544984471077,1
3004,1544984471234,1
3004,1544984471321,1
3004,1544984471430,1
3004,1544984471835,1
3004,1544984471900,1
3004,1544984472086,1
3004,1544984472236,1
3004,1544984472323,1
3004,1544984472432,1
3004,1544984472836,1
3004,1544984472899,1
3004,1544984473081,1
3004,1544984473237,1
3004,1544984473327,1
3004,1544984473439,1
3004,1544984473841,1
3004,1544984473901,1
3004,1544984474083,1
3004,1544984474241,1
3004,1544984474329,1
3004,1544984474444,1
3004,1544984474844,1
3004,1544984474905,1
3004,1544984475086,1
3004,1544984475244,1
3004,1544984475333,1
3004,1544984475455,1
3004,1544984475847,1
3004,1544984475911,1
3004,1544984476089,1
3004,1544984476244,1
3004,1544984476336,1
3004,1544984476435,1
3004,1544984476853,1
3004,1544984476912,1
3004,1544984477093,1
3004,1544984477245,1
3004,1544984477341,1
3004,1544984477438,1
3004,1544984477858,1
3004,1544984477916,1
3004,1544984478100,1
3004,1544984478252,1
3004,1544984478343,1
3004,1544984478444,1
3004,1544984478863,1
3004,1544984478918,1
3004,1544984479101,1
3004,1544984479255,1
3004,1544984479345,1
3004,1544984479440,1
3004,1544984479866,1
3004,1544984479916,1
3004,1544984480104,1
3004,1544984480259,1
3004,1544984480344,1
3004,1544984480448,1
3004,1544984480870,1
3004,1544984480920,1
3004,1544984481111,1
3004,1544984481261,1
3004,1544984481348,1
3004,1544984481450,1
3004,1544984481871,1
3004,1544984481923,1
3004,1544984482119,1
3004,1544984482266,1
3004,1544984482351,1
3004,1544984482455,1
3004,1544984482872,1
3004,1544984482926,1
3004,1544984483117,1
3004,1544984483269,1
3004,1544984483357,1
3004,1544984483462,1
3004,1544984483872,1
3004,1544984483926,1
3004,1544984484122,1
3004,1544984484271,1
3004,1544984484358,1
3004,1544984484461,1
3004,1544984484875,1
3004,1544984484931,1
3004,1544984485124,1
3004,1544984485271,1
3004,1544984485361,1
3004,1544984485467,1
3004,1544984485875,1
3004,1544984485931,1
3004,1544984486125,1
3004,1544984486274,1
3004,1544984486364,1
3004,1544984486465,1
3004,1544984486877,1
3004,1544984486932,1
3004,1544984487128,1
3004,1544984487275,1
3004,1544984487361,1
3004,1544984487472,1
3004,1544984487879,1
3004,1544984487932,1
3004,1544984488133,1
3004,1544984488280,1
3004,1544984488365,1
3004,1544984488469,1
3004,1544984488884,1
3004,1544984488936,1
3004,1544984489137,1
3004,1544984489279,1
3004,1544984489370,1
3004,1544984489473,1
3004,1544984489886,1
3004,1544984489938,1
3004,1544984490142,1
3004,1544984490282,1
3004,1544984490374,1
3004,1544984490477,1
3004,1544984490886,1
3004,1544984490938,1
3004,1544984491149,1
3004,1544984491286,1
3004,1544984491379,1
3004,1544984491481,1
3004,1544984491886,1
3004,1544984491941,1
3004,1544984492152,1
3004,1544984492291,1
3004,1544984492378,1
3004,1544984492479,1
3004,1544984492891,1
3004,1544984492945,1
3004,1544984493152,1
3004,1544984493295,1
3004,1544984493381,1
3004,1544984493480,1
3004,1544984493891,1
3004,1544984493948,1
3004,1544984494156,1
3004,1544984494301,1
3004,1544984494385,1
3004,1544984494482,1
3004,1544984494894,1
3004,1544984494952,1
3004,1544984495155,1
3004,1544984495304,1
3004,1544984495389,1
3004,1544984495485,1
3004,1544984495899,1
3004,1544984495949,1
3004,1544984496156,1
3004,1544984496308,1
3004,1544984496393,1
3004,1544984496494,1
3004,1544984496904,1
3004,1544984496952,1
3004,1544984497158,1
3004,1544984497310,1
3004,1544984497400,1
3004,1544984497495,1
3004,1544984497908,1
3004,1544984497956,1
3004,1544984498161,1
3004,1544984498313,1
3004,1544984498402,1
3004,1544984498492,1
3004,1544984498928,1
3004,1544984498960,1
3004,1544984499161,1
3004,1544984499314,1
3004,1544984499404,1
3004,1544984499498,1
3004,1544984499909,1
3004,1544984499961,1
3004,1544984500163,1
3004,1544984500320,1
3004,1544984500414,1
3004,1544984500501,1
3004,1544984500910,1
3004,1544984500970,1
3004,1544984501169,1
3004,1544984501320,1
3004,1544984501414,1
3004,1544984501499,1
3004,1544984501912,1
3004,1544984501987,1
3004,1544984502172,1
3004,1544984502325,1
3004,1544984502418,1
3004,1544984502507,1
3004,1544984502916,1
3004,1544984502971,1
3004,1544984503176,1
3004,1544984503326,1
3004,1544984503421,1
3004,1544984503507,1
3004,1544984503921,1
3004,1544984503973,1
3004,1544984504176,1
3004,1544984504332,1
3004,1544984504422,1
3004,1544984504513,1
3004,1544984504923,1
3004,1544984504977,1
3004,1544984505180,1
3004,1544984505335,1
3004,1544984505425,1
3004,1544984505516,1
3004,1544984505923,1
3004,1544984505983,1
3004,1544984506187,1
3004,1544984506341,1
3004,1544984506429,1
3004,1544984506518,1
3004,1544984506927,1
3004,1544984506984,1
3004,1544984507186,1
3004,1544984507342,1
3004,1544984507434,1
3004,1544984507520,1
3004,1544984507931,1
3004,1544984507986,1
3004,1544984508195,1
3004,1544984508345,1
3004,1544984508436,1
3004,1544984508522,1
3004,1544984508936,1
3004,1544984508991,1
3004,1544984509194,1
3004,1544984509344,1
3004,1544984509436,1
3004,1544984509524,1
3004,1544984509938,1
3004,1544984509991,1
3004,1544984510197,1
3004,1544984510344,1
3004,1544984510439,1
3004,1544984510525,1
3004,1544984510942,1
3004,1544984510997,1
3004,1544984511199,1
3004,1544984511347,1
3004,1544984511443,1
3004,1544984511529,1
3004,1544984511945,1
3004,1544984512000,1
3004,1544984512205,1
3004,1544984512351,1
3004,1544984512444,1
3004,1544984512532,1
3004,1544984512946,1
3004,1544984512998,1
3004,1544984513214,1
3004,1544984513355,1
3004,1544984513449,1
3004,1544984513531,1
3004,1544984513948,1
3004,1544984514004,1
3004,1544984514227,1
3004,1544984514358,1
3004,1544984514457,1
3004,1544984514536,1
3004,1544984514949,1
3004,1544984515008,1
3004,1544984515214,1
3004,1544984515361,1
3004,1544984515455,1
3004,1544984515540,1
3004,1544984515951,1
3004,1544984516012,1
3004,1544984516216,1
3004,1544984516364,1
3004,1544984516456,1
3004,1544984516544,1
3004,1544984516953,1
3004,1544984517010,1
3004,1544984517221,1
3004,1544984517366,1
3004,1544984517457,1
3004,1544984517552,1
3004,1544984517957,1
3004,1544984518017,1
3004,1544984518220,1
3004,1544984518371,1
3004,1544984518461,1
3004,1544984518549,1
3004,1544984518963,1
3004,1544984519023,1
3004,1544984519228,1
3004,1544984519373,1
3004,1544984519463,1
3004,1544984519551,1
3004,1544984519967,1
3004,1544984520016,1
3004,1544984520233,1
3004,1544984520375,1
3004,1544984520466,1
3004,1544984520551,1
3004,1544984520969,1
3004,1544984521016,1
3004,1544984521229,1
3004,1544984521375,1
3004,1544984521478,1
3004,1544984521555,1
3004,1544984521970,1
3004,1544984522016,1
3004,1544984522233,1
3004,1544984522381,1
3004,1544984522474,1
3004,1544984522556,1
3004,1544984522973,1
3004,1544984523019,1
3004,1544984523239,1
3004,1544984523399,1
3004,1544984523478,1
3004,1544984523557,1
3004,1544984523979,1
3004,1544984524021,1
3004,1544984524237,1
3004,1544984524387,1
3004,1544984524484,1
3004,1544984524561,1
3004,1544984524979,1
3004,1544984525020,1
3004,1544984525242,1
3004,1544984525389,1
3004,1544984525487,1
3004,1544984525563,1
3004,1544984525983,1
3004,1544984526023,1
3004,1544984526244,1
3004,1544984526390,1
3004,1544984526493,1
3004,1544984526570,1
3004,1544984526988,1
3004,1544984527023,1
3004,1544984527249,1
3004,1544984527392,1
3004,1544984527492,1
3004,1544984527568,1
3004,1544984527993,1
3004,1544984528025,1
3004,1544984528254,1
3004,1544984528392,1
3004,1544984528509,1
3004,1544984528568,1
3004,1544984528992,1
3004,1544984529030,1
3004,1544984529255,1
3004,1544984529393,1
3004,1544984529500,1
3004,1544984529574,1
3004,1544984529994,1
3004,1544984530027,1
3004,1544984530251,1
3004,1544984530395,1
3004,1544984530505,1
3004,1544984530580,1
3004,1544984530999,1
3004,1544984531029,1
3004,1544984531252,1
3004,1544984531399,1
3004,1544984531505,1
3004,1544984531577,1
3004,1544984532003,1
3004,1544984532033,1
3004,1544984532256,1
3004,1544984532401,1
3004,1544984532509,1
3004,1544984532598,1
3004,1544984533007,1
3004,1544984533036,1
3004,1544984533257,1
3004,1544984533406,1
3004,1544984533512,1
3004,1544984533580,1
3004,1544984534010,1
3004,1544984534040,1
3004,1544984534259,1
3004,1544984534407,1
3004,1544984534514,1
3004,1544984534580,1
3004,1544984535011,1
3004,1544984535040,1
3004,1544984535263,1
3004,1544984535410,1
3004,1544984535515,1
3004,1544984535584,1
3004,1544984536010,1
3004,1544984536043,1
3004,1544984536266,1
3004,1544984536413,1
3004,1544984536518,1
3004,1544984536590,1
3004,1544984537013,1
3004,1544984537047,1
3004,1544984537265,1
3004,1544984537417,1
3004,1544984537524,1
3004,1544984537593,1
3004,1544984538013,1
3004,1544984538050,1
3004,1544984538273,1
3004,1544984538422,1
3004,1544984538526,1
3004,1544984538595,1
3004,1544984539013,1
3004,1544984539051,1
3004,1544984539274,1
3004,1544984539423,1
3004,1544984539529,1
3004,1544984539595,1
3004,1544984540014,1
3004,1544984540053,1
3004,1544984540278,1
3004,1544984540422,1
3004,1544984540533,1
3004,1544984540599,1
3004,1544984541013,1
3004,1544984541056,1
3004,1544984541277,1
3004,1544984541425,1
3004,1544984541531,1
3004,1544984541600,1
3004,1544984542014,1
3004,1544984542062,1
3004,1544984542279,1
3004,1544984542428,1
3004,1544984542531,1
3004,1544984542599,1
3004,1544984543015,1
3004,1544984543062,1
3004,1544984543282,1
3004,1544984543428,1
3004,1544984543537,1
3004,1544984543608,1
3004,1544984544013,1
3004,1544984544064,1
3004,1544984544285,1
3004,1544984544428,1
3004,1544984544540,1
3004,1544984544605,1
3004,1544984545013,1
3004,1544984545066,1
3004,1544984545285,1
3004,1544984545428,1
3004,1544984545544,1
3004,1544984545607,1
3004,1544984546012,1
3004,1544984546068,1
3004,1544984546289,1
3004,1544984546428,1
3004,1544984546542,1
3004,1544984546606,1
3004,1544984547013,1
3004,1544984547070,1
3004,1544984547289,1
3004,1544984547431,1
3004,1544984547541,1
3004,1544984547610,1
3004,1544984548015,1
3004,1544984548075,1
3004,1544984548292,1
3004,1544984548433,1
3004,1544984548544,1
3004,1544984548613,1
3004,1544984549015,1
3004,1544984549078,1
3004,1544984549295,1
3004,1544984549433,1
3004,1544984549547,1
3004,1544984549611,1
3004,1544984550017,1
3004,1544984550080,1
3004,1544984550296,1
3004,1544984550438,1
3004,1544984550551,1
3004,1544984550618,1
3004,1544984551019,1
3004,1544984551082,1
3004,1544984551298,1
3004,1544984551438,1
3004,1544984551550,1
3004,1544984551620,1
3004,1544984552021,1
3004,1544984552087,1
3004,1544984552297,1
3004,1544984552438,1
3004,1544984552553,1
3004,1544984552618,1
3004,1544984553023,1
3004,1544984553090,1
3004,1544984553305,1
3004,1544984553441,1
3004,1544984553558,1
3004,1544984553622,1
3004,1544984554022,1
3004,1544984554095,1
3004,1544984554305,1
3004,1544984554443,1
3004,1544984554561,1
3004,1544984554623,1
3004,1544984555025,1
3004,1544984555094,1
3004,1544984555303,1
3004,1544984555444,1
3004,1544984555566,1
3004,1544984555629,1
3004,1544984556040,1
3004,1544984556100,1
3004,1544984556309,1
3004,1544984556449,1
3004,1544984556566,1
3004,1544984556627,1
3004,1544984557029,1
3004,1544984557100,1
3004,1544984557314,1
3004,1544984557450,1
3004,1544984557569,1
3004,1544984557631,1
3004,1544984558030,1
3004,1544984558097,1
3004,1544984558316,1
3004,1544984558453,1
3004,1544984558570,1
3004,1544984558634,1
3004,1544984559033,1
3004,1544984559109,1
3004,1544984559315,1
3004,1544984559457,1
3004,1544984559569,1
3004,1544984559633,1
3004,1544984560039,1
3004,1544984560121,1
3004,1544984560320,1
3004,1544984560458,1
3004,1544984560570,1
3004,1544984560641,1
3004,1544984561039,1
3004,1544984561102,1
3004,1544984561324,1
3004,1544984561461,1
3004,1544984561576,1
3004,1544984561638,1
3004,1544984562041,1
3004,1544984562107,1
3004,1544984562329,1
3004,1544984562465,1
3004,1544984562576,1
3004,1544984562641,1
3004,1544984563040,1
3004,1544984563111,1
3004,1544984563335,1
3004,1544984563468,1
3004,1544984563578,1
3004,1544984563640,1
3004,1544984564038,1
3004,1544984564110,1
3004,1544984564332,1
3004,1544984564469,1
3004,1544984564582,1
3004,1544984564651,1
3004,1544984565039,1
3004,1544984565114,1
3004,1544984565337,1
3004,1544984565468,1
3004,1544984565587,1
3004,1544984565650,1
3004,1544984566043,1
3004,1544984566117,1
3004,1544984566335,1
3004,1544984566467,1
3004,1544984566590,1
3004,1544984566651,1
3004,1544984567043,1
3004,1544984567121,1
3004,1544984567338,1
3004,1544984567469,1
3004,1544984567592,1
3004,1544984567655,1
3004,1544984568047,1
3004,1544984568115,1
3004,1544984568346,1
3004,1544984568473,1
3004,1544984568594,1
3004,1544984568665,1
3004,1544984569052,1
3004,1544984569118,1
3004,1544984569344,1
3004,1544984569478,1
3004,1544984569597,1
3004,1544984569664,1
3004,1544984570052,1
3004,1544984570117,1
3004,1544984570348,1
3004,1544984570477,1
3004,1544984570597,1
3004,1544984570664,1
3004,1544984571056,1
3004,1544984571123,1
3004,1544984571356,1
3004,1544984571477,1
3004,1544984571598,1
3004,1544984571666,1
3004,1544984572061,1
3004,1544984572125,1
3004,1544984572365,1
3004,1544984572478,1
3004,1544984572603,1
3004,1544984572669,1
3004,1544984573064,1
3004,1544984573128,1
3004,1544984573352,1
3004,1544984573482,1
3004,1544984573606,1
3004,1544984573674,1
3004,1544984574064,1
3004,1544984574132,1
3004,1544984574350,1
3004,1544984574486,1
3004,1544984574615,1
3004,1544984574675,1
3004,1544984575069,1
3004,1544984575135,1
3004,1544984575356,1
3004,1544984575490,1
3004,1544984575612,1
3004,1544984575675,1
3004,1544984576075,1
3004,1544984576143,1
3004,1544984576359,1
3004,1544984576489,1
3004,1544984576610,1
3004,1544984576681,1
3004,1544984577074,1
3004,1544984577145,1
3004,1544984577366,1
3004,1544984577489,1
3004,1544984577614,1
3004,1544984577680,1
3004,1544984578078,1
3004,1544984578143,1
3004,1544984578370,1
3004,1544984578492,1
3004,1544984578622,1
3004,1544984578685,1
3004,1544984579080,1
3004,1544984579148,1
3004,1544984579369,1
3004,1544984579501,1
3004,1544984579620,1
3004,1544984579689,1
3004,1544984580085,1
3004,1544984580150,1
3004,1544984580373,1
3004,1544984580494,1
3004,1544984580624,1
3004,1544984580687,1
3004,1544984581089,1
3004,1544984581157,1
3004,1544984581375,1
3004,1544984581495,1
3004,1544984581626,1
3004,1544984581689,1
3004,1544984582092,1
3004,1544984582158,1
3004,1544984582378,1
3004,1544984582496,1
3004,1544984582624,1
3004,1544984582693,1
3004,1544984583096,1
3004,1544984583158,1
3004,1544984583376,1
3004,1544984583502,1
3004,1544984583624,1
3004,1544984583697,1
3004,1544984584101,1
3004,1544984584161,1
3004,1544984584376,1
3004,1544984584505,1
3004,1544984584626,1
3004,1544984584695,1
3004,1544984585106,1
3004,1544984585167,1
3004,1544984585380,1
3004,1544984585503,1
3004,1544984585630,1
3004,1544984585697,1
3004,1544984586110,1
3004,1544984586167,1
3004,1544984586381,1
3004,1544984586508,1
3004,1544984586635,1
3004,1544984586699,1
3004,1544984587113,1
3004,1544984587167,1
3004,1544984587387,1
3004,1544984587511,1
3004,1544984587650,1
3004,1544984587700,1
3004,1544984588117,1
3004,1544984588173,1
3004,1544984588388,1
3004,1544984588511,1
3004,1544984588637,1
3004,1544984588701,1
3004,1544984589121,1
3004,1544984589176,1
3004,1544984589391,1
3004,1544984589511,1
3004,1544984589640,1
3004,1544984589707,1
3004,1544984590126,1
3004,1544984590184,1
3004,1544984590396,1
3004,1544984590512,1
3004,1544984590643,1
3004,1544984590717,1
3004,1544984591130,1
3004,1544984591183,1
3004,1544984591397,1
3004,1544984591512,1
3004,1544984591648,1
3004,1544984591729,1
3004,1544984592130,1
3004,1544984592187,1
3004,1544984592403,1
3004,1544984592514,1
3004,1544984592648,1
3004,1544984592718,1
3004,1544984593134,1
3004,1544984593186,1
3004,1544984593400,1
3004,1544984593514,1
3004,1544984593654,1
3004,1544984593722,1
3004,1544984594139,1
3004,1544984594193,1
3004,1544984594404,1
3004,1544984594519,1
3004,1544984594656,1
3004,1544984594724,1
3004,1544984595139,1
3004,1544984595195,1
3004,1544984595410,1
3004,1544984595522,1
3004,1544984595659,1
3004,1544984595728,1
3004,1544984596139,1
3004,1544984596194,1
3004,1544984596406,1
3004,1544984596528,1
3004,1544984596662,1
3004,1544984596733,1
3004,1544984597145,1
3004,1544984597198,1
3004,1544984597411,1
3004,1544984597531,1
3004,1544984597658,1
3004,1544984597737,1
3004,1544984598144,1
3004,1544984598199,1
3004,1544984598413,1
3004,1544984598533,1
3004,1544984598664,1
3004,1544984598743,1
3004,1544984599145,1
3004,1544984599201,1
3004,1544984599417,1
3004,1544984599538,1
3004,1544984599667,1
3004,1544984599746,1
3004,1544984600152,1
3004,1544984600211,1
3004,1544984600416,1
3004,1544984600539,1
3004,1544984600672,1
3004,1544984600753,1
3004,1544984601156,1
3004,1544984601212,1
3004,1544984601418,1
3004,1544984601543,1
3004,1544984601676,1
3004,1544984601749,1
3004,1544984602161,1
3004,1544984602212,1
3004,1544984602416,1
3004,1544984602543,1
3004,1544984602678,1
3004,1544984602757,1
3004,1544984603165,1
3004,1544984603216,1
3004,1544984603422,1
3004,1544984603544,1
3004,1544984603678,1
3004,1544984603755,1
3004,1544984604168,1
3004,1544984604221,1
3004,1544984604424,1
3004,1544984604545,1
3004,1544984604681,1
3004,1544984604754,1
3004,1544984605170,1
3004,1544984605225,1
3004,1544984605431,1
3004,1544984605549,1
3004,1544984605681,1
3004,1544984605759,1
3004,1544984606171,1
3004,1544984606229,1
3004,1544984606435,1
3004,1544984606553,1
3004,1544984606684,1
3004,1544984606764,1
3004,1544984607177,1
3004,1544984607230,1
3004,1544984607433,1
3004,1544984607556,1
3004,1544984607687,1
3004,1544984607766,1
3004,1544984608178,1
3004,1544984608234,1
3004,1544984608440,1
3004,1544984608557,1
3004,1544984608689,1
3004,1544984608769,1
3004,1544984609181,1
3004,1544984609236,1
3004,1544984609441,1
3004,1544984609560,1
3004,1544984609695,1
3004,1544984609773,1
3004,1544984610185,1
3004,1544984610237,1
3004,1544984610444,1
3004,1544984610564,1
3004,1544984610697,1
3004,1544984610772,1
3004,1544984611188,1
3004,1544984611246,1
3004,1544984611447,1
3004,1544984611567,1
3004,1544984611699,1
3004,1544984611778,1
3004,1544984612191,1
3004,1544984612249,1
3004,1544984612449,1
3004,1544984612567,1
3004,1544984612705,1
3004,1544984612777,1
3004,1544984613192,1
3004,1544984613250,1
3004,1544984613455,1
3004,1544984613570,1
3004,1544984613705,1
3004,1544984613777,1
3004,1544984614194,1
3004,1544984614255,1
3004,1544984614461,1
3004,1544984614573,1
3004,1544984614707,1
3004,1544984614777,1
3004,1544984615202,1
3004,1544984615260,1
3004,1544984615464,1
3004,1544984615575,1
3004,1544984615712,1
3004,1544984615782,1
3004,1544984616220,1
3004,1544984616263,1
3004,1544984616461,1
3004,1544984616576,1
3004,1544984616714,1
3004,1544984616787,1
3004,1544984617207,1
3004,1544984617261,1
3004,1544984617463,1
3004,1544984617579,1
3004,1544984617719,1
3004,1544984617783,1
3004,1544984618208,1
3004,1544984618269,1
3004,1544984618466,1
3004,1544984618581,1
3004,1544984618719,1
3004,1544984618785,1
3004,1544984619211,1
3004,1544984619288,1
3004,1544984619468,1
3004,1544984619585,1
3004,1544984619724,1
3004,1544984619785,1
3004,1544984620212,1
3004,1544984620269,1
3004,1544984620467,1
3004,1544984620584,1
3004,1544984620727,1
3004,1544984620788,1
3004,1544984621214,1
3004,1544984621271,1
3004,1544984621465,1
3004,1544984621590,1
3004,1544984621732,1
3004,1544984621792,1
3004,1544984622215,1
3004,1544984622274,1
3004,1544984622472,1
3004,1544984622593,1
3004,1544984622733,1
3004,1544984622792,1
3004,1544984623220,1
3004,1544984623276,1
3004,1544984623471,1
3004,1544984623592,1
3004,1544984623737,1
3004,1544984623798,1
3004,1544984624220,1
3004,1544984624278,1
3004,1544984624478,1
3004,1544984624598,1
3004,1544984624741,1
3004,1544984624798,1
3004,1544984625224,1
3004,1544984625277,1
3004,1544984625479,1
3004,1544984625600,1
3004,1544984625745,1
3004,1544984625801,1
3004,1544984626227,1
3004,1544984626277,1
3004,1544984626483,1
3004,1544984626605,1
3004,1544984626753,1
3004,1544984626806,1
3004,1544984627231,1
3004,1544984627279,1
3004,1544984627485,1
3004,1544984627609,1
3004,1544984627753,1
3004,1544984627804,1
3004,1544984628234,1
3004,1544984628277,1
3004,1544984628485,1
3004,1544984628611,1
3004,1544984628759,1
3004,1544984628807,1
3004,1544984629237,1
3004,1544984629285,1
3004,1544984629508,1
3004,1544984629614,1
3004,1544984629762,1
3004,1544984629815,1
3004,1544984630242,1
3004,1544984630284,1
3004,1544984630484,1
3004,1544984630615,1
3004,1544984630764,1
3004,1544984630820,1
3004,1544984631241,1
3004,1544984631289,1
3004,1544984631494,1
3004,1544984631614,1
3004,1544984631763,1
3004,1544984631816,1
3004,1544984632246,1
3004,1544984632290,1
3004,1544984632497,1
3004,1544984632616,1
