3006,1544984040651,1
3006,1544984040653,1
3006,1544984040653,1
3006,1544984040653,1
3006,1544984040654,1
3006,1544984040654,1
3006,1544984040654,1
3006,1544984041654,1
3006,1544984041655,1
3006,1544984041655,1
3006,1544984041656,1
3006,1544984041656,1
3006,1544984041656,1
3006,1544984041657,1
3006,1544984042659,1
3006,1544984042660,1
3006,1544984042660,1
3006,1544984042660,1
3006,1544984042660,1
3006,1544984042661,1
3006,1544984042661,1
3006,1544984043661,1
3006,1544984043662,1
3006,1544984043662,1
3006,1544984043662,1
3006,1544984043663,1
3006,1544984043663,1
3006,1544984043663,1
3006,1544984044662,1
3006,1544984044665,1
3006,1544984044666,1
3006,1544984044666,1
3006,1544984044666,1
3006,1544984044667,1
3006,1544984044667,1
3006,1544984045664,1
3006,1544984045665,1
3006,1544984045665,1
3006,1544984045665,1
3006,1544984045665,1
3006,1544984045666,1
3006,1544984045666,1
3006,1544984046667,1
3006,1544984046667,1
3006,1544984046668,1
3006,1544984046668,1
3006,1544984046668,1
3006,1544984046668,1
3006,1544984046668,1
3006,1544984047671,1
3006,1544984047671,1
3006,1544984047672,1
3006,1544984047672,1
3006,1544984047672,1
3006,1544984047672,1
3006,1544984047672,1
3006,1544984048671,1
3006,1544984048671,1
3006,1544984048671,1
3006,1544984048672,1
3006,1544984048672,1
3006,1544984048672,1
3006,1544984048672,1
3006,1544984049671,1
3006,1544984049672,1
3006,1544984049672,1
3006,1544984049673,1
3006,1544984049674,1
3006,1544984049674,1
3006,1544984049674,1
3006,1544984050675,1
3006,1544984050675,1
3006,1544984050676,1
3006,1544984050676,1
3006,1544984050676,1
3006,1544984050676,1
3006,1544984050677,1
3006,1544984051678,1
3006,1544984051678,1
3006,1544984051678,1
3006,1544984051679,1
3006,1544984051679,1
3006,1544984051679,1
3006,1544984051679,1
3006,1544984052680,1
3006,1544984052680,1
3006,1544984052681,1
3006,1544984052681,1
3006,1544984052681,1
3006,1544984052682,1
3006,1544984052682,1
3006,1544984053684,1
3006,1544984053685,1
3006,1544984053685,1
3006,1544984053685,1
3006,1544984053686,1
3006,1544984053686,1
3006,1544984053686,1
3006,1544984054685,1
3006,1544984054689,1
3006,1544984054691,1
3006,1544984054693,1
3006,1544984054695,1
3006,1544984054697,1
3006,1544984054699,1
3006,1544984055690,1
3006,1544984055691,1
3006,1544984055691,1
3006,1544984055691,1
3006,1544984055692,1
3006,1544984055692,1
3006,1544984055692,1
3006,1544984056693,1
3006,1544984056694,1
3006,1544984056694,1
3006,1544984056694,1
3006,1544984056695,1
3006,1544984056695,1
3006,1544984056695,1
3006,1544984057697,1
3006,1544984057698,1
3006,1544984057698,1
3006,1544984057698,1
3006,1544984057699,1
3006,1544984057699,1
3006,1544984057699,1
3006,1544984058701,1
3006,1544984058702,1
3006,1544984058702,1
3006,1544984058702,1
3006,1544984058702,1
3006,1544984058702,1
3006,1544984058703,1
3006,1544984059704,1
3006,1544984059705,1
3006,1544984059705,1
3006,1544984059705,1
3006,1544984059706,1
3006,1544984059706,1
3006,1544984059706,1
3006,1544984060705,1
3006,1544984060705,1
3006,1544984060705,1
3006,1544984060706,1
3006,1544984060706,1
3006,1544984060706,1
3006,1544984060706,1
3006,1544984061708,1
3006,1544984061709,1
3006,1544984061709,1
3006,1544984061710,1
3006,1544984061710,1
3006,1544984061710,1
3006,1544984061710,1
3006,1544984062708,1
3006,1544984062709,1
3006,1544984062709,1
3006,1544984062709,1
3006,1544984062709,1
3006,1544984062709,1
3006,1544984062710,1
3006,1544984063709,1
3006,1544984063710,1
3006,1544984063710,1
3006,1544984063710,1
3006,1544984063711,1
3006,1544984063711,1
3006,1544984063711,1
3006,1544984064713,1
3006,1544984064714,1
3006,1544984064715,1
3006,1544984064716,1
3006,1544984064716,1
3006,1544984064716,1
3006,1544984064717,1
3006,1544984065714,1
3006,1544984065714,1
3006,1544984065715,1
3006,1544984065715,1
3006,1544984065715,1
3006,1544984065715,1
3006,1544984065715,1
3006,1544984066715,1
3006,1544984066715,1
3006,1544984066716,1
3006,1544984066716,1
3006,1544984066716,1
3006,1544984066716,1
3006,1544984066716,1
3006,1544984067720,1
3006,1544984067721,1
3006,1544984067721,1
3006,1544984067721,1
3006,1544984067722,1
3006,1544984067722,1
3006,1544984067722,1
3006,1544984068721,1
3006,1544984068721,1
3006,1544984068721,1
3006,1544984068722,1
3006,1544984068722,1
3006,1544984068722,1
3006,1544984068723,1
3006,1544984069720,1
3006,1544984069721,1
3006,1544984069721,1
3006,1544984069721,1
3006,1544984069722,1
3006,1544984069722,1
3006,1544984069722,1
3006,1544984070723,1
3006,1544984070723,1
3006,1544984070724,1
3006,1544984070724,1
3006,1544984070724,1
3006,1544984070726,1
3006,1544984070726,1
3006,1544984071727,1
3006,1544984071728,1
3006,1544984071728,1
3006,1544984071728,1
3006,1544984071729,1
3006,1544984071730,1
3006,1544984071730,1
3006,1544984072732,1
3006,1544984072732,1
3006,1544984072732,1
3006,1544984072733,1
3006,1544984072733,1
3006,1544984072733,1
3006,1544984072733,1
3006,1544984073736,1
3006,1544984073736,1
3006,1544984073736,1
3006,1544984073736,1
3006,1544984073736,1
3006,1544984073737,1
3006,1544984073737,1
3006,1544984074736,1
3006,1544984074737,1
3006,1544984074737,1
3006,1544984074738,1
3006,1544984074738,1
3006,1544984074739,1
3006,1544984074740,1
3006,1544984075741,1
3006,1544984075742,1
3006,1544984075742,1
3006,1544984075742,1
3006,1544984075743,1
3006,1544984075743,1
3006,1544984075743,1
3006,1544984076743,1
3006,1544984076743,1
3006,1544984076743,1
3006,1544984076744,1
3006,1544984076744,1
3006,1544984076744,1
3006,1544984076745,1
3006,1544984077745,1
3006,1544984077746,1
3006,1544984077746,1
3006,1544984077746,1
3006,1544984077746,1
3006,1544984077746,1
3006,1544984077746,1
3006,1544984078747,1
3006,1544984078748,1
3006,1544984078748,1
3006,1544984078748,1
3006,1544984078749,1
3006,1544984078749,1
3006,1544984078749,1
3006,1544984079750,1
3006,1544984079751,1
3006,1544984079751,1
3006,1544984079751,1
3006,1544984079752,1
3006,1544984079752,1
3006,1544984079752,1
3006,1544984080753,1
3006,1544984080753,1
3006,1544984080754,1
3006,1544984080754,1
3006,1544984080754,1
3006,1544984080754,1
3006,1544984080754,1
3006,1544984081754,1
3006,1544984081754,1
3006,1544984081754,1
3006,1544984081755,1
3006,1544984081755,1
3006,1544984081755,1
3006,1544984081755,1
3006,1544984082756,1
3006,1544984082757,1
3006,1544984082757,1
3006,1544984082758,1
3006,1544984082758,1
3006,1544984082758,1
3006,1544984082759,1
3006,1544984083761,1
3006,1544984083762,1
3006,1544984083762,1
3006,1544984083762,1
3006,1544984083762,1
3006,1544984083763,1
3006,1544984083763,1
3006,1544984084764,1
3006,1544984084765,1
3006,1544984084765,1
3006,1544984084765,1
3006,1544984084766,1
3006,1544984084766,1
3006,1544984084766,1
3006,1544984085769,1
3006,1544984085770,1
3006,1544984085770,1
3006,1544984085771,1
3006,1544984085771,1
3006,1544984085771,1
3006,1544984085772,1
3006,1544984086773,1
3006,1544984086774,1
3006,1544984086774,1
3006,1544984086774,1
3006,1544984086775,1
3006,1544984086775,1
3006,1544984086775,1
3006,1544984087774,1
3006,1544984087775,1
3006,1544984087776,1
3006,1544984087776,1
3006,1544984087776,1
3006,1544984087776,1
3006,1544984087777,1
3006,1544984088774,1
3006,1544984088775,1
3006,1544984088775,1
3006,1544984088775,1
3006,1544984088776,1
3006,1544984088776,1
3006,1544984088776,1
3006,1544984089779,1
3006,1544984089779,1
3006,1544984089780,1
3006,1544984089780,1
3006,1544984089780,1
3006,1544984089780,1
3006,1544984089780,1
3006,1544984090779,1
3006,1544984090779,1
3006,1544984090779,1
3006,1544984090780,1
3006,1544984090780,1
3006,1544984090780,1
3006,1544984090780,1
3006,1544984091782,1
3006,1544984091783,1
3006,1544984091783,1
3006,1544984091783,1
3006,1544984091783,1
3006,1544984091784,1
3006,1544984091784,1
3006,1544984092787,1
3006,1544984092787,1
3006,1544984092787,1
3006,1544984092788,1
3006,1544984092788,1
3006,1544984092788,1
3006,1544984092788,1
3006,1544984093789,1
3006,1544984093789,1
3006,1544984093789,1
3006,1544984093789,1
3006,1544984093790,1
3006,1544984093790,1
3006,1544984093790,1
3006,1544984094789,1
3006,1544984094789,1
3006,1544984094790,1
3006,1544984094794,1
3006,1544984094794,1
3006,1544984094794,1
3006,1544984094794,1
3006,1544984095794,1
3006,1544984095794,1
3006,1544984095794,1
3006,1544984095794,1
3006,1544984095795,1
3006,1544984095795,1
3006,1544984095795,1
3006,1544984096799,1
3006,1544984096799,1
3006,1544984096800,1
3006,1544984096800,1
3006,1544984096800,1
3006,1544984096801,1
3006,1544984096801,1
3006,1544984097802,1
3006,1544984097803,1
3006,1544984097803,1
3006,1544984097803,1
3006,1544984097805,1
3006,1544984097805,1
3006,1544984097805,1
3006,1544984098802,1
3006,1544984098803,1
3006,1544984098803,1
3006,1544984098803,1
3006,1544984098804,1
3006,1544984098804,1
3006,1544984098804,1
3006,1544984099807,1
3006,1544984099808,1
3006,1544984099808,1
3006,1544984099808,1
3006,1544984099809,1
3006,1544984099809,1
3006,1544984099809,1
3006,1544984100808,1
3006,1544984100809,1
3006,1544984100809,1
3006,1544984100809,1
3006,1544984100809,1
3006,1544984100809,1
3006,1544984100810,1
3006,1544984101810,1
3006,1544984101811,1
3006,1544984101811,1
3006,1544984101811,1
3006,1544984101811,1
3006,1544984101812,1
3006,1544984101812,1
3006,1544984102811,1
3006,1544984102812,1
3006,1544984102812,1
3006,1544984102812,1
3006,1544984102812,1
3006,1544984102812,1
3006,1544984102812,1
3006,1544984103816,1
3006,1544984103816,1
3006,1544984103816,1
3006,1544984103816,1
3006,1544984103817,1
3006,1544984103817,1
3006,1544984103817,1
3006,1544984104818,1
3006,1544984104819,1
3006,1544984104819,1
3006,1544984104819,1
3006,1544984104819,1
3006,1544984104819,1
3006,1544984104819,1
3006,1544984105822,1
3006,1544984105823,1
3006,1544984105824,1
3006,1544984105824,1
3006,1544984105824,1
3006,1544984105824,1
3006,1544984105825,1
3006,1544984106823,1
3006,1544984106823,1
3006,1544984106823,1
3006,1544984106824,1
3006,1544984106824,1
3006,1544984106824,1
3006,1544984106824,1
3006,1544984107824,1
3006,1544984107824,1
3006,1544984107824,1
3006,1544984107825,1
3006,1544984107825,1
3006,1544984107825,1
3006,1544984107825,1
3006,1544984108824,1
3006,1544984108824,1
3006,1544984108824,1
3006,1544984108824,1
3006,1544984108824,1
3006,1544984108825,1
3006,1544984108825,1
3006,1544984109825,1
3006,1544984109825,1
3006,1544984109825,1
3006,1544984109825,1
3006,1544984109826,1
3006,1544984109826,1
3006,1544984109826,1
3006,1544984110828,1
3006,1544984110829,1
3006,1544984110830,1
3006,1544984110830,1
3006,1544984110830,1
3006,1544984110830,1
3006,1544984110831,1
3006,1544984111829,1
3006,1544984111830,1
3006,1544984111830,1
3006,1544984111830,1
3006,1544984111830,1
3006,1544984111830,1
3006,1544984111830,1
3006,1544984112831,1
3006,1544984112831,1
3006,1544984112831,1
3006,1544984112831,1
3006,1544984112831,1
3006,1544984112831,1
3006,1544984112832,1
3006,1544984113835,1
3006,1544984113835,1
3006,1544984113835,1
3006,1544984113836,1
3006,1544984113836,1
3006,1544984113836,1
3006,1544984113836,1
3006,1544984114840,1
3006,1544984114841,1
3006,1544984114841,1
3006,1544984114841,1
3006,1544984114842,1
3006,1544984114842,1
3006,1544984114842,1
3006,1544984115845,1
3006,1544984115845,1
3006,1544984115846,1
3006,1544984115846,1
3006,1544984115846,1
3006,1544984115846,1
3006,1544984115847,1
3006,1544984116845,1
3006,1544984116845,1
3006,1544984116845,1
3006,1544984116845,1
3006,1544984116846,1
3006,1544984116846,1
3006,1544984116846,1
3006,1544984117850,1
3006,1544984117850,1
3006,1544984117850,1
3006,1544984117851,1
3006,1544984117851,1
3006,1544984117851,1
3006,1544984117851,1
3006,1544984118852,1
3006,1544984118852,1
3006,1544984118853,1
3006,1544984118853,1
3006,1544984118853,1
3006,1544984118853,1
3006,1544984118853,1
3006,1544984119853,1
3006,1544984119853,1
3006,1544984119854,1
3006,1544984119854,1
3006,1544984119854,1
3006,1544984119854,1
3006,1544984119854,1
3006,1544984120856,1
3006,1544984120856,1
3006,1544984120857,1
3006,1544984120857,1
3006,1544984120858,1
3006,1544984120858,1
3006,1544984120858,1
3006,1544984121857,1
3006,1544984121857,1
3006,1544984121857,1
3006,1544984121858,1
3006,1544984121858,1
3006,1544984121858,1
3006,1544984121858,1
3006,1544984122857,1
3006,1544984122857,1
3006,1544984122857,1
3006,1544984122857,1
3006,1544984122857,1
3006,1544984122857,1
3006,1544984122858,1
3006,1544984123857,1
3006,1544984123857,1
3006,1544984123857,1
3006,1544984123857,1
3006,1544984123858,1
3006,1544984123858,1
3006,1544984123858,1
3006,1544984124857,1
3006,1544984124858,1
3006,1544984124858,1
3006,1544984124858,1
3006,1544984124858,1
3006,1544984124858,1
3006,1544984124859,1
3006,1544984125862,1
3006,1544984125863,1
3006,1544984125863,1
3006,1544984125864,1
3006,1544984125864,1
3006,1544984125864,1
3006,1544984125865,1
3006,1544984126867,1
3006,1544984126868,1
3006,1544984126868,1
3006,1544984126868,1
3006,1544984126868,1
3006,1544984126868,1
3006,1544984126868,1
3006,1544984127867,1
3006,1544984127868,1
3006,1544984127868,1
3006,1544984127868,1
3006,1544984127868,1
3006,1544984127868,1
3006,1544984127868,1
3006,1544984128869,1
3006,1544984128870,1
3006,1544984128870,1
3006,1544984128870,1
3006,1544984128870,1
3006,1544984128870,1
3006,1544984128871,1
3006,1544984129872,1
3006,1544984129872,1
3006,1544984129873,1
3006,1544984129873,1
3006,1544984129873,1
3006,1544984129873,1
3006,1544984129873,1
3006,1544984130873,1
3006,1544984130874,1
3006,1544984130874,1
3006,1544984130874,1
3006,1544984130874,1
3006,1544984130875,1
3006,1544984130875,1
3006,1544984131877,1
3006,1544984131877,1
3006,1544984131878,1
3006,1544984131878,1
3006,1544984131881,1
3006,1544984131881,1
3006,1544984131881,1
3006,1544984132880,1
3006,1544984132881,1
3006,1544984132881,1
3006,1544984132881,1
3006,1544984132881,1
3006,1544984132882,1
3006,1544984132882,1
3006,1544984133884,1
3006,1544984133885,1
3006,1544984133885,1
3006,1544984133885,1
3006,1544984133885,1
3006,1544984133885,1
3006,1544984133885,1
3006,1544984134887,1
3006,1544984134887,1
3006,1544984134888,1
3006,1544984134888,1
3006,1544984134888,1
3006,1544984134888,1
3006,1544984134888,1
3006,1544984135891,1
3006,1544984135891,1
3006,1544984135891,1
3006,1544984135891,1
3006,1544984135891,1
3006,1544984135892,1
3006,1544984135893,1
3006,1544984136891,1
3006,1544984136892,1
3006,1544984136892,1
3006,1544984136892,1
3006,1544984136892,1
3006,1544984136893,1
3006,1544984136893,1
3006,1544984137897,1
3006,1544984137897,1
3006,1544984137897,1
3006,1544984137898,1
3006,1544984137898,1
3006,1544984137898,1
3006,1544984137898,1
3006,1544984138900,1
3006,1544984138901,1
3006,1544984138901,1
3006,1544984138901,1
3006,1544984138901,1
3006,1544984138901,1
3006,1544984138901,1
3006,1544984139901,1
3006,1544984139901,1
3006,1544984139901,1
3006,1544984139901,1
3006,1544984139902,1
3006,1544984139902,1
3006,1544984139902,1
3006,1544984140901,1
3006,1544984140901,1
3006,1544984140901,1
3006,1544984140901,1
3006,1544984140901,1
3006,1544984140901,1
3006,1544984140902,1
3006,1544984141902,1
3006,1544984141903,1
3006,1544984141903,1
3006,1544984141903,1
3006,1544984141903,1
3006,1544984141903,1
3006,1544984141903,1
3006,1544984142905,1
3006,1544984142905,1
3006,1544984142905,1
3006,1544984142906,1
3006,1544984142906,1
3006,1544984142906,1
3006,1544984142906,1
3006,1544984143906,1
3006,1544984143907,1
3006,1544984143907,1
3006,1544984143907,1
3006,1544984143907,1
3006,1544984143907,1
3006,1544984143908,1
3006,1544984144911,1
3006,1544984144911,1
3006,1544984144912,1
3006,1544984144912,1
3006,1544984144912,1
3006,1544984144913,1
3006,1544984144913,1
3006,1544984145916,1
3006,1544984145916,1
3006,1544984145917,1
3006,1544984145917,1
3006,1544984145917,1
3006,1544984145917,1
3006,1544984145918,1
3006,1544984146919,1
3006,1544984146919,1
3006,1544984146920,1
3006,1544984146920,1
3006,1544984146920,1
3006,1544984146921,1
3006,1544984146921,1
3006,1544984147923,1
3006,1544984147924,1
3006,1544984147924,1
3006,1544984147924,1
3006,1544984147924,1
3006,1544984147925,1
3006,1544984147925,1
3006,1544984148923,1
3006,1544984148924,1
3006,1544984148924,1
3006,1544984148924,1
3006,1544984148924,1
3006,1544984148925,1
3006,1544984148925,1
3006,1544984149929,1
3006,1544984149929,1
3006,1544984149929,1
3006,1544984149929,1
3006,1544984149929,1
3006,1544984149929,1
3006,1544984149930,1
3006,1544984150929,1
3006,1544984150930,1
3006,1544984150930,1
3006,1544984150930,1
3006,1544984150930,1
3006,1544984150930,1
3006,1544984150931,1
3006,1544984151932,1
3006,1544984151932,1
3006,1544984151933,1
3006,1544984151933,1
3006,1544984151933,1
3006,1544984151933,1
3006,1544984151934,1
3006,1544984152936,1
3006,1544984152936,1
3006,1544984152936,1
3006,1544984152936,1
3006,1544984152937,1
3006,1544984152937,1
3006,1544984152937,1
3006,1544984153935,1
3006,1544984153936,1
3006,1544984153936,1
3006,1544984153936,1
3006,1544984153936,1
3006,1544984153936,1
3006,1544984153936,1
3006,1544984154940,1
3006,1544984154941,1
3006,1544984154941,1
3006,1544984154941,1
3006,1544984154941,1
3006,1544984154941,1
3006,1544984154942,1
3006,1544984155942,1
3006,1544984155943,1
3006,1544984155943,1
3006,1544984155943,1
3006,1544984155943,1
3006,1544984155944,1
3006,1544984155944,1
3006,1544984156945,1
3006,1544984156945,1
3006,1544984156945,1
3006,1544984156946,1
3006,1544984156946,1
3006,1544984156946,1
3006,1544984156946,1
3006,1544984157950,1
3006,1544984157950,1
3006,1544984157950,1
3006,1544984157950,1
3006,1544984157950,1
3006,1544984157951,1
3006,1544984157951,1
3006,1544984158950,1
3006,1544984158950,1
3006,1544984158950,1
3006,1544984158950,1
3006,1544984158951,1
3006,1544984158951,1
3006,1544984158951,1
3006,1544984159955,1
3006,1544984159956,1
3006,1544984159956,1
3006,1544984159956,1
3006,1544984159957,1
3006,1544984159957,1
3006,1544984159957,1
3006,1544984160958,1
3006,1544984160958,1
3006,1544984160959,1
3006,1544984160959,1
3006,1544984160959,1
3006,1544984160959,1
3006,1544984160959,1
3006,1544984161962,1
3006,1544984161962,1
3006,1544984161963,1
3006,1544984161963,1
3006,1544984161963,1
3006,1544984161963,1
3006,1544984161963,1
3006,1544984162966,1
3006,1544984162967,1
3006,1544984162967,1
3006,1544984162967,1
3006,1544984162967,1
3006,1544984162967,1
3006,1544984162968,1
3006,1544984163966,1
3006,1544984163966,1
3006,1544984163967,1
3006,1544984163967,1
3006,1544984163967,1
3006,1544984163967,1
3006,1544984163967,1
3006,1544984164970,1
3006,1544984164970,1
3006,1544984164970,1
3006,1544984164970,1
3006,1544984164970,1
3006,1544984164971,1
3006,1544984164971,1
3006,1544984165973,1
3006,1544984165974,1
3006,1544984165974,1
3006,1544984165974,1
3006,1544984165974,1
3006,1544984165974,1
3006,1544984165975,1
3006,1544984166975,1
3006,1544984166976,1
3006,1544984166976,1
3006,1544984166976,1
3006,1544984166976,1
3006,1544984166976,1
3006,1544984166976,1
3006,1544984167976,1
3006,1544984167976,1
3006,1544984167976,1
3006,1544984167977,1
3006,1544984167977,1
3006,1544984167977,1
3006,1544984167977,1
3006,1544984168980,1
3006,1544984168980,1
3006,1544984168980,1
3006,1544984168980,1
3006,1544984168981,1
3006,1544984168981,1
3006,1544984168981,1
3006,1544984169980,1
3006,1544984169982,1
3006,1544984169982,1
3006,1544984169982,1
3006,1544984169982,1
3006,1544984169982,1
3006,1544984169982,1
3006,1544984170980,1
3006,1544984170981,1
3006,1544984170981,1
3006,1544984170981,1
3006,1544984170981,1
3006,1544984170982,1
3006,1544984170982,1
3006,1544984171982,1
3006,1544984171982,1
3006,1544984171983,1
3006,1544984171983,1
3006,1544984171983,1
3006,1544984171983,1
3006,1544984171984,1
3006,1544984172986,1
3006,1544984172986,1
3006,1544984172986,1
3006,1544984172987,1
3006,1544984172987,1
3006,1544984172987,1
3006,1544984172987,1
3006,1544984173988,1
3006,1544984173988,1
3006,1544984173988,1
3006,1544984173989,1
3006,1544984173989,1
3006,1544984173989,1
3006,1544984173989,1
3006,1544984174994,1
3006,1544984174994,1
3006,1544984174994,1
3006,1544984174994,1
3006,1544984174995,1
3006,1544984174995,1
3006,1544984174995,1
3006,1544984175999,1
3006,1544984175999,1
3006,1544984176000,1
3006,1544984176000,1
3006,1544984176000,1
3006,1544984176000,1
3006,1544984176000,1
3006,1544984177000,1
3006,1544984177001,1
3006,1544984177001,1
3006,1544984177001,1
3006,1544984177001,1
3006,1544984177001,1
3006,1544984177001,1
3006,1544984178000,1
3006,1544984178001,1
3006,1544984178001,1
3006,1544984178002,1
3006,1544984178002,1
3006,1544984178002,1
3006,1544984178002,1
3006,1544984179005,1
3006,1544984179005,1
3006,1544984179005,1
3006,1544984179005,1
3006,1544984179006,1
3006,1544984179006,1
3006,1544984179006,1
3006,1544984180005,1
3006,1544984180005,1
3006,1544984180006,1
3006,1544984180006,1
3006,1544984180006,1
3006,1544984180007,1
3006,1544984180007,1
3006,1544984181007,1
3006,1544984181007,1
3006,1544984181007,1
3006,1544984181007,1
3006,1544984181007,1
3006,1544984181007,1
3006,1544984181008,1
3006,1544984182007,1
3006,1544984182008,1
3006,1544984182008,1
3006,1544984182009,1
3006,1544984182009,1
3006,1544984182009,1
3006,1544984182009,1
3006,1544984183008,1
3006,1544984183008,1
3006,1544984183009,1
3006,1544984183009,1
3006,1544984183009,1
3006,1544984183009,1
3006,1544984183009,1
3006,1544984184009,1
3006,1544984184010,1
3006,1544984184010,1
3006,1544984184010,1
3006,1544984184010,1
3006,1544984184010,1
3006,1544984184010,1
3006,1544984185009,1
3006,1544984185009,1
3006,1544984185010,1
3006,1544984185010,1
3006,1544984185010,1
3006,1544984185010,1
3006,1544984185010,1
3006,1544984186011,1
3006,1544984186011,1
3006,1544984186012,1
3006,1544984186012,1
3006,1544984186012,1
3006,1544984186012,1
3006,1544984186012,1
3006,1544984187011,1
3006,1544984187012,1
3006,1544984187012,1
3006,1544984187012,1
3006,1544984187012,1
3006,1544984187012,1
3006,1544984187012,1
3006,1544984188012,1
3006,1544984188012,1
3006,1544984188012,1
3006,1544984188012,1
3006,1544984188012,1
3006,1544984188013,1
3006,1544984188013,1
3006,1544984189014,1
3006,1544984189014,1
3006,1544984189014,1
3006,1544984189014,1
3006,1544984189014,1
3006,1544984189016,1
3006,1544984189016,1
3006,1544984190015,1
3006,1544984190015,1
3006,1544984190015,1
3006,1544984190015,1
3006,1544984190015,1
3006,1544984190015,1
3006,1544984190015,1
3006,1544984191017,1
3006,1544984191018,1
3006,1544984191018,1
3006,1544984191018,1
3006,1544984191018,1
3006,1544984191018,1
3006,1544984191018,1
3006,1544984192019,1
3006,1544984192020,1
3006,1544984192020,1
3006,1544984192020,1
3006,1544984192020,1
3006,1544984192020,1
3006,1544984192020,1
3006,1544984193023,1
3006,1544984193023,1
3006,1544984193023,1
3006,1544984193023,1
3006,1544984193024,1
3006,1544984193024,1
3006,1544984193024,1
3006,1544984194024,1
3006,1544984194024,1
3006,1544984194025,1
3006,1544984194025,1
3006,1544984194025,1
3006,1544984194025,1
3006,1544984194026,1
3006,1544984195026,1
3006,1544984195027,1
3006,1544984195027,1
3006,1544984195027,1
3006,1544984195028,1
3006,1544984195028,1
3006,1544984195028,1
3006,1544984196026,1
3006,1544984196027,1
3006,1544984196027,1
3006,1544984196027,1
3006,1544984196027,1
3006,1544984196027,1
3006,1544984196028,1
3006,1544984197032,1
3006,1544984197032,1
3006,1544984197032,1
3006,1544984197032,1
3006,1544984197033,1
3006,1544984197033,1
3006,1544984197033,1
3006,1544984198035,1
3006,1544984198036,1
3006,1544984198036,1
3006,1544984198036,1
3006,1544984198036,1
3006,1544984198036,1
3006,1544984198036,1
3006,1544984199036,1
3006,1544984199036,1
3006,1544984199036,1
3006,1544984199037,1
3006,1544984199037,1
3006,1544984199037,1
3006,1544984199037,1
3006,1544984200039,1
3006,1544984200040,1
3006,1544984200040,1
3006,1544984200040,1
3006,1544984200040,1
3006,1544984200041,1
3006,1544984200041,1
3006,1544984201040,1
3006,1544984201040,1
3006,1544984201040,1
3006,1544984201040,1
3006,1544984201041,1
3006,1544984201041,1
3006,1544984201041,1
3006,1544984202043,1
3006,1544984202044,1
3006,1544984202044,1
3006,1544984202044,1
3006,1544984202044,1
3006,1544984202044,1
3006,1544984202044,1
3006,1544984203048,1
3006,1544984203048,1
3006,1544984203048,1
3006,1544984203049,1
3006,1544984203049,1
3006,1544984203049,1
3006,1544984203049,1
3006,1544984204048,1
3006,1544984204048,1
3006,1544984204049,1
3006,1544984204049,1
3006,1544984204049,1
3006,1544984204049,1
3006,1544984204049,1
3006,1544984205050,1
3006,1544984205051,1
3006,1544984205051,1
3006,1544984205051,1
3006,1544984205051,1
3006,1544984205051,1
3006,1544984205051,1
3006,1544984206053,1
3006,1544984206053,1
3006,1544984206053,1
3006,1544984206054,1
3006,1544984206054,1
3006,1544984206054,1
3006,1544984206054,1
3006,1544984207056,1
3006,1544984207057,1
3006,1544984207057,1
3006,1544984207057,1
3006,1544984207057,1
3006,1544984207057,1
3006,1544984207058,1
3006,1544984208058,1
3006,1544984208058,1
3006,1544984208058,1
3006,1544984208058,1
3006,1544984208058,1
3006,1544984208059,1
3006,1544984208059,1
3006,1544984209059,1
3006,1544984209060,1
3006,1544984209060,1
3006,1544984209060,1
3006,1544984209060,1
3006,1544984209060,1
3006,1544984209060,1
3006,1544984210064,1
3006,1544984210064,1
3006,1544984210064,1
3006,1544984210064,1
3006,1544984210065,1
3006,1544984210065,1
3006,1544984210065,1
3006,1544984211065,1
3006,1544984211065,1
3006,1544984211065,1
3006,1544984211065,1
3006,1544984211065,1
3006,1544984211066,1
3006,1544984211066,1
3006,1544984212068,1
3006,1544984212068,1
3006,1544984212068,1
3006,1544984212068,1
3006,1544984212069,1
3006,1544984212069,1
3006,1544984212069,1
3006,1544984213072,1
3006,1544984213073,1
3006,1544984213073,1
3006,1544984213073,1
3006,1544984213073,1
3006,1544984213073,1
3006,1544984213073,1
3006,1544984214073,1
3006,1544984214073,1
3006,1544984214073,1
3006,1544984214073,1
3006,1544984214074,1
3006,1544984214074,1
3006,1544984214074,1
3006,1544984215076,1
3006,1544984215077,1
3006,1544984215077,1
3006,1544984215077,1
3006,1544984215077,1
3006,1544984215077,1
3006,1544984215077,1
3006,1544984216081,1
3006,1544984216081,1
3006,1544984216082,1
3006,1544984216082,1
3006,1544984216082,1
3006,1544984216082,1
3006,1544984216082,1
3006,1544984217081,1
3006,1544984217083,1
3006,1544984217084,1
3006,1544984217084,1
3006,1544984217084,1
3006,1544984217084,1
3006,1544984217084,1
3006,1544984218087,1
3006,1544984218087,1
3006,1544984218087,1
3006,1544984218088,1
3006,1544984218088,1
3006,1544984218088,1
3006,1544984218088,1
3006,1544984219089,1
3006,1544984219090,1
3006,1544984219091,1
3006,1544984219091,1
3006,1544984219091,1
3006,1544984219091,1
3006,1544984219091,1
3006,1544984220092,1
3006,1544984220092,1
3006,1544984220092,1
3006,1544984220093,1
3006,1544984220093,1
3006,1544984220093,1
3006,1544984220093,1
3006,1544984221097,1
3006,1544984221097,1
3006,1544984221097,1
3006,1544984221097,1
3006,1544984221097,1
3006,1544984221097,1
3006,1544984221097,1
3006,1544984222097,1
3006,1544984222097,1
3006,1544984222097,1
3006,1544984222097,1
3006,1544984222097,1
3006,1544984222098,1
3006,1544984222098,1
3006,1544984223098,1
3006,1544984223099,1
3006,1544984223099,1
3006,1544984223099,1
3006,1544984223099,1
3006,1544984223099,1
3006,1544984223099,1
3006,1544984224101,1
3006,1544984224102,1
3006,1544984224102,1
3006,1544984224102,1
3006,1544984224102,1
3006,1544984224102,1
3006,1544984224102,1
3006,1544984225101,1
3006,1544984225102,1
3006,1544984225102,1
3006,1544984225102,1
3006,1544984225102,1
3006,1544984225102,1
3006,1544984225102,1
3006,1544984226105,1
3006,1544984226105,1
3006,1544984226105,1
3006,1544984226106,1
3006,1544984226106,1
3006,1544984226106,1
3006,1544984226106,1
3006,1544984227108,1
3006,1544984227109,1
3006,1544984227109,1
3006,1544984227109,1
3006,1544984227109,1
3006,1544984227109,1
3006,1544984227110,1
3006,1544984228113,1
3006,1544984228113,1
3006,1544984228113,1
3006,1544984228113,1
3006,1544984228114,1
3006,1544984228114,1
3006,1544984228114,1
3006,1544984229117,1
3006,1544984229117,1
3006,1544984229117,1
3006,1544984229117,1
3006,1544984229117,1
3006,1544984229118,1
3006,1544984229118,1
3006,1544984230120,1
3006,1544984230120,1
3006,1544984230121,1
3006,1544984230121,1
3006,1544984230121,1
3006,1544984230121,1
3006,1544984230121,1
3006,1544984231120,1
3006,1544984231120,1
3006,1544984231120,1
3006,1544984231121,1
3006,1544984231121,1
3006,1544984231122,1
3006,1544984231122,1
3006,1544984232120,1
3006,1544984232121,1
3006,1544984232121,1
3006,1544984232121,1
3006,1544984232121,1
3006,1544984232121,1
3006,1544984232121,1
3006,1544984233122,1
3006,1544984233122,1
3006,1544984233122,1
3006,1544984233122,1
3006,1544984233123,1
3006,1544984233123,1
3006,1544984233123,1
3006,1544984234124,1
3006,1544984234124,1
3006,1544984234124,1
3006,1544984234124,1
3006,1544984234125,1
3006,1544984234125,1
3006,1544984234125,1
3006,1544984235124,1
3006,1544984235125,1
3006,1544984235125,1
3006,1544984235125,1
3006,1544984235125,1
3006,1544984235125,1
3006,1544984235125,1
3006,1544984236124,1
3006,1544984236124,1
3006,1544984236124,1
3006,1544984236125,1
3006,1544984236125,1
3006,1544984236125,1
3006,1544984236125,1
3006,1544984237127,1
3006,1544984237128,1
3006,1544984237128,1
3006,1544984237128,1
3006,1544984237128,1
3006,1544984237128,1
3006,1544984237129,1
3006,1544984238132,1
3006,1544984238132,1
3006,1544984238132,1
3006,1544984238132,1
3006,1544984238133,1
3006,1544984238133,1
3006,1544984238133,1
3006,1544984239136,1
3006,1544984239136,1
3006,1544984239136,1
3006,1544984239136,1
3006,1544984239136,1
3006,1544984239136,1
3006,1544984239136,1
3006,1544984240136,1
3006,1544984240137,1
3006,1544984240137,1
3006,1544984240137,1
3006,1544984240137,1
3006,1544984240137,1
3006,1544984240137,1
3006,1544984241139,1
3006,1544984241139,1
3006,1544984241139,1
3006,1544984241139,1
3006,1544984241139,1
3006,1544984241139,1
3006,1544984241139,1
3006,1544984242143,1
3006,1544984242143,1
3006,1544984242143,1
3006,1544984242143,1
3006,1544984242143,1
3006,1544984242143,1
3006,1544984242143,1
3006,1544984243146,1
3006,1544984243146,1
3006,1544984243146,1
3006,1544984243147,1
3006,1544984243147,1
3006,1544984243147,1
3006,1544984243147,1
3006,1544984244147,1
3006,1544984244148,1
3006,1544984244148,1
3006,1544984244148,1
3006,1544984244148,1
3006,1544984244148,1
3006,1544984244148,1
3006,1544984245149,1
3006,1544984245150,1
3006,1544984245150,1
3006,1544984245150,1
3006,1544984245151,1
3006,1544984245151,1
3006,1544984245151,1
3006,1544984246154,1
3006,1544984246154,1
3006,1544984246154,1
3006,1544984246154,1
3006,1544984246154,1
3006,1544984246154,1
3006,1544984246154,1
3006,1544984247158,1
3006,1544984247158,1
3006,1544984247158,1
3006,1544984247159,1
3006,1544984247159,1
3006,1544984247159,1
3006,1544984247159,1
3006,1544984248162,1
3006,1544984248162,1
3006,1544984248162,1
3006,1544984248162,1
3006,1544984248163,1
3006,1544984248163,1
3006,1544984248163,1
3006,1544984249166,1
3006,1544984249167,1
3006,1544984249167,1
3006,1544984249167,1
3006,1544984249167,1
3006,1544984249167,1
3006,1544984249168,1
3006,1544984250167,1
3006,1544984250167,1
3006,1544984250167,1
3006,1544984250167,1
3006,1544984250167,1
3006,1544984250167,1
3006,1544984250168,1
3006,1544984251170,1
3006,1544984251170,1
3006,1544984251171,1
3006,1544984251171,1
3006,1544984251171,1
3006,1544984251174,1
3006,1544984251174,1
3006,1544984252171,1
3006,1544984252171,1
3006,1544984252172,1
3006,1544984252172,1
3006,1544984252172,1
3006,1544984252172,1
3006,1544984252172,1
3006,1544984253172,1
3006,1544984253172,1
3006,1544984253172,1
3006,1544984253172,1
3006,1544984253173,1
3006,1544984253173,1
3006,1544984253173,1
3006,1544984254172,1
3006,1544984254172,1
3006,1544984254173,1
3006,1544984254173,1
3006,1544984254173,1
3006,1544984254173,1
3006,1544984254173,1
3006,1544984255172,1
3006,1544984255172,1
3006,1544984255172,1
3006,1544984255172,1
3006,1544984255172,1
3006,1544984255172,1
3006,1544984255173,1
3006,1544984256175,1
3006,1544984256175,1
3006,1544984256175,1
3006,1544984256175,1
3006,1544984256175,1
3006,1544984256175,1
3006,1544984256175,1
3006,1544984257177,1
3006,1544984257177,1
3006,1544984257177,1
3006,1544984257177,1
3006,1544984257177,1
3006,1544984257178,1
3006,1544984257178,1
3006,1544984258181,1
3006,1544984258181,1
3006,1544984258181,1
3006,1544984258182,1
3006,1544984258182,1
3006,1544984258182,1
3006,1544984258182,1
3006,1544984259185,1
3006,1544984259185,1
3006,1544984259186,1
3006,1544984259186,1
3006,1544984259186,1
3006,1544984259186,1
3006,1544984259187,1
3006,1544984260189,1
3006,1544984260189,1
3006,1544984260189,1
3006,1544984260190,1
3006,1544984260190,1
3006,1544984260190,1
3006,1544984260190,1
3006,1544984261192,1
3006,1544984261193,1
3006,1544984261193,1
3006,1544984261193,1
3006,1544984261193,1
3006,1544984261193,1
3006,1544984261193,1
3006,1544984262197,1
3006,1544984262197,1
3006,1544984262197,1
3006,1544984262198,1
3006,1544984262198,1
3006,1544984262198,1
3006,1544984262198,1
3006,1544984263197,1
3006,1544984263197,1
3006,1544984263197,1
3006,1544984263198,1
3006,1544984263198,1
3006,1544984263198,1
3006,1544984263198,1
3006,1544984264201,1
3006,1544984264201,1
3006,1544984264201,1
3006,1544984264201,1
3006,1544984264201,1
3006,1544984264202,1
3006,1544984264202,1
3006,1544984265204,1
3006,1544984265204,1
3006,1544984265204,1
3006,1544984265204,1
3006,1544984265204,1
3006,1544984265204,1
3006,1544984265204,1
3006,1544984266205,1
3006,1544984266205,1
3006,1544984266206,1
3006,1544984266206,1
3006,1544984266206,1
3006,1544984266206,1
3006,1544984266207,1
3006,1544984267210,1
3006,1544984267211,1
3006,1544984267211,1
3006,1544984267211,1
3006,1544984267211,1
3006,1544984267211,1
3006,1544984267211,1
3006,1544984268215,1
3006,1544984268216,1
3006,1544984268216,1
3006,1544984268216,1
3006,1544984268216,1
3006,1544984268216,1
3006,1544984268216,1
3006,1544984269216,1
3006,1544984269216,1
3006,1544984269216,1
3006,1544984269216,1
3006,1544984269216,1
3006,1544984269217,1
3006,1544984269217,1
3006,1544984270216,1
3006,1544984270216,1
3006,1544984270217,1
3006,1544984270217,1
3006,1544984270217,1
3006,1544984270217,1
3006,1544984270217,1
3006,1544984271221,1
3006,1544984271221,1
3006,1544984271222,1
3006,1544984271222,1
3006,1544984271222,1
3006,1544984271222,1
3006,1544984271222,1
3006,1544984272226,1
3006,1544984272227,1
3006,1544984272227,1
3006,1544984272227,1
3006,1544984272227,1
3006,1544984272227,1
3006,1544984272227,1
3006,1544984273229,1
3006,1544984273230,1
3006,1544984273230,1
3006,1544984273231,1
3006,1544984273231,1
3006,1544984273231,1
3006,1544984273231,1
3006,1544984274231,1
3006,1544984274231,1
3006,1544984274232,1
3006,1544984274232,1
3006,1544984274232,1
3006,1544984274232,1
3006,1544984274232,1
3006,1544984275234,1
3006,1544984275234,1
3006,1544984275234,1
3006,1544984275235,1
3006,1544984275235,1
3006,1544984275235,1
3006,1544984275235,1
3006,1544984276237,1
3006,1544984276237,1
3006,1544984276237,1
3006,1544984276237,1
3006,1544984276237,1
3006,1544984276238,1
3006,1544984276238,1
3006,1544984277238,1
3006,1544984277238,1
3006,1544984277238,1
3006,1544984277238,1
3006,1544984277239,1
3006,1544984277239,1
3006,1544984277239,1
3006,1544984278243,1
3006,1544984278244,1
3006,1544984278244,1
3006,1544984278244,1
3006,1544984278244,1
3006,1544984278244,1
3006,1544984278244,1
3006,1544984279244,1
3006,1544984279245,1
3006,1544984279245,1
3006,1544984279245,1
3006,1544984279245,1
3006,1544984279245,1
3006,1544984279246,1
3006,1544984280245,1
3006,1544984280245,1
3006,1544984280246,1
3006,1544984280247,1
3006,1544984280247,1
3006,1544984280247,1
3006,1544984280247,1
3006,1544984281248,1
3006,1544984281248,1
3006,1544984281248,1
3006,1544984281248,1
3006,1544984281248,1
3006,1544984281249,1
3006,1544984281249,1
3006,1544984282250,1
3006,1544984282251,1
3006,1544984282251,1
3006,1544984282251,1
3006,1544984282251,1
3006,1544984282251,1
3006,1544984282251,1
3006,1544984283252,1
3006,1544984283252,1
3006,1544984283252,1
3006,1544984283252,1
3006,1544984283253,1
3006,1544984283253,1
3006,1544984283253,1
3006,1544984284256,1
3006,1544984284257,1
3006,1544984284257,1
3006,1544984284257,1
3006,1544984284257,1
3006,1544984284257,1
3006,1544984284258,1
3006,1544984285260,1
3006,1544984285261,1
3006,1544984285261,1
3006,1544984285261,1
3006,1544984285261,1
3006,1544984285261,1
3006,1544984285261,1
3006,1544984286260,1
3006,1544984286261,1
3006,1544984286261,1
3006,1544984286261,1
3006,1544984286261,1
3006,1544984286261,1
3006,1544984286261,1
3006,1544984287263,1
3006,1544984287264,1
3006,1544984287264,1
3006,1544984287265,1
3006,1544984287265,1
3006,1544984287265,1
3006,1544984287265,1
3006,1544984288267,1
3006,1544984288267,1
3006,1544984288268,1
3006,1544984288268,1
3006,1544984288268,1
3006,1544984288268,1
3006,1544984288268,1
3006,1544984289269,1
3006,1544984289269,1
3006,1544984289269,1
3006,1544984289269,1
3006,1544984289269,1
3006,1544984289270,1
3006,1544984289270,1
3006,1544984290273,1
3006,1544984290273,1
3006,1544984290273,1
3006,1544984290274,1
3006,1544984290274,1
3006,1544984290274,1
3006,1544984290274,1
3006,1544984291274,1
3006,1544984291274,1
3006,1544984291275,1
3006,1544984291275,1
3006,1544984291275,1
3006,1544984291275,1
3006,1544984291276,1
3006,1544984292274,1
3006,1544984292275,1
3006,1544984292275,1
3006,1544984292275,1
3006,1544984292275,1
3006,1544984292275,1
3006,1544984292275,1
3006,1544984293274,1
3006,1544984293275,1
3006,1544984293275,1
3006,1544984293275,1
3006,1544984293275,1
3006,1544984293275,1
3006,1544984293275,1
3006,1544984294277,1
3006,1544984294278,1
3006,1544984294278,1
3006,1544984294278,1
3006,1544984294279,1
3006,1544984294279,1
3006,1544984294279,1
3006,1544984295280,1
3006,1544984295281,1
3006,1544984295281,1
3006,1544984295281,1
3006,1544984295281,1
3006,1544984295281,1
3006,1544984295281,1
3006,1544984296283,1
3006,1544984296284,1
3006,1544984296284,1
3006,1544984296284,1
3006,1544984296284,1
3006,1544984296284,1
3006,1544984296284,1
3006,1544984297287,1
3006,1544984297288,1
3006,1544984297288,1
3006,1544984297288,1
3006,1544984297288,1
3006,1544984297288,1
3006,1544984297288,1
3006,1544984298292,1
3006,1544984298292,1
3006,1544984298292,1
3006,1544984298292,1
3006,1544984298292,1
3006,1544984298292,1
3006,1544984298293,1
3006,1544984299296,1
3006,1544984299296,1
3006,1544984299297,1
3006,1544984299297,1
3006,1544984299297,1
3006,1544984299297,1
3006,1544984299298,1
3006,1544984300300,1
3006,1544984300301,1
3006,1544984300301,1
3006,1544984300301,1
3006,1544984300301,1
3006,1544984300301,1
3006,1544984300301,1
3006,1544984301304,1
3006,1544984301305,1
3006,1544984301305,1
3006,1544984301305,1
3006,1544984301305,1
3006,1544984301305,1
3006,1544984301305,1
3006,1544984302305,1
3006,1544984302305,1
3006,1544984302305,1
3006,1544984302305,1
3006,1544984302305,1
3006,1544984302306,1
3006,1544984302306,1
3006,1544984303310,1
3006,1544984303310,1
3006,1544984303310,1
3006,1544984303311,1
3006,1544984303311,1
3006,1544984303311,1
3006,1544984303311,1
3006,1544984304314,1
3006,1544984304314,1
3006,1544984304314,1
3006,1544984304314,1
3006,1544984304314,1
3006,1544984304315,1
3006,1544984304315,1
3006,1544984305316,1
3006,1544984305316,1
3006,1544984305317,1
3006,1544984305317,1
3006,1544984305317,1
3006,1544984305317,1
3006,1544984305317,1
3006,1544984306320,1
3006,1544984306320,1
3006,1544984306320,1
3006,1544984306320,1
3006,1544984306320,1
3006,1544984306321,1
3006,1544984306321,1
3006,1544984307320,1
3006,1544984307321,1
3006,1544984307321,1
3006,1544984307321,1
3006,1544984307321,1
3006,1544984307322,1
3006,1544984307322,1
3006,1544984308324,1
3006,1544984308324,1
3006,1544984308324,1
3006,1544984308324,1
3006,1544984308325,1
3006,1544984308325,1
3006,1544984308325,1
3006,1544984309328,1
3006,1544984309329,1
3006,1544984309329,1
3006,1544984309329,1
3006,1544984309329,1
3006,1544984309329,1
3006,1544984309330,1
3006,1544984310330,1
3006,1544984310330,1
3006,1544984310331,1
3006,1544984310331,1
3006,1544984310331,1
3006,1544984310331,1
3006,1544984310332,1
3006,1544984311332,1
3006,1544984311332,1
3006,1544984311333,1
3006,1544984311333,1
3006,1544984311333,1
3006,1544984311333,1
3006,1544984311333,1
3006,1544984312337,1
3006,1544984312337,1
3006,1544984312338,1
3006,1544984312338,1
3006,1544984312338,1
3006,1544984312338,1
3006,1544984312338,1
3006,1544984313343,1
3006,1544984313343,1
3006,1544984313343,1
3006,1544984313343,1
3006,1544984313344,1
3006,1544984313344,1
3006,1544984313344,1
3006,1544984314343,1
3006,1544984314343,1
3006,1544984314343,1
3006,1544984314344,1
3006,1544984314344,1
3006,1544984314344,1
3006,1544984314344,1
3006,1544984315347,1
3006,1544984315347,1
3006,1544984315347,1
3006,1544984315347,1
3006,1544984315348,1
3006,1544984315348,1
3006,1544984315348,1
3006,1544984316350,1
3006,1544984316351,1
3006,1544984316351,1
3006,1544984316351,1
3006,1544984316351,1
3006,1544984316351,1
3006,1544984316352,1
3006,1544984317352,1
3006,1544984317352,1
3006,1544984317353,1
3006,1544984317353,1
3006,1544984317353,1
3006,1544984317353,1
3006,1544984317353,1
3006,1544984318355,1
3006,1544984318355,1
3006,1544984318356,1
3006,1544984318356,1
3006,1544984318356,1
3006,1544984318356,1
3006,1544984318356,1
3006,1544984319358,1
3006,1544984319359,1
3006,1544984319359,1
3006,1544984319359,1
3006,1544984319359,1
3006,1544984319359,1
3006,1544984319359,1
3006,1544984320363,1
3006,1544984320363,1
3006,1544984320363,1
3006,1544984320363,1
3006,1544984320364,1
3006,1544984320364,1
3006,1544984320364,1
3006,1544984321366,1
3006,1544984321366,1
3006,1544984321366,1
3006,1544984321366,1
3006,1544984321366,1
3006,1544984321367,1
3006,1544984321367,1
3006,1544984322368,1
3006,1544984322369,1
3006,1544984322369,1
3006,1544984322369,1
3006,1544984322369,1
3006,1544984322369,1
3006,1544984322370,1
3006,1544984323368,1
3006,1544984323369,1
3006,1544984323369,1
3006,1544984323369,1
3006,1544984323369,1
3006,1544984323369,1
3006,1544984323369,1
3006,1544984324372,1
3006,1544984324373,1
3006,1544984324373,1
3006,1544984324373,1
3006,1544984324373,1
3006,1544984324373,1
3006,1544984324373,1
3006,1544984325373,1
3006,1544984325373,1
3006,1544984325373,1
3006,1544984325374,1
3006,1544984325374,1
3006,1544984325374,1
3006,1544984325374,1
3006,1544984326374,1
3006,1544984326374,1
3006,1544984326374,1
3006,1544984326374,1
3006,1544984326374,1
3006,1544984326374,1
3006,1544984326375,1
3006,1544984327376,1
3006,1544984327376,1
3006,1544984327376,1
3006,1544984327376,1
3006,1544984327377,1
3006,1544984327377,1
3006,1544984327377,1
3006,1544984328376,1
3006,1544984328377,1
3006,1544984328377,1
3006,1544984328377,1
3006,1544984328378,1
3006,1544984328378,1
3006,1544984328378,1
3006,1544984329379,1
3006,1544984329380,1
3006,1544984329380,1
3006,1544984329380,1
3006,1544984329381,1
3006,1544984329381,1
3006,1544984329381,1
3006,1544984330383,1
3006,1544984330384,1
3006,1544984330384,1
3006,1544984330384,1
3006,1544984330384,1
3006,1544984330384,1
3006,1544984330384,1
3006,1544984331385,1
3006,1544984331385,1
3006,1544984331385,1
3006,1544984331385,1
3006,1544984331385,1
3006,1544984331385,1
3006,1544984331385,1
3006,1544984332392,1
3006,1544984332392,1
3006,1544984332392,1
3006,1544984332392,1
3006,1544984332393,1
3006,1544984332393,1
3006,1544984332393,1
3006,1544984333400,1
3006,1544984333401,1
3006,1544984333401,1
3006,1544984333401,1
3006,1544984333401,1
3006,1544984333402,1
3006,1544984333402,1
3006,1544984334408,1
3006,1544984334408,1
3006,1544984334409,1
3006,1544984334409,1
3006,1544984334409,1
3006,1544984334409,1
3006,1544984334409,1
3006,1544984335418,1
3006,1544984335418,1
3006,1544984335418,1
3006,1544984335419,1
3006,1544984335419,1
3006,1544984335419,1
3006,1544984335419,1
3006,1544984336423,1
3006,1544984336423,1
3006,1544984336424,1
3006,1544984336424,1
3006,1544984336425,1
3006,1544984336425,1
3006,1544984336425,1
3006,1544984337429,1
3006,1544984337429,1
3006,1544984337429,1
3006,1544984337430,1
3006,1544984337430,1
3006,1544984337430,1
3006,1544984337431,1
3006,1544984338431,1
3006,1544984338432,1
3006,1544984338432,1
3006,1544984338432,1
3006,1544984338432,1
3006,1544984338432,1
3006,1544984338433,1
3006,1544984339434,1
3006,1544984339435,1
3006,1544984339435,1
3006,1544984339435,1
3006,1544984339435,1
3006,1544984339435,1
3006,1544984339435,1
3006,1544984340441,1
3006,1544984340442,1
3006,1544984340442,1
3006,1544984340442,1
3006,1544984340442,1
3006,1544984340443,1
3006,1544984340443,1
3006,1544984341450,1
3006,1544984341450,1
3006,1544984341451,1
3006,1544984341451,1
3006,1544984341451,1
3006,1544984341452,1
3006,1544984341452,1
3006,1544984342458,1
3006,1544984342458,1
3006,1544984342458,1
3006,1544984342458,1
3006,1544984342459,1
3006,1544984342459,1
3006,1544984342459,1
3006,1544984343458,1
3006,1544984343459,1
3006,1544984343459,1
3006,1544984343459,1
3006,1544984343459,1
3006,1544984343460,1
3006,1544984343460,1
3006,1544984344468,1
3006,1544984344469,1
3006,1544984344469,1
3006,1544984344469,1
3006,1544984344469,1
3006,1544984344470,1
3006,1544984344470,1
3006,1544984345469,1
3006,1544984345469,1
3006,1544984345470,1
3006,1544984345470,1
3006,1544984345470,1
3006,1544984345470,1
3006,1544984345470,1
3006,1544984346477,1
3006,1544984346477,1
3006,1544984346477,1
3006,1544984346477,1
3006,1544984346478,1
3006,1544984346478,1
3006,1544984346478,1
3006,1544984347477,1
3006,1544984347477,1
3006,1544984347477,1
3006,1544984347478,1
3006,1544984347478,1
3006,1544984347478,1
3006,1544984347478,1
3006,1544984348485,1
3006,1544984348485,1
3006,1544984348486,1
3006,1544984348486,1
3006,1544984348486,1
3006,1544984348486,1
3006,1544984348486,1
3006,1544984349495,1
3006,1544984349496,1
3006,1544984349496,1
3006,1544984349496,1
3006,1544984349496,1
3006,1544984349496,1
3006,1544984349497,1
3006,1544984350505,1
3006,1544984350506,1
3006,1544984350506,1
3006,1544984350506,1
3006,1544984350506,1
3006,1544984350507,1
3006,1544984350507,1
3006,1544984351513,1
3006,1544984351513,1
3006,1544984351514,1
3006,1544984351514,1
3006,1544984351514,1
3006,1544984351514,1
3006,1544984351514,1
3006,1544984352519,1
3006,1544984352519,1
3006,1544984352519,1
3006,1544984352520,1
3006,1544984352520,1
3006,1544984352520,1
3006,1544984352520,1
3006,1544984353521,1
3006,1544984353521,1
3006,1544984353521,1
3006,1544984353521,1
3006,1544984353521,1
3006,1544984353522,1
3006,1544984353522,1
3006,1544984354522,1
3006,1544984354522,1
3006,1544984354523,1
3006,1544984354523,1
3006,1544984354523,1
3006,1544984354523,1
3006,1544984354523,1
3006,1544984355532,1
3006,1544984355533,1
3006,1544984355533,1
3006,1544984355533,1
3006,1544984355533,1
3006,1544984355533,1
3006,1544984355533,1
3006,1544984356535,1
3006,1544984356535,1
3006,1544984356535,1
3006,1544984356536,1
3006,1544984356536,1
3006,1544984356536,1
3006,1544984356537,1
3006,1544984357535,1
3006,1544984357535,1
3006,1544984357535,1
3006,1544984357535,1
3006,1544984357536,1
3006,1544984357536,1
3006,1544984357537,1
3006,1544984358534,1
3006,1544984358534,1
3006,1544984358535,1
3006,1544984358535,1
3006,1544984358535,1
3006,1544984358536,1
3006,1544984358536,1
3006,1544984359537,1
3006,1544984359538,1
3006,1544984359538,1
3006,1544984359539,1
3006,1544984359539,1
3006,1544984359539,1
3006,1544984359539,1
3006,1544984360541,1
3006,1544984360541,1
3006,1544984360541,1
3006,1544984360541,1
3006,1544984360542,1
3006,1544984360542,1
3006,1544984360542,1
3006,1544984361545,1
3006,1544984361545,1
3006,1544984361545,1
3006,1544984361545,1
3006,1544984361545,1
3006,1544984361546,1
3006,1544984361546,1
3006,1544984362549,1
3006,1544984362549,1
3006,1544984362549,1
3006,1544984362549,1
3006,1544984362550,1
3006,1544984362550,1
3006,1544984362550,1
3006,1544984363552,1
3006,1544984363553,1
3006,1544984363553,1
3006,1544984363553,1
3006,1544984363554,1
3006,1544984363554,1
3006,1544984363554,1
3006,1544984364556,1
3006,1544984364557,1
3006,1544984364557,1
3006,1544984364558,1
3006,1544984364558,1
3006,1544984364558,1
3006,1544984364559,1
3006,1544984365560,1
3006,1544984365560,1
3006,1544984365560,1
3006,1544984365561,1
3006,1544984365561,1
3006,1544984365561,1
3006,1544984365561,1
3006,1544984366563,1
3006,1544984366564,1
3006,1544984366564,1
3006,1544984366564,1
3006,1544984366564,1
3006,1544984366564,1
3006,1544984366564,1
3006,1544984367565,1
3006,1544984367565,1
3006,1544984367565,1
3006,1544984367565,1
3006,1544984367566,1
3006,1544984367566,1
3006,1544984367566,1
3006,1544984368570,1
3006,1544984368570,1
3006,1544984368570,1
3006,1544984368570,1
3006,1544984368570,1
3006,1544984368570,1
3006,1544984368571,1
3006,1544984369571,1
3006,1544984369571,1
3006,1544984369571,1
3006,1544984369571,1
3006,1544984369572,1
3006,1544984369572,1
3006,1544984369572,1
3006,1544984370572,1
3006,1544984370572,1
3006,1544984370572,1
3006,1544984370572,1
3006,1544984370573,1
3006,1544984370573,1
3006,1544984370573,1
3006,1544984371576,1
3006,1544984371577,1
3006,1544984371577,1
3006,1544984371577,1
3006,1544984371577,1
3006,1544984371577,1
3006,1544984371579,1
3006,1544984372579,1
3006,1544984372579,1
3006,1544984372580,1
3006,1544984372580,1
3006,1544984372580,1
3006,1544984372580,1
3006,1544984372580,1
3006,1544984373581,1
3006,1544984373581,1
3006,1544984373581,1
3006,1544984373581,1
3006,1544984373582,1
3006,1544984373582,1
3006,1544984373583,1
3006,1544984374583,1
3006,1544984374584,1
3006,1544984374584,1
3006,1544984374584,1
3006,1544984374584,1
3006,1544984374584,1
3006,1544984374584,1
3006,1544984375587,1
3006,1544984375588,1
3006,1544984375588,1
3006,1544984375588,1
3006,1544984375588,1
3006,1544984375588,1
3006,1544984375588,1
3006,1544984376592,1
3006,1544984376592,1
3006,1544984376592,1
3006,1544984376592,1
3006,1544984376592,1
3006,1544984376592,1
3006,1544984376593,1
3006,1544984377596,1
3006,1544984377597,1
3006,1544984377597,1
3006,1544984377597,1
3006,1544984377597,1
3006,1544984377597,1
3006,1544984377597,1
3006,1544984378596,1
3006,1544984378597,1
3006,1544984378597,1
3006,1544984378597,1
3006,1544984378597,1
3006,1544984378597,1
3006,1544984378598,1
3006,1544984379597,1
3006,1544984379597,1
3006,1544984379597,1
3006,1544984379597,1
3006,1544984379598,1
3006,1544984379598,1
3006,1544984379598,1
3006,1544984380601,1
3006,1544984380601,1
3006,1544984380601,1
3006,1544984380601,1
3006,1544984380602,1
3006,1544984380602,1
3006,1544984380602,1
3006,1544984381604,1
3006,1544984381605,1
3006,1544984381605,1
3006,1544984381605,1
3006,1544984381605,1
3006,1544984381605,1
3006,1544984381605,1
3006,1544984382606,1
3006,1544984382606,1
3006,1544984382607,1
3006,1544984382607,1
3006,1544984382607,1
3006,1544984382607,1
3006,1544984382608,1
3006,1544984383606,1
3006,1544984383606,1
3006,1544984383606,1
3006,1544984383607,1
3006,1544984383607,1
3006,1544984383607,1
3006,1544984383607,1
3006,1544984384609,1
3006,1544984384610,1
3006,1544984384610,1
3006,1544984384610,1
3006,1544984384610,1
3006,1544984384610,1
3006,1544984384610,1
3006,1544984385612,1
3006,1544984385613,1
3006,1544984385613,1
3006,1544984385613,1
3006,1544984385613,1
3006,1544984385613,1
3006,1544984385614,1
3006,1544984386612,1
3006,1544984386612,1
3006,1544984386612,1
3006,1544984386612,1
3006,1544984386613,1
3006,1544984386613,1
3006,1544984386613,1
3006,1544984387616,1
3006,1544984387617,1
3006,1544984387617,1
3006,1544984387617,1
3006,1544984387617,1
3006,1544984387617,1
3006,1544984387618,1
3006,1544984388619,1
3006,1544984388619,1
3006,1544984388620,1
3006,1544984388620,1
3006,1544984388620,1
3006,1544984388620,1
3006,1544984388620,1
3006,1544984389622,1
3006,1544984389622,1
3006,1544984389622,1
3006,1544984389622,1
3006,1544984389623,1
3006,1544984389623,1
3006,1544984389623,1
3006,1544984390623,1
3006,1544984390623,1
3006,1544984390624,1
3006,1544984390624,1
3006,1544984390624,1
3006,1544984390624,1
3006,1544984390624,1
3006,1544984391625,1
3006,1544984391626,1
3006,1544984391626,1
3006,1544984391626,1
3006,1544984391626,1
3006,1544984391627,1
3006,1544984391627,1
3006,1544984392629,1
3006,1544984392629,1
3006,1544984392630,1
3006,1544984392630,1
3006,1544984392630,1
3006,1544984392630,1
3006,1544984392631,1
3006,1544984393632,1
3006,1544984393632,1
3006,1544984393633,1
3006,1544984393633,1
3006,1544984393633,1
3006,1544984393633,1
3006,1544984393633,1
3006,1544984394631,1
3006,1544984394632,1
3006,1544984394632,1
3006,1544984394632,1
3006,1544984394632,1
3006,1544984394632,1
3006,1544984394632,1
3006,1544984395632,1
3006,1544984395633,1
3006,1544984395633,1
3006,1544984395633,1
3006,1544984395633,1
3006,1544984395633,1
3006,1544984395634,1
3006,1544984396633,1
3006,1544984396634,1
3006,1544984396634,1
3006,1544984396634,1
3006,1544984396634,1
3006,1544984396634,1
3006,1544984396634,1
3006,1544984397637,1
3006,1544984397637,1
3006,1544984397637,1
3006,1544984397637,1
3006,1544984397638,1
3006,1544984397638,1
3006,1544984397638,1
3006,1544984398641,1
3006,1544984398641,1
3006,1544984398642,1
3006,1544984398642,1
3006,1544984398642,1
3006,1544984398642,1
3006,1544984398642,1
3006,1544984399645,1
3006,1544984399646,1
3006,1544984399646,1
3006,1544984399646,1
3006,1544984399646,1
3006,1544984399646,1
3006,1544984399647,1
3006,1544984400646,1
3006,1544984400647,1
3006,1544984400647,1
3006,1544984400647,1
3006,1544984400647,1
3006,1544984400648,1
3006,1544984400648,1
3006,1544984401651,1
3006,1544984401652,1
3006,1544984401652,1
3006,1544984401652,1
3006,1544984401652,1
3006,1544984401652,1
3006,1544984401652,1
3006,1544984402656,1
3006,1544984402656,1
3006,1544984402656,1
3006,1544984402656,1
3006,1544984402656,1
3006,1544984402657,1
3006,1544984402657,1
3006,1544984403657,1
3006,1544984403658,1
3006,1544984403658,1
3006,1544984403658,1
3006,1544984403658,1
3006,1544984403658,1
3006,1544984403658,1
3006,1544984404659,1
3006,1544984404660,1
3006,1544984404660,1
3006,1544984404660,1
3006,1544984404660,1
3006,1544984404660,1
3006,1544984404660,1
3006,1544984405663,1
3006,1544984405663,1
3006,1544984405663,1
3006,1544984405664,1
3006,1544984405664,1
3006,1544984405664,1
3006,1544984405664,1
3006,1544984406663,1
3006,1544984406663,1
3006,1544984406663,1
3006,1544984406663,1
3006,1544984406664,1
3006,1544984406664,1
3006,1544984406664,1
3006,1544984407665,1
3006,1544984407665,1
3006,1544984407665,1
3006,1544984407665,1
3006,1544984407665,1
3006,1544984407665,1
3006,1544984407666,1
3006,1544984408669,1
3006,1544984408669,1
3006,1544984408669,1
3006,1544984408669,1
3006,1544984408670,1
3006,1544984408670,1
3006,1544984408670,1
3006,1544984409669,1
3006,1544984409669,1
3006,1544984409670,1
3006,1544984409670,1
3006,1544984409670,1
3006,1544984409670,1
3006,1544984409670,1
3006,1544984410670,1
3006,1544984410670,1
3006,1544984410671,1
3006,1544984410671,1
3006,1544984410671,1
3006,1544984410671,1
3006,1544984410671,1
3006,1544984411672,1
3006,1544984411672,1
3006,1544984411672,1
3006,1544984411672,1
3006,1544984411672,1
3006,1544984411672,1
3006,1544984411672,1
3006,1544984412674,1
3006,1544984412674,1
3006,1544984412675,1
3006,1544984412675,1
3006,1544984412675,1
3006,1544984412675,1
3006,1544984412675,1
3006,1544984413674,1
3006,1544984413674,1
3006,1544984413674,1
3006,1544984413674,1
3006,1544984413675,1
3006,1544984413675,1
3006,1544984413676,1
3006,1544984414675,1
3006,1544984414675,1
3006,1544984414676,1
3006,1544984414676,1
3006,1544984414676,1
3006,1544984414676,1
3006,1544984414676,1
3006,1544984415676,1
3006,1544984415677,1
3006,1544984415677,1
3006,1544984415677,1
3006,1544984415677,1
3006,1544984415677,1
3006,1544984415678,1
3006,1544984416679,1
3006,1544984416679,1
3006,1544984416680,1
3006,1544984416680,1
3006,1544984416680,1
3006,1544984416680,1
3006,1544984416680,1
3006,1544984417680,1
3006,1544984417681,1
3006,1544984417681,1
3006,1544984417681,1
3006,1544984417681,1
3006,1544984417682,1
3006,1544984417682,1
3006,1544984418686,1
3006,1544984418686,1
3006,1544984418686,1
3006,1544984418686,1
3006,1544984418687,1
3006,1544984418687,1
3006,1544984418687,1
3006,1544984419689,1
3006,1544984419690,1
3006,1544984419690,1
3006,1544984419690,1
3006,1544984419690,1
3006,1544984419690,1
3006,1544984419691,1
3006,1544984420690,1
3006,1544984420691,1
3006,1544984420691,1
3006,1544984420691,1
3006,1544984420691,1
3006,1544984420691,1
3006,1544984420692,1
3006,1544984421694,1
3006,1544984421695,1
3006,1544984421695,1
3006,1544984421695,1
3006,1544984421695,1
3006,1544984421696,1
3006,1544984421696,1
3006,1544984422698,1
3006,1544984422698,1
3006,1544984422698,1
3006,1544984422699,1
3006,1544984422699,1
3006,1544984422699,1
3006,1544984422699,1
3006,1544984423703,1
3006,1544984423703,1
3006,1544984423703,1
3006,1544984423704,1
3006,1544984423704,1
3006,1544984423704,1
3006,1544984423704,1
3006,1544984424704,1
3006,1544984424705,1
3006,1544984424705,1
3006,1544984424705,1
3006,1544984424705,1
3006,1544984424705,1
3006,1544984424705,1
3006,1544984425704,1
3006,1544984425705,1
3006,1544984425705,1
3006,1544984425705,1
3006,1544984425705,1
3006,1544984425705,1
3006,1544984425705,1
3006,1544984426710,1
3006,1544984426710,1
3006,1544984426710,1
3006,1544984426710,1
3006,1544984426710,1
3006,1544984426710,1
3006,1544984426710,1
3006,1544984427714,1
3006,1544984427715,1
3006,1544984427715,1
3006,1544984427715,1
3006,1544984427715,1
3006,1544984427715,1
3006,1544984427716,1
3006,1544984428714,1
3006,1544984428714,1
3006,1544984428714,1
3006,1544984428715,1
3006,1544984428715,1
3006,1544984428715,1
3006,1544984428715,1
3006,1544984429717,1
3006,1544984429717,1
3006,1544984429717,1
3006,1544984429717,1
3006,1544984429717,1
3006,1544984429718,1
3006,1544984429718,1
3006,1544984430718,1
3006,1544984430718,1
3006,1544984430718,1
3006,1544984430718,1
3006,1544984430718,1
3006,1544984430718,1
3006,1544984430718,1
3006,1544984431721,1
3006,1544984431722,1
3006,1544984431722,1
3006,1544984431722,1
3006,1544984431722,1
3006,1544984431722,1
3006,1544984431722,1
3006,1544984432723,1
3006,1544984432724,1
3006,1544984432724,1
3006,1544984432724,1
3006,1544984432724,1
3006,1544984432724,1
3006,1544984432724,1
3006,1544984433724,1
3006,1544984433724,1
3006,1544984433724,1
3006,1544984433725,1
3006,1544984433725,1
3006,1544984433725,1
3006,1544984433725,1
3006,1544984434726,1
3006,1544984434726,1
3006,1544984434726,1
3006,1544984434726,1
3006,1544984434726,1
3006,1544984434727,1
3006,1544984434727,1
3006,1544984435730,1
3006,1544984435731,1
3006,1544984435731,1
3006,1544984435731,1
3006,1544984435731,1
3006,1544984435731,1
3006,1544984435731,1
3006,1544984436731,1
3006,1544984436731,1
3006,1544984436732,1
3006,1544984436732,1
3006,1544984436732,1
3006,1544984436732,1
3006,1544984436732,1
3006,1544984437733,1
3006,1544984437734,1
3006,1544984437734,1
3006,1544984437734,1
3006,1544984437734,1
3006,1544984437734,1
3006,1544984437735,1
3006,1544984438737,1
3006,1544984438738,1
3006,1544984438738,1
3006,1544984438738,1
3006,1544984438738,1
3006,1544984438738,1
3006,1544984438738,1
3006,1544984439739,1
3006,1544984439739,1
3006,1544984439739,1
3006,1544984439739,1
3006,1544984439740,1
3006,1544984439740,1
3006,1544984439740,1
3006,1544984440739,1
3006,1544984440740,1
3006,1544984440740,1
3006,1544984440740,1
3006,1544984440740,1
3006,1544984440740,1
3006,1544984440741,1
3006,1544984441744,1
3006,1544984441744,1
3006,1544984441744,1
3006,1544984441745,1
3006,1544984441745,1
3006,1544984441745,1
3006,1544984441745,1
3006,1544984442745,1
3006,1544984442745,1
3006,1544984442746,1
3006,1544984442746,1
3006,1544984442746,1
3006,1544984442746,1
3006,1544984442746,1
3006,1544984443750,1
3006,1544984443751,1
3006,1544984443751,1
3006,1544984443751,1
3006,1544984443751,1
3006,1544984443751,1
3006,1544984443751,1
3006,1544984444755,1
3006,1544984444756,1
3006,1544984444756,1
3006,1544984444756,1
3006,1544984444756,1
3006,1544984444756,1
3006,1544984444756,1
3006,1544984445760,1
3006,1544984445760,1
3006,1544984445761,1
3006,1544984445761,1
3006,1544984445761,1
3006,1544984445761,1
3006,1544984445761,1
3006,1544984446762,1
3006,1544984446762,1
3006,1544984446762,1
3006,1544984446762,1
3006,1544984446763,1
3006,1544984446763,1
3006,1544984446764,1
3006,1544984447765,1
3006,1544984447765,1
3006,1544984447765,1
3006,1544984447765,1
3006,1544984447766,1
3006,1544984447766,1
3006,1544984447766,1
3006,1544984448769,1
3006,1544984448769,1
3006,1544984448769,1
3006,1544984448769,1
3006,1544984448770,1
3006,1544984448770,1
3006,1544984448770,1
3006,1544984449770,1
3006,1544984449770,1
3006,1544984449770,1
3006,1544984449770,1
3006,1544984449770,1
3006,1544984449771,1
3006,1544984449771,1
3006,1544984450770,1
3006,1544984450771,1
3006,1544984450771,1
3006,1544984450771,1
3006,1544984450771,1
3006,1544984450771,1
3006,1544984450772,1
3006,1544984451775,1
3006,1544984451775,1
3006,1544984451775,1
3006,1544984451775,1
3006,1544984451775,1
3006,1544984451775,1
3006,1544984451775,1
3006,1544984452779,1
3006,1544984452779,1
3006,1544984452779,1
3006,1544984452779,1
3006,1544984452779,1
3006,1544984452779,1
3006,1544984452780,1
3006,1544984453783,1
3006,1544984453783,1
3006,1544984453783,1
3006,1544984453783,1
3006,1544984453783,1
3006,1544984453783,1
3006,1544984453783,1
3006,1544984454788,1
3006,1544984454788,1
3006,1544984454788,1
3006,1544984454788,1
3006,1544984454788,1
3006,1544984454788,1
3006,1544984454788,1
3006,1544984455792,1
3006,1544984455792,1
3006,1544984455792,1
3006,1544984455792,1
3006,1544984455792,1
3006,1544984455792,1
3006,1544984455793,1
3006,1544984456793,1
3006,1544984456793,1
3006,1544984456793,1
3006,1544984456793,1
3006,1544984456793,1
3006,1544984456793,1
3006,1544984456794,1
3006,1544984457794,1
3006,1544984457794,1
3006,1544984457794,1
3006,1544984457794,1
3006,1544984457794,1
3006,1544984457794,1
3006,1544984457794,1
3006,1544984458798,1
3006,1544984458799,1
3006,1544984458799,1
3006,1544984458799,1
3006,1544984458799,1
3006,1544984458799,1
3006,1544984458799,1
3006,1544984459803,1
3006,1544984459803,1
3006,1544984459803,1
3006,1544984459803,1
3006,1544984459804,1
3006,1544984459804,1
3006,1544984459804,1
3006,1544984460807,1
3006,1544984460807,1
3006,1544984460807,1
3006,1544984460807,1
3006,1544984460807,1
3006,1544984460807,1
3006,1544984460807,1
3006,1544984461810,1
3006,1544984461810,1
3006,1544984461810,1
3006,1544984461810,1
3006,1544984461811,1
3006,1544984461811,1
3006,1544984461811,1
3006,1544984462814,1
3006,1544984462814,1
3006,1544984462814,1
3006,1544984462815,1
3006,1544984462815,1
3006,1544984462815,1
3006,1544984462815,1
3006,1544984463814,1
3006,1544984463814,1
3006,1544984463814,1
3006,1544984463814,1
3006,1544984463815,1
3006,1544984463815,1
3006,1544984463815,1
3006,1544984464815,1
3006,1544984464816,1
3006,1544984464816,1
3006,1544984464816,1
3006,1544984464816,1
3006,1544984464816,1
3006,1544984464817,1
3006,1544984465815,1
3006,1544984465816,1
3006,1544984465816,1
3006,1544984465816,1
3006,1544984465816,1
3006,1544984465816,1
3006,1544984465817,1
3006,1544984466816,1
3006,1544984466817,1
3006,1544984466818,1
3006,1544984466818,1
3006,1544984466818,1
3006,1544984466818,1
3006,1544984466818,1
3006,1544984467819,1
3006,1544984467819,1
3006,1544984467820,1
3006,1544984467820,1
3006,1544984467820,1
3006,1544984467820,1
3006,1544984467820,1
3006,1544984468823,1
3006,1544984468823,1
3006,1544984468824,1
3006,1544984468824,1
3006,1544984468824,1
3006,1544984468824,1
3006,1544984468824,1
3006,1544984469827,1
3006,1544984469828,1
3006,1544984469828,1
3006,1544984469828,1
3006,1544984469828,1
3006,1544984469828,1
3006,1544984469828,1
3006,1544984470828,1
3006,1544984470828,1
3006,1544984470828,1
3006,1544984470828,1
3006,1544984470828,1
3006,1544984470829,1
3006,1544984470829,1
3006,1544984471827,1
3006,1544984471828,1
3006,1544984471828,1
3006,1544984471828,1
3006,1544984471828,1
3006,1544984471828,1
3006,1544984471829,1
3006,1544984472828,1
3006,1544984472828,1
3006,1544984472828,1
3006,1544984472829,1
3006,1544984472829,1
3006,1544984472829,1
3006,1544984472829,1
3006,1544984473833,1
3006,1544984473833,1
3006,1544984473834,1
3006,1544984473834,1
3006,1544984473835,1
3006,1544984473835,1
3006,1544984473835,1
3006,1544984474837,1
3006,1544984474837,1
3006,1544984474837,1
3006,1544984474837,1
3006,1544984474837,1
3006,1544984474837,1
3006,1544984474837,1
3006,1544984475841,1
3006,1544984475841,1
3006,1544984475841,1
3006,1544984475841,1
3006,1544984475842,1
3006,1544984475842,1
3006,1544984475842,1
3006,1544984476845,1
3006,1544984476846,1
3006,1544984476846,1
3006,1544984476846,1
3006,1544984476846,1
3006,1544984476846,1
3006,1544984476847,1
3006,1544984477851,1
3006,1544984477851,1
3006,1544984477851,1
3006,1544984477851,1
3006,1544984477852,1
3006,1544984477852,1
3006,1544984477852,1
3006,1544984478854,1
3006,1544984478854,1
3006,1544984478855,1
3006,1544984478855,1
3006,1544984478855,1
3006,1544984478855,1
3006,1544984478855,1
3006,1544984479858,1
3006,1544984479858,1
3006,1544984479858,1
3006,1544984479859,1
3006,1544984479859,1
3006,1544984479859,1
3006,1544984479859,1
3006,1544984480861,1
3006,1544984480861,1
3006,1544984480861,1
3006,1544984480861,1
3006,1544984480862,1
3006,1544984480862,1
3006,1544984480862,1
3006,1544984481863,1
3006,1544984481864,1
3006,1544984481864,1
3006,1544984481864,1
3006,1544984481864,1
3006,1544984481864,1
3006,1544984481864,1
3006,1544984482865,1
3006,1544984482865,1
3006,1544984482865,1
3006,1544984482865,1
3006,1544984482866,1
3006,1544984482866,1
3006,1544984482866,1
3006,1544984483865,1
3006,1544984483865,1
3006,1544984483865,1
3006,1544984483866,1
3006,1544984483866,1
3006,1544984483866,1
3006,1544984483866,1
3006,1544984484865,1
3006,1544984484865,1
3006,1544984484866,1
3006,1544984484866,1
3006,1544984484866,1
3006,1544984484866,1
3006,1544984484866,1
3006,1544984485867,1
3006,1544984485868,1
3006,1544984485868,1
3006,1544984485868,1
3006,1544984485868,1
3006,1544984485868,1
3006,1544984485868,1
3006,1544984486870,1
3006,1544984486870,1
3006,1544984486870,1
3006,1544984486871,1
3006,1544984486871,1
3006,1544984486871,1
3006,1544984486871,1
3006,1544984487871,1
3006,1544984487871,1
3006,1544984487871,1
3006,1544984487871,1
3006,1544984487872,1
3006,1544984487872,1
3006,1544984487872,1
3006,1544984488876,1
3006,1544984488876,1
3006,1544984488876,1
3006,1544984488876,1
3006,1544984488876,1
3006,1544984488876,1
3006,1544984488877,1
3006,1544984489877,1
3006,1544984489878,1
3006,1544984489878,1
3006,1544984489878,1
3006,1544984489879,1
3006,1544984489879,1
3006,1544984489879,1
3006,1544984490879,1
3006,1544984490879,1
3006,1544984490879,1
3006,1544984490879,1
3006,1544984490879,1
3006,1544984490879,1
3006,1544984490880,1
3006,1544984491879,1
3006,1544984491879,1
3006,1544984491879,1
3006,1544984491880,1
3006,1544984491880,1
3006,1544984491880,1
3006,1544984491880,1
3006,1544984492884,1
3006,1544984492884,1
3006,1544984492884,1
3006,1544984492884,1
3006,1544984492885,1
3006,1544984492885,1
3006,1544984492885,1
3006,1544984493885,1
3006,1544984493885,1
3006,1544984493885,1
3006,1544984493885,1
3006,1544984493885,1
3006,1544984493885,1
3006,1544984493885,1
3006,1544984494886,1
3006,1544984494886,1
3006,1544984494886,1
3006,1544984494886,1
3006,1544984494886,1
3006,1544984494887,1
3006,1544984494887,1
3006,1544984495891,1
3006,1544984495891,1
3006,1544984495891,1
3006,1544984495891,1
3006,1544984495891,1
3006,1544984495892,1
3006,1544984495892,1
3006,1544984496895,1
3006,1544984496896,1
3006,1544984496896,1
3006,1544984496896,1
3006,1544984496896,1
3006,1544984496896,1
3006,1544984496897,1
3006,1544984497895,1
3006,1544984497896,1
3006,1544984497896,1
3006,1544984497896,1
3006,1544984497896,1
3006,1544984497896,1
3006,1544984497896,1
3006,1544984498901,1
3006,1544984498901,1
3006,1544984498901,1
3006,1544984498902,1
3006,1544984498902,1
3006,1544984498902,1
3006,1544984498902,1
3006,1544984499901,1
3006,1544984499901,1
3006,1544984499901,1
3006,1544984499901,1
3006,1544984499902,1
3006,1544984499902,1
3006,1544984499902,1
3006,1544984500902,1
3006,1544984500903,1
3006,1544984500903,1
3006,1544984500903,1
3006,1544984500903,1
3006,1544984500903,1
3006,1544984500903,1
3006,1544984501906,1
3006,1544984501906,1
3006,1544984501907,1
3006,1544984501907,1
3006,1544984501907,1
3006,1544984501907,1
3006,1544984501907,1
3006,1544984502908,1
3006,1544984502908,1
3006,1544984502908,1
3006,1544984502908,1
3006,1544984502909,1
3006,1544984502909,1
3006,1544984502909,1
3006,1544984503913,1
3006,1544984503913,1
3006,1544984503913,1
3006,1544984503913,1
3006,1544984503913,1
3006,1544984503914,1
3006,1544984503914,1
3006,1544984504913,1
3006,1544984504913,1
3006,1544984504914,1
3006,1544984504914,1
3006,1544984504914,1
3006,1544984504914,1
3006,1544984504914,1
3006,1544984505915,1
3006,1544984505916,1
3006,1544984505916,1
3006,1544984505916,1
3006,1544984505916,1
3006,1544984505916,1
3006,1544984505916,1
3006,1544984506920,1
3006,1544984506920,1
3006,1544984506920,1
3006,1544984506920,1
3006,1544984506920,1
3006,1544984506921,1
3006,1544984506921,1
3006,1544984507923,1
3006,1544984507924,1
3006,1544984507924,1
3006,1544984507924,1
3006,1544984507924,1
3006,1544984507924,1
3006,1544984507924,1
3006,1544984508928,1
3006,1544984508928,1
3006,1544984508928,1
3006,1544984508928,1
3006,1544984508928,1
3006,1544984508929,1
3006,1544984508929,1
3006,1544984509931,1
3006,1544984509931,1
3006,1544984509931,1
3006,1544984509931,1
3006,1544984509931,1
3006,1544984509931,1
3006,1544984509932,1
3006,1544984510934,1
3006,1544984510934,1
3006,1544984510934,1
3006,1544984510935,1
3006,1544984510935,1
3006,1544984510935,1
3006,1544984510935,1
3006,1544984511936,1
3006,1544984511936,1
3006,1544984511937,1
3006,1544984511937,1
3006,1544984511937,1
3006,1544984511937,1
3006,1544984511937,1
3006,1544984512937,1
3006,1544984512937,1
3006,1544984512938,1
3006,1544984512938,1
3006,1544984512938,1
3006,1544984512939,1
3006,1544984512939,1
3006,1544984513939,1
3006,1544984513939,1
3006,1544984513940,1
3006,1544984513940,1
3006,1544984513940,1
3006,1544984513940,1
3006,1544984513940,1
3006,1544984514942,1
3006,1544984514943,1
3006,1544984514943,1
3006,1544984514943,1
3006,1544984514943,1
3006,1544984514943,1
3006,1544984514943,1
3006,1544984515943,1
3006,1544984515944,1
3006,1544984515944,1
3006,1544984515944,1
3006,1544984515944,1
3006,1544984515944,1
3006,1544984515944,1
3006,1544984516946,1
3006,1544984516946,1
3006,1544984516947,1
3006,1544984516947,1
3006,1544984516947,1
3006,1544984516947,1
3006,1544984516947,1
3006,1544984517950,1
3006,1544984517950,1
3006,1544984517950,1
3006,1544984517950,1
3006,1544984517951,1
3006,1544984517951,1
3006,1544984517951,1
3006,1544984518953,1
3006,1544984518953,1
3006,1544984518953,1
3006,1544984518953,1
3006,1544984518954,1
3006,1544984518954,1
3006,1544984518954,1
3006,1544984519956,1
3006,1544984519956,1
3006,1544984519956,1
3006,1544984519957,1
3006,1544984519957,1
3006,1544984519957,1
3006,1544984519958,1
3006,1544984520960,1
3006,1544984520961,1
3006,1544984520961,1
3006,1544984520961,1
3006,1544984520961,1
3006,1544984520961,1
3006,1544984520961,1
3006,1544984521963,1
3006,1544984521964,1
3006,1544984521964,1
3006,1544984521964,1
3006,1544984521964,1
3006,1544984521964,1
3006,1544984521964,1
3006,1544984522966,1
3006,1544984522967,1
3006,1544984522967,1
3006,1544984522967,1
3006,1544984522967,1
3006,1544984522967,1
3006,1544984522967,1
3006,1544984523970,1
3006,1544984523970,1
3006,1544984523970,1
3006,1544984523970,1
3006,1544984523971,1
3006,1544984523971,1
3006,1544984523971,1
3006,1544984524972,1
3006,1544984524973,1
3006,1544984524973,1
3006,1544984524973,1
3006,1544984524973,1
3006,1544984524973,1
3006,1544984524973,1
3006,1544984525976,1
3006,1544984525977,1
3006,1544984525977,1
3006,1544984525977,1
3006,1544984525977,1
3006,1544984525977,1
3006,1544984525977,1
3006,1544984526981,1
3006,1544984526981,1
3006,1544984526981,1
3006,1544984526981,1
3006,1544984526981,1
3006,1544984526982,1
3006,1544984526982,1
3006,1544984527983,1
3006,1544984527983,1
3006,1544984527984,1
3006,1544984527984,1
3006,1544984527984,1
3006,1544984527984,1
3006,1544984527984,1
3006,1544984528985,1
3006,1544984528986,1
3006,1544984528986,1
3006,1544984528986,1
3006,1544984528986,1
3006,1544984528986,1
3006,1544984528986,1
3006,1544984529987,1
3006,1544984529988,1
3006,1544984529988,1
3006,1544984529988,1
3006,1544984529988,1
3006,1544984529988,1
3006,1544984529988,1
3006,1544984530991,1
3006,1544984530992,1
3006,1544984530992,1
3006,1544984530992,1
3006,1544984530992,1
3006,1544984530992,1
3006,1544984530992,1
3006,1544984531996,1
3006,1544984531996,1
3006,1544984531996,1
3006,1544984531996,1
3006,1544984531996,1
3006,1544984531997,1
3006,1544984531997,1
3006,1544984532999,1
3006,1544984533000,1
3006,1544984533000,1
3006,1544984533000,1
3006,1544984533000,1
3006,1544984533000,1
3006,1544984533000,1
3006,1544984534002,1
3006,1544984534002,1
3006,1544984534002,1
3006,1544984534003,1
3006,1544984534003,1
3006,1544984534003,1
3006,1544984534003,1
3006,1544984535003,1
3006,1544984535003,1
3006,1544984535004,1
3006,1544984535004,1
3006,1544984535004,1
3006,1544984535004,1
3006,1544984535004,1
3006,1544984536003,1
3006,1544984536003,1
3006,1544984536004,1
3006,1544984536004,1
3006,1544984536004,1
3006,1544984536004,1
3006,1544984536005,1
3006,1544984537004,1
3006,1544984537005,1
3006,1544984537005,1
3006,1544984537005,1
3006,1544984537005,1
3006,1544984537005,1
3006,1544984537005,1
3006,1544984538005,1
3006,1544984538005,1
3006,1544984538006,1
3006,1544984538006,1
3006,1544984538006,1
3006,1544984538006,1
3006,1544984538006,1
3006,1544984539006,1
3006,1544984539006,1
3006,1544984539006,1
3006,1544984539006,1
3006,1544984539006,1
3006,1544984539006,1
3006,1544984539006,1
3006,1544984540006,1
3006,1544984540007,1
3006,1544984540007,1
3006,1544984540007,1
3006,1544984540007,1
3006,1544984540007,1
3006,1544984540007,1
3006,1544984541006,1
3006,1544984541007,1
3006,1544984541007,1
3006,1544984541007,1
3006,1544984541007,1
3006,1544984541007,1
3006,1544984541007,1
3006,1544984542006,1
3006,1544984542006,1
3006,1544984542007,1
3006,1544984542007,1
3006,1544984542007,1
3006,1544984542007,1
3006,1544984542007,1
3006,1544984543006,1
3006,1544984543006,1
3006,1544984543006,1
3006,1544984543007,1
3006,1544984543007,1
3006,1544984543007,1
3006,1544984543007,1
3006,1544984544006,1
3006,1544984544006,1
3006,1544984544006,1
3006,1544984544007,1
3006,1544984544007,1
3006,1544984544007,1
3006,1544984544007,1
3006,1544984545006,1
3006,1544984545006,1
3006,1544984545006,1
3006,1544984545006,1
3006,1544984545006,1
3006,1544984545007,1
3006,1544984545007,1
3006,1544984546006,1
3006,1544984546006,1
3006,1544984546006,1
3006,1544984546006,1
3006,1544984546006,1
3006,1544984546006,1
3006,1544984546007,1
3006,1544984547007,1
3006,1544984547007,1
3006,1544984547007,1
3006,1544984547008,1
3006,1544984547008,1
3006,1544984547008,1
3006,1544984547008,1
3006,1544984548007,1
3006,1544984548007,1
3006,1544984548007,1
3006,1544984548007,1
3006,1544984548007,1
3006,1544984548008,1
3006,1544984548008,1
3006,1544984549008,1
3006,1544984549008,1
3006,1544984549008,1
3006,1544984549008,1
3006,1544984549009,1
3006,1544984549009,1
3006,1544984549009,1
3006,1544984550010,1
3006,1544984550010,1
3006,1544984550010,1
3006,1544984550010,1
3006,1544984550010,1
3006,1544984550010,1
3006,1544984550011,1
3006,1544984551011,1
3006,1544984551011,1
3006,1544984551012,1
3006,1544984551012,1
3006,1544984551012,1
3006,1544984551012,1
3006,1544984551012,1
3006,1544984552014,1
3006,1544984552014,1
3006,1544984552014,1
3006,1544984552015,1
3006,1544984552015,1
3006,1544984552015,1
3006,1544984552015,1
3006,1544984553013,1
3006,1544984553014,1
3006,1544984553014,1
3006,1544984553014,1
3006,1544984553014,1
3006,1544984553014,1
3006,1544984553015,1
3006,1544984554015,1
3006,1544984554015,1
3006,1544984554016,1
3006,1544984554016,1
3006,1544984554016,1
3006,1544984554016,1
3006,1544984554016,1
3006,1544984555019,1
3006,1544984555019,1
3006,1544984555019,1
3006,1544984555019,1
3006,1544984555019,1
3006,1544984555019,1
3006,1544984555019,1
3006,1544984556019,1
3006,1544984556019,1
3006,1544984556019,1
3006,1544984556020,1
3006,1544984556020,1
3006,1544984556020,1
3006,1544984556020,1
3006,1544984557019,1
3006,1544984557019,1
3006,1544984557020,1
3006,1544984557020,1
3006,1544984557020,1
3006,1544984557020,1
3006,1544984557020,1
3006,1544984558023,1
3006,1544984558023,1
3006,1544984558023,1
3006,1544984558023,1
3006,1544984558024,1
3006,1544984558024,1
3006,1544984558024,1
3006,1544984559025,1
3006,1544984559025,1
3006,1544984559026,1
3006,1544984559026,1
3006,1544984559026,1
3006,1544984559026,1
3006,1544984559027,1
3006,1544984560030,1
3006,1544984560030,1
3006,1544984560030,1
3006,1544984560030,1
3006,1544984560031,1
3006,1544984560031,1
3006,1544984560031,1
3006,1544984561032,1
3006,1544984561032,1
3006,1544984561032,1
3006,1544984561032,1
3006,1544984561032,1
3006,1544984561032,1
3006,1544984561032,1
3006,1544984562031,1
3006,1544984562031,1
3006,1544984562031,1
3006,1544984562032,1
3006,1544984562032,1
3006,1544984562032,1
3006,1544984562032,1
3006,1544984563031,1
3006,1544984563032,1
3006,1544984563032,1
3006,1544984563032,1
3006,1544984563032,1
3006,1544984563032,1
3006,1544984563033,1
3006,1544984564031,1
3006,1544984564032,1
3006,1544984564032,1
3006,1544984564032,1
3006,1544984564032,1
3006,1544984564032,1
3006,1544984564032,1
3006,1544984565031,1
3006,1544984565032,1
3006,1544984565032,1
3006,1544984565032,1
3006,1544984565032,1
3006,1544984565032,1
3006,1544984565032,1
3006,1544984566035,1
3006,1544984566036,1
3006,1544984566036,1
3006,1544984566036,1
3006,1544984566036,1
3006,1544984566036,1
3006,1544984566036,1
3006,1544984567035,1
3006,1544984567035,1
3006,1544984567035,1
3006,1544984567035,1
3006,1544984567035,1
3006,1544984567036,1
3006,1544984567036,1
3006,1544984568040,1
3006,1544984568041,1
3006,1544984568041,1
3006,1544984568041,1
3006,1544984568041,1
3006,1544984568042,1
3006,1544984568042,1
3006,1544984569044,1
3006,1544984569044,1
3006,1544984569045,1
3006,1544984569045,1
3006,1544984569045,1
3006,1544984569045,1
3006,1544984569045,1
3006,1544984570044,1
3006,1544984570045,1
3006,1544984570045,1
3006,1544984570045,1
3006,1544984570045,1
3006,1544984570045,1
3006,1544984570045,1
3006,1544984571047,1
3006,1544984571048,1
3006,1544984571048,1
3006,1544984571048,1
3006,1544984571048,1
3006,1544984571048,1
3006,1544984571048,1
3006,1544984572051,1
3006,1544984572052,1
3006,1544984572052,1
3006,1544984572052,1
3006,1544984572052,1
3006,1544984572052,1
3006,1544984572052,1
3006,1544984573057,1
3006,1544984573057,1
3006,1544984573057,1
3006,1544984573057,1
3006,1544984573057,1
3006,1544984573057,1
3006,1544984573057,1
3006,1544984574058,1
3006,1544984574058,1
3006,1544984574058,1
3006,1544984574058,1
3006,1544984574058,1
3006,1544984574059,1
3006,1544984574059,1
3006,1544984575061,1
3006,1544984575061,1
3006,1544984575062,1
3006,1544984575062,1
3006,1544984575062,1
3006,1544984575062,1
3006,1544984575062,1
3006,1544984576066,1
3006,1544984576067,1
3006,1544984576067,1
3006,1544984576067,1
3006,1544984576067,1
3006,1544984576067,1
3006,1544984576067,1
3006,1544984577068,1
3006,1544984577068,1
3006,1544984577068,1
3006,1544984577068,1
3006,1544984577069,1
3006,1544984577069,1
3006,1544984577069,1
3006,1544984578068,1
3006,1544984578069,1
3006,1544984578069,1
3006,1544984578069,1
3006,1544984578069,1
3006,1544984578069,1
3006,1544984578069,1
3006,1544984579072,1
3006,1544984579073,1
3006,1544984579073,1
3006,1544984579073,1
3006,1544984579073,1
3006,1544984579073,1
3006,1544984579073,1
3006,1544984580077,1
3006,1544984580078,1
3006,1544984580078,1
3006,1544984580078,1
3006,1544984580078,1
3006,1544984580078,1
3006,1544984580079,1
3006,1544984581081,1
3006,1544984581081,1
3006,1544984581081,1
3006,1544984581081,1
3006,1544984581081,1
3006,1544984581081,1
3006,1544984581082,1
3006,1544984582085,1
3006,1544984582085,1
3006,1544984582085,1
3006,1544984582085,1
3006,1544984582085,1
3006,1544984582085,1
3006,1544984582085,1
3006,1544984583089,1
3006,1544984583089,1
3006,1544984583089,1
3006,1544984583090,1
3006,1544984583090,1
3006,1544984583090,1
3006,1544984583090,1
3006,1544984584094,1
3006,1544984584095,1
3006,1544984584095,1
3006,1544984584095,1
3006,1544984584095,1
3006,1544984584096,1
3006,1544984584096,1
3006,1544984585098,1
3006,1544984585098,1
3006,1544984585098,1
3006,1544984585098,1
3006,1544984585099,1
3006,1544984585099,1
3006,1544984585099,1
3006,1544984586102,1
3006,1544984586102,1
3006,1544984586102,1
3006,1544984586103,1
3006,1544984586103,1
3006,1544984586103,1
3006,1544984586103,1
3006,1544984587106,1
3006,1544984587106,1
3006,1544984587107,1
3006,1544984587107,1
3006,1544984587107,1
3006,1544984587107,1
3006,1544984587107,1
3006,1544984588109,1
3006,1544984588109,1
3006,1544984588109,1
3006,1544984588109,1
3006,1544984588109,1
3006,1544984588110,1
3006,1544984588110,1
3006,1544984589114,1
3006,1544984589114,1
3006,1544984589114,1
3006,1544984589114,1
3006,1544984589114,1
3006,1544984589115,1
3006,1544984589115,1
3006,1544984590119,1
3006,1544984590119,1
3006,1544984590119,1
3006,1544984590120,1
3006,1544984590120,1
3006,1544984590120,1
3006,1544984590120,1
3006,1544984591120,1
3006,1544984591120,1
3006,1544984591121,1
3006,1544984591121,1
3006,1544984591121,1
3006,1544984591121,1
3006,1544984591121,1
3006,1544984592123,1
3006,1544984592123,1
3006,1544984592123,1
3006,1544984592123,1
3006,1544984592124,1
3006,1544984592124,1
3006,1544984592124,1
3006,1544984593126,1
3006,1544984593127,1
3006,1544984593127,1
3006,1544984593127,1
3006,1544984593127,1
3006,1544984593127,1
3006,1544984593127,1
3006,1544984594130,1
3006,1544984594130,1
3006,1544984594131,1
3006,1544984594131,1
3006,1544984594131,1
3006,1544984594131,1
3006,1544984594131,1
3006,1544984595130,1
3006,1544984595131,1
3006,1544984595131,1
3006,1544984595131,1
3006,1544984595131,1
3006,1544984595131,1
3006,1544984595132,1
3006,1544984596133,1
3006,1544984596133,1
3006,1544984596134,1
3006,1544984596134,1
3006,1544984596134,1
3006,1544984596134,1
3006,1544984596134,1
3006,1544984597137,1
3006,1544984597137,1
3006,1544984597137,1
3006,1544984597137,1
3006,1544984597137,1
3006,1544984597137,1
3006,1544984597137,1
3006,1544984598137,1
3006,1544984598137,1
3006,1544984598137,1
3006,1544984598137,1
3006,1544984598137,1
3006,1544984598137,1
3006,1544984598137,1
3006,1544984599138,1
3006,1544984599139,1
3006,1544984599139,1
3006,1544984599139,1
3006,1544984599139,1
3006,1544984599139,1
3006,1544984599139,1
3006,1544984600143,1
3006,1544984600144,1
3006,1544984600144,1
3006,1544984600145,1
3006,1544984600145,1
3006,1544984600145,1
3006,1544984600145,1
3006,1544984601148,1
3006,1544984601149,1
3006,1544984601149,1
3006,1544984601149,1
3006,1544984601149,1
3006,1544984601149,1
3006,1544984601149,1
3006,1544984602152,1
3006,1544984602152,1
3006,1544984602152,1
3006,1544984602153,1
3006,1544984602153,1
3006,1544984602153,1
3006,1544984602153,1
3006,1544984603156,1
3006,1544984603157,1
3006,1544984603157,1
3006,1544984603157,1
3006,1544984603157,1
3006,1544984603157,1
3006,1544984603158,1
3006,1544984604160,1
3006,1544984604161,1
3006,1544984604161,1
3006,1544984604161,1
3006,1544984604161,1
3006,1544984604161,1
3006,1544984604161,1
3006,1544984605160,1
3006,1544984605161,1
3006,1544984605161,1
3006,1544984605161,1
3006,1544984605161,1
3006,1544984605161,1
3006,1544984605162,1
3006,1544984606164,1
3006,1544984606164,1
3006,1544984606164,1
3006,1544984606164,1
3006,1544984606165,1
3006,1544984606165,1
3006,1544984606165,1
3006,1544984607168,1
3006,1544984607169,1
3006,1544984607169,1
3006,1544984607169,1
3006,1544984607169,1
3006,1544984607169,1
3006,1544984607169,1
3006,1544984608170,1
3006,1544984608170,1
3006,1544984608171,1
3006,1544984608171,1
3006,1544984608171,1
3006,1544984608171,1
3006,1544984608171,1
3006,1544984609172,1
3006,1544984609173,1
3006,1544984609173,1
3006,1544984609173,1
3006,1544984609173,1
3006,1544984609173,1
3006,1544984609173,1
3006,1544984610176,1
3006,1544984610176,1
3006,1544984610177,1
3006,1544984610177,1
3006,1544984610177,1
3006,1544984610177,1
3006,1544984610177,1
3006,1544984611179,1
3006,1544984611180,1
3006,1544984611180,1
3006,1544984611180,1
3006,1544984611180,1
3006,1544984611180,1
3006,1544984611180,1
3006,1544984612183,1
3006,1544984612183,1
3006,1544984612183,1
3006,1544984612183,1
3006,1544984612183,1
3006,1544984612183,1
3006,1544984612184,1
3006,1544984613184,1
3006,1544984613185,1
3006,1544984613185,1
3006,1544984613185,1
3006,1544984613185,1
3006,1544984613185,1
3006,1544984613185,1
3006,1544984614187,1
3006,1544984614187,1
3006,1544984614187,1
3006,1544984614187,1
3006,1544984614187,1
3006,1544984614187,1
3006,1544984614188,1
3006,1544984615190,1
3006,1544984615190,1
3006,1544984615190,1
3006,1544984615191,1
3006,1544984615191,1
3006,1544984615191,1
3006,1544984615191,1
3006,1544984616195,1
3006,1544984616196,1
3006,1544984616196,1
3006,1544984616197,1
3006,1544984616197,1
3006,1544984616197,1
3006,1544984616198,1
3006,1544984617199,1
3006,1544984617199,1
3006,1544984617200,1
3006,1544984617200,1
3006,1544984617200,1
3006,1544984617200,1
3006,1544984617200,1
3006,1544984618200,1
3006,1544984618201,1
3006,1544984618201,1
3006,1544984618201,1
3006,1544984618201,1
3006,1544984618201,1
3006,1544984618201,1
3006,1544984619201,1
3006,1544984619202,1
3006,1544984619202,1
3006,1544984619202,1
3006,1544984619202,1
3006,1544984619202,1
3006,1544984619202,1
3006,1544984620205,1
3006,1544984620205,1
3006,1544984620205,1
3006,1544984620205,1
3006,1544984620205,1
3006,1544984620205,1
3006,1544984620205,1
3006,1544984621207,1
3006,1544984621207,1
3006,1544984621207,1
3006,1544984621207,1
3006,1544984621207,1
3006,1544984621208,1
3006,1544984621208,1
3006,1544984622206,1
3006,1544984622206,1
3006,1544984622207,1
3006,1544984622207,1
3006,1544984622207,1
3006,1544984622207,1
3006,1544984622207,1
3006,1544984623211,1
3006,1544984623212,1
3006,1544984623212,1
3006,1544984623212,1
3006,1544984623212,1
3006,1544984623212,1
3006,1544984623212,1
3006,1544984624212,1
3006,1544984624213,1
3006,1544984624213,1
3006,1544984624213,1
3006,1544984624213,1
3006,1544984624213,1
3006,1544984624213,1
3006,1544984625217,1
3006,1544984625218,1
3006,1544984625218,1
3006,1544984625218,1
3006,1544984625218,1
3006,1544984625218,1
3006,1544984625218,1
3006,1544984626218,1
3006,1544984626219,1
3006,1544984626219,1
3006,1544984626219,1
3006,1544984626219,1
3006,1544984626219,1
3006,1544984626219,1
3006,1544984627223,1
3006,1544984627224,1
3006,1544984627224,1
3006,1544984627224,1
3006,1544984627224,1
3006,1544984627224,1
3006,1544984627224,1
3006,1544984628224,1
3006,1544984628224,1
3006,1544984628224,1
3006,1544984628225,1
3006,1544984628225,1
3006,1544984628225,1
3006,1544984628225,1
3006,1544984629229,1
3006,1544984629229,1
3006,1544984629229,1
3006,1544984629229,1
3006,1544984629229,1
3006,1544984629230,1
3006,1544984629230,1
3006,1544984630234,1
3006,1544984630234,1
3006,1544984630235,1
3006,1544984630235,1
3006,1544984630235,1
3006,1544984630235,1
3006,1544984630235,1
3006,1544984631235,1
3006,1544984631236,1
3006,1544984631236,1
3006,1544984631236,1
3006,1544984631236,1
3006,1544984631236,1
3006,1544984631236,1
3006,1544984632239,1
3006,1544984632239,1
3006,1544984632239,1
3006,1544984632239,1
3006,1544984632240,1
3006,1544984632240,1
3006,1544984632240,1
