3006,1544984042233,1
3006,1544984043236,1
3006,1544984043782,1
3006,1544984044237,1
3006,1544984044780,1
3006,1544984045235,1
3006,1544984045305,1
3006,1544984045787,1
3006,1544984046235,1
3006,1544984046305,1
3006,1544984046791,1
3006,1544984046896,1
3006,1544984047238,1
3006,1544984047313,1
3006,1544984047782,1
3006,1544984047898,1
3006,1544984048238,1
3006,1544984048309,1
3006,1544984048787,1
3006,1544984048899,1
3006,1544984049237,1
3006,1544984049308,1
3006,1544984049790,1
3006,1544984049900,1
3006,1544984050244,1
3006,1544984050308,1
3006,1544984050797,1
3006,1544984050903,1
3006,1544984051249,1
3006,1544984051313,1
3006,1544984051799,1
3006,1544984051903,1
3006,1544984052250,1
3006,1544984052316,1
3006,1544984052795,1
3006,1544984052903,1
3006,1544984053254,1
3006,1544984053328,1
3006,1544984053801,1
3006,1544984053905,1
3006,1544984054253,1
3006,1544984054316,1
3006,1544984054821,1
3006,1544984054917,1
3006,1544984055254,1
3006,1544984055322,1
3006,1544984055810,1
3006,1544984055916,1
3006,1544984056256,1
3006,1544984056324,1
3006,1544984056815,1
3006,1544984056915,1
3006,1544984057261,1
3006,1544984057324,1
3006,1544984057817,1
3006,1544984057917,1
3006,1544984058264,1
3006,1544984058329,1
3006,1544984058817,1
3006,1544984058924,1
3006,1544984059267,1
3006,1544984059328,1
3006,1544984059822,1
3006,1544984059924,1
3006,1544984060270,1
3006,1544984060325,1
3006,1544984060823,1
3006,1544984060930,1
3006,1544984061275,1
3006,1544984061331,1
3006,1544984061824,1
3006,1544984061928,1
3006,1544984062278,1
3006,1544984062332,1
3006,1544984062827,1
3006,1544984062931,1
3006,1544984063274,1
3006,1544984063332,1
3006,1544984063835,1
3006,1544984063933,1
3006,1544984064278,1
3006,1544984064337,1
3006,1544984064835,1
3006,1544984064938,1
3006,1544984065279,1
3006,1544984065338,1
3006,1544984065834,1
3006,1544984065939,1
3006,1544984066280,1
3006,1544984066340,1
3006,1544984066835,1
3006,1544984066946,1
3006,1544984067285,1
3006,1544984067341,1
3006,1544984067836,1
3006,1544984067944,1
3006,1544984068282,1
3006,1544984068351,1
3006,1544984068841,1
3006,1544984068947,1
3006,1544984069288,1
3006,1544984069351,1
3006,1544984069847,1
3006,1544984069951,1
3006,1544984070293,1
3006,1544984070349,1
3006,1544984070856,1
3006,1544984070951,1
3006,1544984071296,1
3006,1544984071356,1
3006,1544984071852,1
3006,1544984071965,1
3006,1544984072301,1
3006,1544984072362,1
3006,1544984072884,1
3006,1544984072973,1
3006,1544984073296,1
3006,1544984073368,1
3006,1544984073856,1
3006,1544984073957,1
3006,1544984074301,1
3006,1544984074374,1
3006,1544984074862,1
3006,1544984074957,1
3006,1544984075300,1
3006,1544984075364,1
3006,1544984075863,1
3006,1544984076013,1
3006,1544984076304,1
3006,1544984076366,1
3006,1544984076865,1
3006,1544984076964,1
3006,1544984077304,1
3006,1544984077372,1
3006,1544984077867,1
3006,1544984077967,1
3006,1544984078304,1
3006,1544984078376,1
3006,1544984078867,1
3006,1544984078971,1
3006,1544984079309,1
3006,1544984079374,1
3006,1544984079871,1
3006,1544984079976,1
3006,1544984080310,1
3006,1544984080374,1
3006,1544984080872,1
3006,1544984080974,1
3006,1544984081318,1
3006,1544984081378,1
3006,1544984081875,1
3006,1544984081980,1
3006,1544984082320,1
3006,1544984082380,1
3006,1544984082878,1
3006,1544984082974,1
3006,1544984083320,1
3006,1544984083387,1
3006,1544984083886,1
3006,1544984083981,1
3006,1544984084319,1
3006,1544984084389,1
3006,1544984084891,1
3006,1544984084983,1
3006,1544984085320,1
3006,1544984085392,1
3006,1544984085899,1
3006,1544984085988,1
3006,1544984086325,1
3006,1544984086395,1
3006,1544984086895,1
3006,1544984087001,1
3006,1544984087325,1
3006,1544984087400,1
3006,1544984087896,1
3006,1544984087996,1
3006,1544984088330,1
3006,1544984088407,1
3006,1544984088915,1
3006,1544984088999,1
3006,1544984089335,1
3006,1544984089405,1
3006,1544984089904,1
3006,1544984090000,1
3006,1544984090333,1
3006,1544984090407,1
3006,1544984090914,1
3006,1544984091004,1
3006,1544984091334,1
3006,1544984091407,1
3006,1544984091915,1
3006,1544984092004,1
3006,1544984092341,1
3006,1544984092410,1
3006,1544984092914,1
3006,1544984093009,1
3006,1544984093340,1
3006,1544984093418,1
3006,1544984093915,1
3006,1544984094005,1
3006,1544984094343,1
3006,1544984094423,1
3006,1544984094918,1
3006,1544984095009,1
3006,1544984095345,1
3006,1544984095422,1
3006,1544984095921,1
3006,1544984096007,1
3006,1544984096355,1
3006,1544984096431,1
3006,1544984096923,1
3006,1544984097014,1
3006,1544984097354,1
3006,1544984097424,1
3006,1544984097926,1
3006,1544984098015,1
3006,1544984098358,1
3006,1544984098433,1
3006,1544984098931,1
3006,1544984099017,1
3006,1544984099365,1
3006,1544984099437,1
3006,1544984099932,1
3006,1544984100025,1
3006,1544984100363,1
3006,1544984100437,1
3006,1544984100932,1
3006,1544984101024,1
3006,1544984101365,1
3006,1544984101437,1
3006,1544984101935,1
3006,1544984102033,1
3006,1544984102368,1
3006,1544984102439,1
3006,1544984102935,1
3006,1544984103025,1
3006,1544984103374,1
3006,1544984103446,1
3006,1544984103937,1
3006,1544984104028,1
3006,1544984104379,1
3006,1544984104447,1
3006,1544984104933,1
3006,1544984105037,1
3006,1544984105381,1
3006,1544984105447,1
3006,1544984105944,1
3006,1544984106036,1
3006,1544984106380,1
3006,1544984106448,1
3006,1544984106942,1
3006,1544984107039,1
3006,1544984107379,1
3006,1544984107458,1
3006,1544984107948,1
3006,1544984108042,1
3006,1544984108384,1
3006,1544984108460,1
3006,1544984108950,1
3006,1544984109041,1
3006,1544984109385,1
3006,1544984109459,1
3006,1544984109953,1
3006,1544984110044,1
3006,1544984110387,1
3006,1544984110461,1
3006,1544984110965,1
3006,1544984111046,1
3006,1544984111392,1
3006,1544984111468,1
3006,1544984112038,1
3006,1544984112069,1
3006,1544984112389,1
3006,1544984112468,1
3006,1544984112964,1
3006,1544984113066,1
3006,1544984113396,1
3006,1544984113467,1
3006,1544984113965,1
3006,1544984114047,1
3006,1544984114401,1
3006,1544984114477,1
3006,1544984114971,1
3006,1544984115045,1
3006,1544984115400,1
3006,1544984115470,1
3006,1544984115972,1
3006,1544984116050,1
3006,1544984116403,1
3006,1544984116473,1
3006,1544984116974,1
3006,1544984117057,1
3006,1544984117408,1
3006,1544984117478,1
3006,1544984117974,1
3006,1544984118051,1
3006,1544984118412,1
3006,1544984118478,1
3006,1544984118979,1
3006,1544984119057,1
3006,1544984119411,1
3006,1544984119482,1
3006,1544984119982,1
3006,1544984120058,1
3006,1544984120414,1
3006,1544984120486,1
3006,1544984120983,1
3006,1544984121061,1
3006,1544984121420,1
3006,1544984121497,1
3006,1544984121985,1
3006,1544984122065,1
3006,1544984122414,1
3006,1544984122515,1
3006,1544984122985,1
3006,1544984123068,1
3006,1544984123415,1
3006,1544984123495,1
3006,1544984123987,1
3006,1544984124071,1
3006,1544984124419,1
3006,1544984124505,1
3006,1544984124990,1
3006,1544984125074,1
3006,1544984125423,1
3006,1544984125502,1
3006,1544984125996,1
3006,1544984126082,1
3006,1544984126426,1
3006,1544984126505,1
3006,1544984126998,1
3006,1544984127084,1
3006,1544984127431,1
3006,1544984127513,1
3006,1544984128005,1
3006,1544984128084,1
3006,1544984128438,1
3006,1544984128514,1
3006,1544984128999,1
3006,1544984129088,1
3006,1544984129449,1
3006,1544984129523,1
3006,1544984130002,1
3006,1544984130088,1
3006,1544984130443,1
3006,1544984130528,1
3006,1544984131003,1
3006,1544984131095,1
3006,1544984131447,1
3006,1544984131523,1
3006,1544984132007,1
3006,1544984132102,1
3006,1544984132453,1
3006,1544984132529,1
3006,1544984133007,1
3006,1544984133100,1
3006,1544984133459,1
3006,1544984133529,1
3006,1544984134014,1
3006,1544984134101,1
3006,1544984134459,1
3006,1544984134536,1
3006,1544984135018,1
3006,1544984135105,1
3006,1544984135461,1
3006,1544984135534,1
3006,1544984136016,1
3006,1544984136107,1
3006,1544984136464,1
3006,1544984136539,1
3006,1544984137014,1
3006,1544984137111,1
3006,1544984137466,1
3006,1544984137537,1
3006,1544984138015,1
3006,1544984138104,1
3006,1544984138479,1
3006,1544984138539,1
3006,1544984139015,1
3006,1544984139107,1
3006,1544984139469,1
3006,1544984139541,1
3006,1544984140017,1
3006,1544984140108,1
3006,1544984140475,1
3006,1544984140538,1
3006,1544984141019,1
3006,1544984141107,1
3006,1544984141472,1
3006,1544984141544,1
3006,1544984142018,1
3006,1544984142113,1
3006,1544984142473,1
3006,1544984142551,1
3006,1544984143019,1
3006,1544984143120,1
3006,1544984143475,1
3006,1544984143562,1
3006,1544984144020,1
3006,1544984144116,1
3006,1544984144476,1
3006,1544984144557,1
3006,1544984145022,1
3006,1544984145117,1
3006,1544984145478,1
3006,1544984145552,1
3006,1544984146026,1
3006,1544984146122,1
3006,1544984146483,1
3006,1544984146551,1
3006,1544984147027,1
3006,1544984147130,1
3006,1544984147487,1
3006,1544984147555,1
3006,1544984148028,1
3006,1544984148127,1
3006,1544984148494,1
3006,1544984148561,1
3006,1544984149026,1
3006,1544984149127,1
3006,1544984149487,1
3006,1544984149564,1
3006,1544984150026,1
3006,1544984150130,1
3006,1544984150493,1
3006,1544984150564,1
3006,1544984151032,1
3006,1544984151134,1
3006,1544984151492,1
3006,1544984151568,1
3006,1544984152036,1
3006,1544984152138,1
3006,1544984152490,1
3006,1544984152572,1
3006,1544984153041,1
3006,1544984153142,1
3006,1544984153495,1
3006,1544984153576,1
3006,1544984154041,1
3006,1544984154141,1
3006,1544984154500,1
3006,1544984154578,1
3006,1544984155039,1
3006,1544984155151,1
3006,1544984155504,1
3006,1544984155585,1
3006,1544984156044,1
3006,1544984156152,1
3006,1544984156506,1
3006,1544984156586,1
3006,1544984157043,1
3006,1544984157151,1
3006,1544984157513,1
3006,1544984157591,1
3006,1544984158046,1
3006,1544984158153,1
3006,1544984158515,1
3006,1544984158595,1
3006,1544984159048,1
3006,1544984159155,1
3006,1544984159519,1
3006,1544984159601,1
3006,1544984160048,1
3006,1544984160158,1
3006,1544984160517,1
3006,1544984160599,1
3006,1544984161053,1
3006,1544984161163,1
3006,1544984161517,1
3006,1544984161602,1
3006,1544984162053,1
3006,1544984162170,1
3006,1544984162522,1
3006,1544984162599,1
3006,1544984163060,1
3006,1544984163171,1
3006,1544984163523,1
3006,1544984163605,1
3006,1544984164061,1
3006,1544984164169,1
3006,1544984164527,1
3006,1544984164611,1
3006,1544984165063,1
3006,1544984165173,1
3006,1544984165528,1
3006,1544984165613,1
3006,1544984166066,1
3006,1544984166178,1
3006,1544984166530,1
3006,1544984166618,1
3006,1544984167068,1
3006,1544984167182,1
3006,1544984167529,1
3006,1544984167618,1
3006,1544984168072,1
3006,1544984168182,1
3006,1544984168529,1
3006,1544984168621,1
3006,1544984169075,1
3006,1544984169186,1
3006,1544984169561,1
3006,1544984169631,1
3006,1544984170078,1
3006,1544984170185,1
3006,1544984170537,1
3006,1544984170627,1
3006,1544984171080,1
3006,1544984171184,1
3006,1544984171536,1
3006,1544984171627,1
3006,1544984172078,1
3006,1544984172187,1
3006,1544984172540,1
3006,1544984172635,1
3006,1544984173116,1
3006,1544984173197,1
3006,1544984173543,1
3006,1544984173632,1
3006,1544984174082,1
3006,1544984174192,1
3006,1544984174545,1
3006,1544984174641,1
3006,1544984175085,1
3006,1544984175198,1
3006,1544984175544,1
3006,1544984175636,1
3006,1544984176085,1
3006,1544984176202,1
3006,1544984176547,1
3006,1544984176642,1
3006,1544984177083,1
3006,1544984177208,1
3006,1544984177552,1
3006,1544984177641,1
3006,1544984178086,1
3006,1544984178209,1
3006,1544984178556,1
3006,1544984178644,1
3006,1544984179090,1
3006,1544984179212,1
3006,1544984179563,1
3006,1544984179650,1
3006,1544984180090,1
3006,1544984180227,1
3006,1544984180564,1
3006,1544984180647,1
3006,1544984181097,1
3006,1544984181215,1
3006,1544984181566,1
3006,1544984181652,1
3006,1544984182096,1
3006,1544984182224,1
3006,1544984182568,1
3006,1544984182655,1
3006,1544984183097,1
3006,1544984183220,1
3006,1544984183573,1
3006,1544984183657,1
3006,1544984184099,1
3006,1544984184222,1
3006,1544984184575,1
3006,1544984184668,1
3006,1544984185102,1
3006,1544984185222,1
3006,1544984185577,1
3006,1544984185668,1
3006,1544984186108,1
3006,1544984186229,1
3006,1544984186581,1
3006,1544984186671,1
3006,1544984187114,1
3006,1544984187234,1
3006,1544984187579,1
3006,1544984187675,1
3006,1544984188116,1
3006,1544984188233,1
3006,1544984188585,1
3006,1544984188677,1
3006,1544984189113,1
3006,1544984189246,1
3006,1544984189584,1
3006,1544984189683,1
3006,1544984190119,1
3006,1544984190234,1
3006,1544984190586,1
3006,1544984190681,1
3006,1544984191124,1
3006,1544984191237,1
3006,1544984191586,1
3006,1544984191684,1
3006,1544984192128,1
3006,1544984192240,1
3006,1544984192593,1
3006,1544984192688,1
3006,1544984193233,1
3006,1544984193246,1
3006,1544984193594,1
3006,1544984193687,1
3006,1544984194132,1
3006,1544984194249,1
3006,1544984194641,1
3006,1544984194708,1
3006,1544984195135,1
3006,1544984195259,1
3006,1544984195600,1
3006,1544984195695,1
3006,1544984196140,1
3006,1544984196247,1
3006,1544984196609,1
3006,1544984196691,1
3006,1544984197136,1
3006,1544984197247,1
3006,1544984197604,1
3006,1544984197692,1
3006,1544984198143,1
3006,1544984198248,1
3006,1544984198605,1
3006,1544984198695,1
3006,1544984199140,1
3006,1544984199250,1
3006,1544984199613,1
3006,1544984199698,1
3006,1544984200145,1
3006,1544984200250,1
3006,1544984200615,1
3006,1544984200701,1
3006,1544984201143,1
3006,1544984201255,1
3006,1544984201614,1
3006,1544984201702,1
3006,1544984202147,1
3006,1544984202266,1
3006,1544984202621,1
3006,1544984202703,1
3006,1544984203152,1
3006,1544984203263,1
3006,1544984203623,1
3006,1544984203711,1
3006,1544984204151,1
3006,1544984204265,1
3006,1544984204622,1
3006,1544984204713,1
3006,1544984205157,1
3006,1544984205269,1
3006,1544984205626,1
3006,1544984205712,1
3006,1544984206163,1
3006,1544984206278,1
3006,1544984206639,1
3006,1544984206723,1
3006,1544984207157,1
3006,1544984207278,1
3006,1544984207626,1
3006,1544984207721,1
3006,1544984208163,1
3006,1544984208278,1
3006,1544984208622,1
3006,1544984208717,1
3006,1544984209169,1
3006,1544984209283,1
3006,1544984209629,1
3006,1544984209722,1
3006,1544984210171,1
3006,1544984210299,1
3006,1544984210631,1
3006,1544984210725,1
3006,1544984211169,1
3006,1544984211288,1
3006,1544984211631,1
3006,1544984211723,1
3006,1544984212172,1
3006,1544984212289,1
3006,1544984212636,1
3006,1544984212726,1
3006,1544984213176,1
3006,1544984213289,1
3006,1544984213637,1
3006,1544984213723,1
3006,1544984214180,1
3006,1544984214295,1
3006,1544984214639,1
3006,1544984214725,1
3006,1544984215183,1
3006,1544984215312,1
3006,1544984215637,1
3006,1544984215762,1
3006,1544984216189,1
3006,1544984216303,1
3006,1544984216649,1
3006,1544984216728,1
3006,1544984217190,1
3006,1544984217301,1
3006,1544984217641,1
3006,1544984217733,1
3006,1544984218197,1
3006,1544984218303,1
3006,1544984218647,1
3006,1544984218731,1
3006,1544984219201,1
3006,1544984219308,1
3006,1544984219649,1
3006,1544984219731,1
3006,1544984220202,1
3006,1544984220311,1
3006,1544984220655,1
3006,1544984220735,1
3006,1544984221203,1
3006,1544984221317,1
3006,1544984221659,1
3006,1544984221742,1
3006,1544984222203,1
3006,1544984222315,1
3006,1544984222665,1
3006,1544984222751,1
3006,1544984223209,1
3006,1544984223318,1
3006,1544984223661,1
3006,1544984223768,1
3006,1544984224207,1
3006,1544984224321,1
3006,1544984224660,1
3006,1544984224751,1
3006,1544984225215,1
3006,1544984225323,1
3006,1544984225666,1
3006,1544984225752,1
3006,1544984226217,1
3006,1544984226328,1
3006,1544984226662,1
3006,1544984226755,1
3006,1544984227223,1
3006,1544984227330,1
3006,1544984227670,1
3006,1544984227758,1
3006,1544984228224,1
3006,1544984228333,1
3006,1544984228667,1
3006,1544984228759,1
3006,1544984229228,1
3006,1544984229339,1
3006,1544984229670,1
3006,1544984229762,1
3006,1544984230232,1
3006,1544984230340,1
3006,1544984230674,1
3006,1544984230764,1
3006,1544984231234,1
3006,1544984231345,1
3006,1544984231678,1
3006,1544984231766,1
3006,1544984232236,1
3006,1544984232351,1
3006,1544984232680,1
3006,1544984232771,1
3006,1544984233238,1
3006,1544984233355,1
3006,1544984233678,1
3006,1544984233773,1
3006,1544984234237,1
3006,1544984234358,1
3006,1544984234677,1
3006,1544984234773,1
3006,1544984235239,1
3006,1544984235358,1
3006,1544984235682,1
3006,1544984235781,1
3006,1544984236243,1
3006,1544984236364,1
3006,1544984236688,1
3006,1544984236781,1
3006,1544984237248,1
3006,1544984237363,1
3006,1544984237688,1
3006,1544984237781,1
3006,1544984238251,1
3006,1544984238368,1
3006,1544984238690,1
3006,1544984238789,1
3006,1544984239256,1
3006,1544984239373,1
3006,1544984239690,1
3006,1544984239786,1
3006,1544984240258,1
3006,1544984240375,1
3006,1544984240695,1
3006,1544984240787,1
3006,1544984241261,1
3006,1544984241375,1
3006,1544984241697,1
3006,1544984241790,1
3006,1544984242263,1
3006,1544984242379,1
3006,1544984242697,1
3006,1544984242794,1
3006,1544984243266,1
3006,1544984243382,1
3006,1544984243696,1
3006,1544984243797,1
3006,1544984244272,1
3006,1544984244384,1
3006,1544984244699,1
3006,1544984244796,1
3006,1544984245279,1
3006,1544984245386,1
3006,1544984245703,1
3006,1544984245800,1
3006,1544984246278,1
3006,1544984246391,1
3006,1544984246703,1
3006,1544984246805,1
3006,1544984247283,1
3006,1544984247398,1
3006,1544984247705,1
3006,1544984247806,1
3006,1544984248287,1
3006,1544984248402,1
3006,1544984248709,1
3006,1544984248809,1
3006,1544984249289,1
3006,1544984249408,1
3006,1544984249713,1
3006,1544984249810,1
3006,1544984250308,1
3006,1544984250408,1
3006,1544984250714,1
3006,1544984250815,1
3006,1544984251290,1
3006,1544984251415,1
3006,1544984251719,1
3006,1544984251812,1
3006,1544984252292,1
3006,1544984252412,1
3006,1544984252724,1
3006,1544984252813,1
3006,1544984253296,1
3006,1544984253417,1
3006,1544984253725,1
3006,1544984253816,1
3006,1544984254301,1
3006,1544984254418,1
3006,1544984254725,1
3006,1544984254818,1
3006,1544984255299,1
3006,1544984255420,1
3006,1544984255727,1
3006,1544984255826,1
3006,1544984256299,1
3006,1544984256430,1
3006,1544984256725,1
3006,1544984256830,1
3006,1544984257301,1
3006,1544984257442,1
3006,1544984257730,1
3006,1544984257827,1
3006,1544984258301,1
3006,1544984258429,1
3006,1544984258734,1
3006,1544984258830,1
3006,1544984259307,1
3006,1544984259434,1
3006,1544984259738,1
3006,1544984259831,1
3006,1544984260309,1
3006,1544984260437,1
3006,1544984260739,1
3006,1544984260835,1
3006,1544984261311,1
3006,1544984261441,1
3006,1544984261741,1
3006,1544984261833,1
3006,1544984262310,1
3006,1544984262440,1
3006,1544984262738,1
3006,1544984262834,1
3006,1544984263312,1
3006,1544984263446,1
3006,1544984263744,1
3006,1544984263841,1
3006,1544984264317,1
3006,1544984264449,1
3006,1544984264744,1
3006,1544984264842,1
3006,1544984265316,1
3006,1544984265453,1
3006,1544984265746,1
3006,1544984265846,1
3006,1544984266318,1
3006,1544984266458,1
3006,1544984266750,1
3006,1544984266850,1
3006,1544984267322,1
3006,1544984267453,1
3006,1544984267753,1
3006,1544984267854,1
3006,1544984268324,1
3006,1544984268457,1
3006,1544984268754,1
3006,1544984268857,1
3006,1544984269325,1
3006,1544984269459,1
3006,1544984269754,1
3006,1544984269862,1
3006,1544984270329,1
3006,1544984270463,1
3006,1544984270755,1
3006,1544984270865,1
3006,1544984271328,1
3006,1544984271466,1
3006,1544984271762,1
3006,1544984271867,1
3006,1544984272332,1
3006,1544984272468,1
3006,1544984272764,1
3006,1544984272869,1
3006,1544984273336,1
3006,1544984273469,1
3006,1544984273768,1
3006,1544984273872,1
3006,1544984274337,1
3006,1544984274470,1
3006,1544984274779,1
3006,1544984274872,1
3006,1544984275342,1
3006,1544984275475,1
3006,1544984275778,1
3006,1544984275877,1
3006,1544984276341,1
3006,1544984276479,1
3006,1544984276777,1
3006,1544984276881,1
3006,1544984277343,1
3006,1544984277482,1
3006,1544984277776,1
3006,1544984277881,1
3006,1544984278340,1
3006,1544984278484,1
3006,1544984278777,1
3006,1544984278883,1
3006,1544984279343,1
3006,1544984279487,1
3006,1544984279779,1
3006,1544984279888,1
3006,1544984280340,1
3006,1544984280488,1
3006,1544984280783,1
3006,1544984280902,1
3006,1544984281340,1
3006,1544984281486,1
3006,1544984281780,1
3006,1544984281891,1
3006,1544984282344,1
3006,1544984282489,1
3006,1544984282783,1
3006,1544984282887,1
3006,1544984283348,1
3006,1544984283494,1
3006,1544984283784,1
3006,1544984283888,1
3006,1544984284349,1
3006,1544984284502,1
3006,1544984284789,1
3006,1544984284894,1
3006,1544984285355,1
3006,1544984285500,1
3006,1544984285792,1
3006,1544984285895,1
3006,1544984286358,1
3006,1544984286503,1
3006,1544984286793,1
3006,1544984286894,1
3006,1544984287359,1
3006,1544984287504,1
3006,1544984287796,1
3006,1544984287899,1
3006,1544984288359,1
3006,1544984288511,1
3006,1544984288802,1
3006,1544984288900,1
3006,1544984289363,1
3006,1544984289516,1
3006,1544984289806,1
3006,1544984289908,1
3006,1544984290362,1
3006,1544984290521,1
3006,1544984290806,1
3006,1544984290906,1
3006,1544984291369,1
3006,1544984291514,1
3006,1544984291809,1
3006,1544984291910,1
3006,1544984292373,1
3006,1544984292515,1
3006,1544984292814,1
3006,1544984292917,1
3006,1544984293376,1
3006,1544984293519,1
3006,1544984293822,1
3006,1544984293918,1
3006,1544984294376,1
3006,1544984294518,1
3006,1544984294821,1
3006,1544984294922,1
3006,1544984295379,1
3006,1544984295520,1
3006,1544984295824,1
3006,1544984295919,1
3006,1544984296375,1
3006,1544984296522,1
3006,1544984296825,1
3006,1544984296925,1
3006,1544984297380,1
3006,1544984297527,1
3006,1544984297830,1
3006,1544984297928,1
3006,1544984298381,1
3006,1544984298532,1
3006,1544984298831,1
3006,1544984298930,1
3006,1544984299388,1
3006,1544984299532,1
3006,1544984299835,1
3006,1544984299933,1
3006,1544984300389,1
3006,1544984300538,1
3006,1544984300838,1
3006,1544984300939,1
3006,1544984301386,1
3006,1544984301538,1
3006,1544984301844,1
3006,1544984301944,1
3006,1544984302403,1
3006,1544984302548,1
3006,1544984302844,1
3006,1544984302941,1
3006,1544984303394,1
3006,1544984303546,1
3006,1544984303843,1
3006,1544984303947,1
3006,1544984304396,1
3006,1544984304545,1
3006,1544984304849,1
3006,1544984304948,1
3006,1544984305396,1
3006,1544984305548,1
3006,1544984305846,1
3006,1544984305945,1
3006,1544984306400,1
3006,1544984306552,1
3006,1544984306851,1
3006,1544984306952,1
3006,1544984307405,1
3006,1544984307553,1
3006,1544984307849,1
3006,1544984307953,1
3006,1544984308409,1
3006,1544984308565,1
3006,1544984308854,1
3006,1544984308960,1
3006,1544984309404,1
3006,1544984309587,1
3006,1544984309855,1
3006,1544984309967,1
3006,1544984310407,1
3006,1544984310570,1
3006,1544984310855,1
3006,1544984310964,1
3006,1544984311413,1
3006,1544984311573,1
3006,1544984311857,1
3006,1544984311969,1
3006,1544984312413,1
3006,1544984312574,1
3006,1544984312862,1
3006,1544984312974,1
3006,1544984313418,1
3006,1544984313566,1
3006,1544984313861,1
3006,1544984313973,1
3006,1544984314425,1
3006,1544984314571,1
3006,1544984314862,1
3006,1544984314974,1
3006,1544984315420,1
3006,1544984315582,1
3006,1544984315869,1
3006,1544984315975,1
3006,1544984316424,1
3006,1544984316579,1
3006,1544984316871,1
3006,1544984316980,1
3006,1544984317429,1
3006,1544984317583,1
3006,1544984317873,1
3006,1544984317980,1
3006,1544984318435,1
3006,1544984318581,1
3006,1544984318880,1
3006,1544984318985,1
3006,1544984319435,1
3006,1544984319588,1
3006,1544984319879,1
3006,1544984319986,1
3006,1544984320438,1
3006,1544984320585,1
3006,1544984320882,1
3006,1544984320993,1
3006,1544984321436,1
3006,1544984321589,1
3006,1544984321896,1
3006,1544984321997,1
3006,1544984322439,1
3006,1544984322585,1
3006,1544984322884,1
3006,1544984322995,1
3006,1544984323444,1
3006,1544984323594,1
3006,1544984323890,1
3006,1544984324000,1
3006,1544984324447,1
3006,1544984324587,1
3006,1544984324885,1
3006,1544984325003,1
3006,1544984325447,1
3006,1544984325586,1
3006,1544984325890,1
3006,1544984326007,1
3006,1544984326456,1
3006,1544984326592,1
3006,1544984326892,1
3006,1544984327032,1
3006,1544984327453,1
3006,1544984327588,1
3006,1544984327896,1
3006,1544984328008,1
3006,1544984328459,1
3006,1544984328590,1
3006,1544984328897,1
3006,1544984329006,1
3006,1544984329462,1
3006,1544984329593,1
3006,1544984329902,1
3006,1544984330013,1
3006,1544984330458,1
3006,1544984330594,1
3006,1544984330900,1
3006,1544984331009,1
3006,1544984331460,1
3006,1544984331595,1
3006,1544984331908,1
3006,1544984332017,1
3006,1544984332465,1
3006,1544984332597,1
3006,1544984332909,1
3006,1544984333029,1
3006,1544984333471,1
3006,1544984333597,1
3006,1544984333917,1
3006,1544984334026,1
3006,1544984334475,1
3006,1544984334609,1
3006,1544984334919,1
3006,1544984335025,1
3006,1544984335484,1
3006,1544984335610,1
3006,1544984335928,1
3006,1544984336032,1
3006,1544984336482,1
3006,1544984336615,1
3006,1544984336931,1
3006,1544984337026,1
3006,1544984337483,1
3006,1544984337634,1
3006,1544984337941,1
3006,1544984338031,1
3006,1544984338494,1
3006,1544984338640,1
3006,1544984338950,1
3006,1544984339034,1
3006,1544984339505,1
3006,1544984339639,1
3006,1544984339957,1
3006,1544984340033,1
3006,1544984340510,1
3006,1544984340645,1
3006,1544984340968,1
3006,1544984341037,1
3006,1544984341517,1
3006,1544984341654,1
3006,1544984341969,1
3006,1544984342043,1
3006,1544984342522,1
3006,1544984342666,1
3006,1544984342981,1
3006,1544984343043,1
3006,1544984343529,1
3006,1544984343671,1
3006,1544984343990,1
3006,1544984344052,1
3006,1544984344536,1
3006,1544984344679,1
3006,1544984344995,1
3006,1544984345054,1
3006,1544984345542,1
3006,1544984345689,1
3006,1544984345999,1
3006,1544984346059,1
3006,1544984346545,1
3006,1544984346690,1
3006,1544984347011,1
3006,1544984347072,1
3006,1544984347571,1
3006,1544984347695,1
3006,1544984348015,1
3006,1544984348080,1
3006,1544984348560,1
3006,1544984348701,1
3006,1544984349015,1
3006,1544984349089,1
3006,1544984349564,1
3006,1544984349711,1
3006,1544984350018,1
3006,1544984350102,1
3006,1544984350573,1
3006,1544984350712,1
3006,1544984351018,1
3006,1544984351113,1
3006,1544984351585,1
3006,1544984351725,1
3006,1544984352021,1
3006,1544984352121,1
3006,1544984352593,1
3006,1544984352725,1
3006,1544984353018,1
3006,1544984353124,1
3006,1544984353592,1
3006,1544984353740,1
3006,1544984354021,1
3006,1544984354129,1
3006,1544984354605,1
3006,1544984354766,1
3006,1544984355024,1
3006,1544984355132,1
3006,1544984355611,1
3006,1544984355783,1
3006,1544984356026,1
3006,1544984356131,1
3006,1544984356615,1
3006,1544984356766,1
3006,1544984357028,1
3006,1544984357134,1
3006,1544984357618,1
3006,1544984357761,1
3006,1544984358029,1
3006,1544984358146,1
3006,1544984358622,1
3006,1544984358767,1
3006,1544984359035,1
3006,1544984359142,1
3006,1544984359629,1
3006,1544984359776,1
3006,1544984360038,1
3006,1544984360145,1
3006,1544984360625,1
3006,1544984360779,1
3006,1544984361041,1
3006,1544984361142,1
3006,1544984361630,1
3006,1544984361781,1
3006,1544984362044,1
3006,1544984362148,1
3006,1544984362632,1
3006,1544984362784,1
3006,1544984363048,1
3006,1544984363147,1
3006,1544984363641,1
3006,1544984363786,1
3006,1544984364047,1
3006,1544984364143,1
3006,1544984364642,1
3006,1544984364788,1
3006,1544984365057,1
3006,1544984365150,1
3006,1544984365637,1
3006,1544984365786,1
3006,1544984366050,1
3006,1544984366148,1
3006,1544984366641,1
3006,1544984366788,1
3006,1544984367048,1
3006,1544984367149,1
3006,1544984367645,1
3006,1544984367791,1
3006,1544984368052,1
3006,1544984368144,1
3006,1544984368644,1
3006,1544984368792,1
3006,1544984369055,1
3006,1544984369153,1
3006,1544984369646,1
3006,1544984369794,1
3006,1544984370053,1
3006,1544984370171,1
3006,1544984370654,1
3006,1544984370795,1
3006,1544984371053,1
3006,1544984371151,1
3006,1544984371653,1
3006,1544984371796,1
3006,1544984372055,1
3006,1544984372156,1
3006,1544984372653,1
3006,1544984372802,1
3006,1544984373061,1
3006,1544984373158,1
3006,1544984373658,1
3006,1544984373803,1
3006,1544984374065,1
3006,1544984374157,1
3006,1544984374657,1
3006,1544984374799,1
3006,1544984375065,1
3006,1544984375162,1
3006,1544984375668,1
3006,1544984375812,1
3006,1544984376065,1
3006,1544984376163,1
3006,1544984376668,1
3006,1544984376811,1
3006,1544984377069,1
3006,1544984377178,1
3006,1544984377671,1
3006,1544984377813,1
3006,1544984378067,1
3006,1544984378170,1
3006,1544984378674,1
3006,1544984378820,1
3006,1544984379064,1
3006,1544984379172,1
3006,1544984379675,1
3006,1544984379825,1
3006,1544984380066,1
3006,1544984380176,1
3006,1544984380676,1
3006,1544984380824,1
3006,1544984381073,1
3006,1544984381182,1
3006,1544984381678,1
3006,1544984381827,1
3006,1544984382071,1
3006,1544984382182,1
3006,1544984382684,1
3006,1544984382831,1
3006,1544984383073,1
3006,1544984383182,1
3006,1544984383685,1
3006,1544984383834,1
3006,1544984384075,1
3006,1544984384190,1
3006,1544984384684,1
3006,1544984384829,1
3006,1544984385075,1
3006,1544984385186,1
3006,1544984385683,1
3006,1544984385832,1
3006,1544984386081,1
3006,1544984386191,1
3006,1544984386682,1
3006,1544984386834,1
3006,1544984387083,1
3006,1544984387200,1
3006,1544984387687,1
3006,1544984387843,1
3006,1544984388085,1
3006,1544984388199,1
3006,1544984388688,1
3006,1544984388839,1
3006,1544984389089,1
3006,1544984389209,1
3006,1544984389689,1
3006,1544984389843,1
3006,1544984390090,1
3006,1544984390201,1
3006,1544984390689,1
3006,1544984390847,1
3006,1544984391093,1
3006,1544984391200,1
3006,1544984391698,1
3006,1544984391855,1
3006,1544984392097,1
3006,1544984392203,1
3006,1544984392699,1
3006,1544984392853,1
3006,1544984393100,1
3006,1544984393210,1
3006,1544984393708,1
3006,1544984393858,1
3006,1544984394099,1
3006,1544984394207,1
3006,1544984394729,1
3006,1544984394859,1
3006,1544984395104,1
3006,1544984395208,1
3006,1544984395700,1
3006,1544984395867,1
3006,1544984396107,1
3006,1544984396213,1
3006,1544984396706,1
3006,1544984396866,1
3006,1544984397113,1
3006,1544984397219,1
3006,1544984397708,1
3006,1544984397874,1
3006,1544984398114,1
3006,1544984398222,1
3006,1544984398709,1
3006,1544984398873,1
3006,1544984399119,1
3006,1544984399228,1
3006,1544984399713,1
3006,1544984399878,1
3006,1544984400121,1
3006,1544984400228,1
3006,1544984400717,1
3006,1544984400886,1
3006,1544984401127,1
3006,1544984401233,1
3006,1544984401717,1
3006,1544984401900,1
3006,1544984402127,1
3006,1544984402236,1
3006,1544984402719,1
3006,1544984402888,1
3006,1544984403127,1
3006,1544984403237,1
3006,1544984403718,1
3006,1544984403895,1
3006,1544984404127,1
3006,1544984404236,1
3006,1544984404720,1
3006,1544984404891,1
3006,1544984405132,1
3006,1544984405244,1
3006,1544984405724,1
3006,1544984405897,1
3006,1544984406129,1
3006,1544984406242,1
3006,1544984406724,1
3006,1544984406896,1
3006,1544984407133,1
3006,1544984407247,1
3006,1544984407730,1
3006,1544984407901,1
3006,1544984408135,1
3006,1544984408257,1
3006,1544984408733,1
3006,1544984408909,1
3006,1544984409139,1
3006,1544984409253,1
3006,1544984409734,1
3006,1544984409908,1
3006,1544984410140,1
3006,1544984410263,1
3006,1544984410739,1
3006,1544984410912,1
3006,1544984411141,1
3006,1544984411259,1
3006,1544984411742,1
3006,1544984411915,1
3006,1544984412147,1
3006,1544984412258,1
3006,1544984412743,1
3006,1544984412919,1
3006,1544984413146,1
3006,1544984413260,1
3006,1544984413746,1
3006,1544984413919,1
3006,1544984414146,1
3006,1544984414265,1
3006,1544984414750,1
3006,1544984414921,1
3006,1544984415149,1
3006,1544984415263,1
3006,1544984415755,1
3006,1544984415925,1
3006,1544984416153,1
3006,1544984416266,1
3006,1544984416755,1
3006,1544984416930,1
3006,1544984417156,1
3006,1544984417280,1
3006,1544984417760,1
3006,1544984417930,1
3006,1544984418158,1
3006,1544984418299,1
3006,1544984418765,1
3006,1544984418927,1
3006,1544984419161,1
3006,1544984419277,1
3006,1544984419769,1
3006,1544984419934,1
3006,1544984420162,1
3006,1544984420282,1
3006,1544984420766,1
3006,1544984420939,1
3006,1544984421164,1
3006,1544984421282,1
3006,1544984421770,1
3006,1544984421946,1
3006,1544984422168,1
3006,1544984422286,1
3006,1544984422774,1
3006,1544984422946,1
3006,1544984423165,1
3006,1544984423287,1
3006,1544984423777,1
3006,1544984423949,1
3006,1544984424171,1
3006,1544984424293,1
3006,1544984424785,1
3006,1544984424954,1
3006,1544984425175,1
3006,1544984425293,1
3006,1544984425781,1
3006,1544984425951,1
3006,1544984426179,1
3006,1544984426297,1
3006,1544984426782,1
3006,1544984426956,1
3006,1544984427183,1
3006,1544984427298,1
3006,1544984427788,1
3006,1544984427956,1
3006,1544984428186,1
3006,1544984428299,1
3006,1544984428790,1
3006,1544984428961,1
3006,1544984429190,1
3006,1544984429302,1
3006,1544984429796,1
3006,1544984429964,1
3006,1544984430197,1
3006,1544984430305,1
3006,1544984430797,1
3006,1544984430965,1
3006,1544984431201,1
3006,1544984431306,1
3006,1544984431796,1
3006,1544984431971,1
3006,1544984432201,1
3006,1544984432311,1
3006,1544984432798,1
3006,1544984432972,1
3006,1544984433206,1
3006,1544984433315,1
3006,1544984433801,1
3006,1544984433973,1
3006,1544984434211,1
3006,1544984434318,1
3006,1544984434803,1
3006,1544984434973,1
3006,1544984435212,1
3006,1544984435321,1
3006,1544984435808,1
3006,1544984435977,1
3006,1544984436213,1
3006,1544984436325,1
3006,1544984436807,1
3006,1544984436977,1
3006,1544984437219,1
3006,1544984437325,1
3006,1544984437816,1
3006,1544984437980,1
3006,1544984438222,1
3006,1544984438330,1
3006,1544984438816,1
3006,1544984438987,1
3006,1544984439223,1
3006,1544984439332,1
3006,1544984439820,1
3006,1544984439985,1
3006,1544984440225,1
3006,1544984440334,1
3006,1544984440827,1
3006,1544984440990,1
3006,1544984441226,1
3006,1544984441336,1
3006,1544984441824,1
3006,1544984441990,1
3006,1544984442227,1
3006,1544984442341,1
3006,1544984442826,1
3006,1544984442993,1
3006,1544984443226,1
3006,1544984443345,1
3006,1544984443831,1
3006,1544984444000,1
3006,1544984444230,1
3006,1544984444348,1
3006,1544984444849,1
3006,1544984445003,1
3006,1544984445231,1
3006,1544984445350,1
3006,1544984445831,1
3006,1544984445999,1
3006,1544984446233,1
3006,1544984446353,1
3006,1544984446833,1
3006,1544984447004,1
3006,1544984447240,1
3006,1544984447357,1
3006,1544984447840,1
3006,1544984448009,1
3006,1544984448243,1
3006,1544984448360,1
3006,1544984448839,1
3006,1544984449008,1
3006,1544984449248,1
3006,1544984449367,1
3006,1544984449837,1
3006,1544984450013,1
3006,1544984450251,1
3006,1544984450371,1
3006,1544984450840,1
3006,1544984451016,1
3006,1544984451255,1
3006,1544984451373,1
3006,1544984451842,1
3006,1544984452021,1
3006,1544984452257,1
3006,1544984452378,1
3006,1544984452847,1
3006,1544984453024,1
3006,1544984453261,1
3006,1544984453380,1
3006,1544984453847,1
3006,1544984454039,1
3006,1544984454267,1
3006,1544984454387,1
3006,1544984454850,1
3006,1544984455028,1
3006,1544984455267,1
3006,1544984455385,1
3006,1544984455852,1
3006,1544984456031,1
3006,1544984456266,1
3006,1544984456385,1
3006,1544984456853,1
3006,1544984457034,1
3006,1544984457272,1
3006,1544984457388,1
3006,1544984457859,1
3006,1544984458034,1
3006,1544984458277,1
3006,1544984458390,1
3006,1544984458861,1
3006,1544984459037,1
3006,1544984459282,1
3006,1544984459400,1
3006,1544984459866,1
3006,1544984460042,1
3006,1544984460284,1
3006,1544984460399,1
3006,1544984460864,1
3006,1544984461045,1
3006,1544984461290,1
3006,1544984461405,1
3006,1544984461866,1
3006,1544984462050,1
3006,1544984462294,1
3006,1544984462406,1
3006,1544984462869,1
3006,1544984463053,1
3006,1544984463295,1
3006,1544984463408,1
3006,1544984463874,1
3006,1544984464055,1
3006,1544984464300,1
3006,1544984464412,1
3006,1544984464882,1
3006,1544984465056,1
3006,1544984465303,1
3006,1544984465417,1
3006,1544984465881,1
3006,1544984466059,1
3006,1544984466306,1
3006,1544984466419,1
3006,1544984466881,1
3006,1544984467068,1
3006,1544984467309,1
3006,1544984467418,1
3006,1544984467880,1
3006,1544984468065,1
3006,1544984468321,1
3006,1544984468422,1
3006,1544984468884,1
3006,1544984469069,1
3006,1544984469313,1
3006,1544984469424,1
3006,1544984469889,1
3006,1544984470072,1
3006,1544984470316,1
3006,1544984470423,1
3006,1544984470890,1
3006,1544984471075,1
3006,1544984471318,1
3006,1544984471428,1
3006,1544984471897,1
3006,1544984472081,1
3006,1544984472321,1
3006,1544984472430,1
3006,1544984472897,1
3006,1544984473078,1
3006,1544984473324,1
3006,1544984473435,1
3006,1544984473899,1
3006,1544984474081,1
3006,1544984474327,1
3006,1544984474441,1
3006,1544984474903,1
3006,1544984475083,1
3006,1544984475330,1
3006,1544984475452,1
3006,1544984475909,1
3006,1544984476087,1
3006,1544984476333,1
3006,1544984476433,1
3006,1544984476910,1
3006,1544984477091,1
3006,1544984477338,1
3006,1544984477435,1
3006,1544984477913,1
3006,1544984478097,1
3006,1544984478340,1
3006,1544984478441,1
3006,1544984478916,1
3006,1544984479099,1
3006,1544984479342,1
3006,1544984479438,1
3006,1544984479914,1
3006,1544984480102,1
3006,1544984480342,1
3006,1544984480445,1
3006,1544984480918,1
3006,1544984481108,1
3006,1544984481346,1
3006,1544984481448,1
3006,1544984481921,1
3006,1544984482116,1
3006,1544984482349,1
3006,1544984482452,1
3006,1544984482923,1
3006,1544984483114,1
3006,1544984483354,1
3006,1544984483459,1
3006,1544984483924,1
3006,1544984484120,1
3006,1544984484356,1
3006,1544984484459,1
3006,1544984484927,1
3006,1544984485122,1
3006,1544984485359,1
3006,1544984485465,1
3006,1544984485929,1
3006,1544984486122,1
3006,1544984486361,1
3006,1544984486463,1
3006,1544984486929,1
3006,1544984487126,1
3006,1544984487358,1
3006,1544984487468,1
3006,1544984487930,1
3006,1544984488131,1
3006,1544984488363,1
3006,1544984488467,1
3006,1544984488933,1
3006,1544984489135,1
3006,1544984489368,1
3006,1544984489471,1
3006,1544984489935,1
3006,1544984490139,1
3006,1544984490372,1
3006,1544984490474,1
3006,1544984490936,1
3006,1544984491146,1
3006,1544984491377,1
3006,1544984491479,1
3006,1544984491939,1
3006,1544984492149,1
3006,1544984492376,1
3006,1544984492477,1
3006,1544984492943,1
3006,1544984493150,1
3006,1544984493379,1
3006,1544984493477,1
3006,1544984493946,1
3006,1544984494153,1
3006,1544984494383,1
3006,1544984494480,1
3006,1544984494948,1
3006,1544984495152,1
3006,1544984495387,1
3006,1544984495483,1
3006,1544984495947,1
3006,1544984496154,1
3006,1544984496391,1
3006,1544984496491,1
3006,1544984496949,1
3006,1544984497156,1
3006,1544984497396,1
3006,1544984497491,1
3006,1544984497953,1
3006,1544984498158,1
3006,1544984498399,1
3006,1544984498490,1
3006,1544984498957,1
3006,1544984499159,1
3006,1544984499401,1
3006,1544984499496,1
3006,1544984499959,1
3006,1544984500161,1
3006,1544984500411,1
3006,1544984500498,1
3006,1544984500968,1
3006,1544984501167,1
3006,1544984501412,1
3006,1544984501497,1
3006,1544984501984,1
3006,1544984502169,1
3006,1544984502415,1
3006,1544984502504,1
3006,1544984502968,1
3006,1544984503173,1
3006,1544984503418,1
3006,1544984503505,1
3006,1544984503970,1
3006,1544984504174,1
3006,1544984504419,1
3006,1544984504511,1
3006,1544984504974,1
3006,1544984505177,1
3006,1544984505423,1
3006,1544984505514,1
3006,1544984505981,1
3006,1544984506184,1
3006,1544984506427,1
3006,1544984506515,1
3006,1544984506982,1
3006,1544984507184,1
3006,1544984507430,1
3006,1544984507517,1
3006,1544984507984,1
3006,1544984508192,1
3006,1544984508433,1
3006,1544984508520,1
3006,1544984508988,1
3006,1544984509191,1
3006,1544984509434,1
3006,1544984509522,1
3006,1544984509988,1
3006,1544984510194,1
3006,1544984510436,1
3006,1544984510523,1
3006,1544984510995,1
3006,1544984511197,1
3006,1544984511440,1
3006,1544984511527,1
3006,1544984511998,1
3006,1544984512203,1
3006,1544984512442,1
3006,1544984512529,1
3006,1544984512996,1
3006,1544984513212,1
3006,1544984513447,1
3006,1544984513529,1
3006,1544984514001,1
3006,1544984514225,1
3006,1544984514453,1
3006,1544984514533,1
3006,1544984515005,1
3006,1544984515211,1
3006,1544984515451,1
3006,1544984515538,1
3006,1544984516009,1
3006,1544984516214,1
3006,1544984516453,1
3006,1544984516542,1
3006,1544984517008,1
3006,1544984517218,1
3006,1544984517455,1
3006,1544984517549,1
3006,1544984518015,1
3006,1544984518218,1
3006,1544984518458,1
3006,1544984518547,1
3006,1544984519018,1
3006,1544984519225,1
3006,1544984519461,1
3006,1544984519549,1
3006,1544984520013,1
3006,1544984520230,1
3006,1544984520463,1
3006,1544984520549,1
3006,1544984521014,1
3006,1544984521227,1
3006,1544984521474,1
3006,1544984521552,1
3006,1544984522014,1
3006,1544984522230,1
3006,1544984522472,1
3006,1544984522553,1
3006,1544984523016,1
3006,1544984523236,1
3006,1544984523476,1
3006,1544984523554,1
3006,1544984524018,1
3006,1544984524234,1
3006,1544984524481,1
3006,1544984524558,1
3006,1544984525018,1
3006,1544984525238,1
3006,1544984525485,1
3006,1544984525561,1
3006,1544984526020,1
3006,1544984526241,1
3006,1544984526489,1
3006,1544984526567,1
3006,1544984527021,1
3006,1544984527246,1
3006,1544984527489,1
3006,1544984527565,1
3006,1544984528023,1
3006,1544984528252,1
3006,1544984528507,1
3006,1544984528566,1
3006,1544984529027,1
3006,1544984529252,1
3006,1544984529498,1
3006,1544984529572,1
3006,1544984530025,1
3006,1544984530249,1
3006,1544984530501,1
3006,1544984530577,1
3006,1544984531026,1
3006,1544984531250,1
3006,1544984531502,1
3006,1544984531575,1
3006,1544984532030,1
3006,1544984532254,1
3006,1544984532507,1
3006,1544984532595,1
3006,1544984533033,1
3006,1544984533254,1
3006,1544984533510,1
3006,1544984533578,1
3006,1544984534037,1
3006,1544984534257,1
3006,1544984534511,1
3006,1544984534578,1
3006,1544984535037,1
3006,1544984535261,1
3006,1544984535513,1
3006,1544984535582,1
3006,1544984536041,1
3006,1544984536263,1
3006,1544984536516,1
3006,1544984536588,1
3006,1544984537045,1
3006,1544984537263,1
3006,1544984537521,1
3006,1544984537589,1
3006,1544984538047,1
3006,1544984538270,1
3006,1544984538524,1
3006,1544984538592,1
3006,1544984539049,1
3006,1544984539271,1
3006,1544984539527,1
3006,1544984539593,1
3006,1544984540051,1
3006,1544984540275,1
3006,1544984540529,1
3006,1544984540597,1
3006,1544984541053,1
3006,1544984541275,1
3006,1544984541528,1
3006,1544984541598,1
3006,1544984542060,1
3006,1544984542277,1
3006,1544984542529,1
3006,1544984542597,1
3006,1544984543060,1
3006,1544984543279,1
3006,1544984543535,1
3006,1544984543606,1
3006,1544984544062,1
3006,1544984544282,1
3006,1544984544538,1
3006,1544984544603,1
3006,1544984545064,1
3006,1544984545281,1
3006,1544984545540,1
3006,1544984545605,1
3006,1544984546066,1
3006,1544984546287,1
3006,1544984546540,1
3006,1544984546604,1
3006,1544984547069,1
3006,1544984547287,1
3006,1544984547538,1
3006,1544984547608,1
3006,1544984548072,1
3006,1544984548290,1
3006,1544984548542,1
3006,1544984548610,1
3006,1544984549076,1
3006,1544984549293,1
3006,1544984549545,1
3006,1544984549609,1
3006,1544984550078,1
3006,1544984550294,1
3006,1544984550548,1
3006,1544984550616,1
3006,1544984551080,1
3006,1544984551296,1
3006,1544984551547,1
3006,1544984551617,1
3006,1544984552084,1
3006,1544984552295,1
3006,1544984552552,1
3006,1544984552616,1
3006,1544984553087,1
3006,1544984553301,1
3006,1544984553556,1
3006,1544984553620,1
3006,1544984554093,1
3006,1544984554302,1
3006,1544984554559,1
3006,1544984554621,1
3006,1544984555092,1
3006,1544984555301,1
3006,1544984555563,1
3006,1544984555626,1
3006,1544984556098,1
3006,1544984556307,1
3006,1544984556564,1
3006,1544984556625,1
3006,1544984557097,1
3006,1544984557312,1
3006,1544984557567,1
3006,1544984557628,1
3006,1544984558095,1
3006,1544984558314,1
3006,1544984558568,1
3006,1544984558631,1
3006,1544984559107,1
3006,1544984559313,1
3006,1544984559567,1
3006,1544984559630,1
3006,1544984560099,1
3006,1544984560318,1
3006,1544984560568,1
3006,1544984560638,1
3006,1544984561100,1
3006,1544984561322,1
3006,1544984561574,1
3006,1544984561635,1
3006,1544984562104,1
3006,1544984562326,1
3006,1544984562573,1
3006,1544984562638,1
3006,1544984563108,1
3006,1544984563332,1
3006,1544984563576,1
3006,1544984563638,1
3006,1544984564108,1
3006,1544984564329,1
3006,1544984564579,1
3006,1544984564648,1
3006,1544984565112,1
3006,1544984565334,1
3006,1544984565584,1
3006,1544984565647,1
3006,1544984566114,1
3006,1544984566333,1
3006,1544984566588,1
3006,1544984566649,1
3006,1544984567117,1
3006,1544984567336,1
3006,1544984567590,1
3006,1544984567653,1
3006,1544984568113,1
3006,1544984568343,1
3006,1544984568591,1
3006,1544984568662,1
3006,1544984569116,1
3006,1544984569342,1
3006,1544984569594,1
3006,1544984569661,1
3006,1544984570115,1
3006,1544984570346,1
3006,1544984570595,1
3006,1544984570661,1
3006,1544984571121,1
3006,1544984571353,1
3006,1544984571596,1
3006,1544984571664,1
3006,1544984572122,1
3006,1544984572363,1
3006,1544984572600,1
3006,1544984572667,1
3006,1544984573126,1
3006,1544984573350,1
3006,1544984573604,1
3006,1544984573672,1
3006,1544984574130,1
3006,1544984574348,1
3006,1544984574612,1
3006,1544984574673,1
3006,1544984575133,1
3006,1544984575354,1
3006,1544984575609,1
3006,1544984575673,1
3006,1544984576140,1
3006,1544984576357,1
3006,1544984576608,1
3006,1544984576678,1
3006,1544984577142,1
3006,1544984577363,1
3006,1544984577611,1
3006,1544984577678,1
3006,1544984578140,1
3006,1544984578367,1
3006,1544984578619,1
3006,1544984578682,1
3006,1544984579146,1
3006,1544984579367,1
3006,1544984579618,1
3006,1544984579685,1
3006,1544984580148,1
3006,1544984580370,1
3006,1544984580622,1
3006,1544984580685,1
3006,1544984581155,1
3006,1544984581372,1
3006,1544984581624,1
3006,1544984581687,1
3006,1544984582156,1
3006,1544984582375,1
3006,1544984582622,1
3006,1544984582691,1
3006,1544984583155,1
3006,1544984583374,1
3006,1544984583622,1
3006,1544984583694,1
3006,1544984584159,1
3006,1544984584374,1
3006,1544984584623,1
3006,1544984584693,1
3006,1544984585165,1
3006,1544984585378,1
3006,1544984585627,1
3006,1544984585695,1
3006,1544984586164,1
3006,1544984586379,1
3006,1544984586632,1
3006,1544984586696,1
3006,1544984587165,1
3006,1544984587385,1
3006,1544984587648,1
3006,1544984587698,1
3006,1544984588170,1
3006,1544984588386,1
3006,1544984588634,1
3006,1544984588699,1
3006,1544984589173,1
3006,1544984589388,1
3006,1544984589637,1
3006,1544984589705,1
3006,1544984590182,1
3006,1544984590394,1
3006,1544984590641,1
3006,1544984590715,1
3006,1544984591180,1
3006,1544984591395,1
3006,1544984591645,1
3006,1544984591727,1
3006,1544984592184,1
3006,1544984592401,1
3006,1544984592646,1
3006,1544984592716,1
3006,1544984593184,1
3006,1544984593398,1
3006,1544984593651,1
3006,1544984593719,1
3006,1544984594190,1
3006,1544984594402,1
3006,1544984594653,1
3006,1544984594722,1
3006,1544984595192,1
3006,1544984595407,1
3006,1544984595657,1
3006,1544984595726,1
3006,1544984596191,1
3006,1544984596403,1
3006,1544984596658,1
3006,1544984596731,1
3006,1544984597195,1
3006,1544984597409,1
3006,1544984597656,1
3006,1544984597734,1
3006,1544984598197,1
3006,1544984598411,1
3006,1544984598662,1
3006,1544984598740,1
3006,1544984599199,1
3006,1544984599414,1
3006,1544984599665,1
3006,1544984599744,1
3006,1544984600208,1
3006,1544984600414,1
3006,1544984600670,1
3006,1544984600750,1
3006,1544984601210,1
3006,1544984601415,1
3006,1544984601672,1
3006,1544984601747,1
3006,1544984602210,1
3006,1544984602414,1
3006,1544984602675,1
3006,1544984602754,1
3006,1544984603214,1
3006,1544984603420,1
3006,1544984603675,1
3006,1544984603752,1
3006,1544984604218,1
3006,1544984604422,1
3006,1544984604679,1
3006,1544984604752,1
3006,1544984605222,1
3006,1544984605428,1
3006,1544984605679,1
3006,1544984605757,1
3006,1544984606227,1
3006,1544984606432,1
3006,1544984606681,1
3006,1544984606762,1
3006,1544984607228,1
3006,1544984607431,1
3006,1544984607684,1
3006,1544984607764,1
3006,1544984608231,1
3006,1544984608437,1
3006,1544984608686,1
3006,1544984608767,1
3006,1544984609233,1
3006,1544984609438,1
3006,1544984609692,1
3006,1544984609771,1
3006,1544984610234,1
3006,1544984610441,1
3006,1544984610695,1
3006,1544984610770,1
3006,1544984611243,1
3006,1544984611445,1
3006,1544984611697,1
3006,1544984611775,1
3006,1544984612246,1
3006,1544984612446,1
3006,1544984612702,1
3006,1544984612775,1
3006,1544984613248,1
3006,1544984613452,1
3006,1544984613702,1
3006,1544984613774,1
3006,1544984614253,1
3006,1544984614458,1
3006,1544984614705,1
3006,1544984614775,1
3006,1544984615258,1
3006,1544984615462,1
3006,1544984615710,1
3006,1544984615780,1
3006,1544984616260,1
3006,1544984616459,1
3006,1544984616711,1
3006,1544984616784,1
3006,1544984617259,1
3006,1544984617461,1
3006,1544984617714,1
3006,1544984617780,1
3006,1544984618267,1
3006,1544984618464,1
3006,1544984618717,1
3006,1544984618782,1
3006,1544984619285,1
3006,1544984619465,1
3006,1544984619722,1
3006,1544984619782,1
3006,1544984620267,1
3006,1544984620465,1
3006,1544984620725,1
3006,1544984620785,1
3006,1544984621269,1
3006,1544984621463,1
3006,1544984621729,1
3006,1544984621789,1
3006,1544984622272,1
3006,1544984622468,1
3006,1544984622731,1
3006,1544984622790,1
3006,1544984623274,1
3006,1544984623467,1
3006,1544984623735,1
3006,1544984623796,1
3006,1544984624275,1
3006,1544984624475,1
3006,1544984624739,1
3006,1544984624796,1
3006,1544984625274,1
3006,1544984625477,1
3006,1544984625743,1
3006,1544984625799,1
3006,1544984626274,1
3006,1544984626480,1
3006,1544984626750,1
3006,1544984626802,1
3006,1544984627277,1
3006,1544984627483,1
3006,1544984627750,1
3006,1544984627802,1
3006,1544984628275,1
3006,1544984628482,1
3006,1544984628757,1
3006,1544984628805,1
3006,1544984629282,1
3006,1544984629505,1
3006,1544984629760,1
3006,1544984629812,1
3006,1544984630282,1
3006,1544984630482,1
3006,1544984630761,1
3006,1544984630817,1
3006,1544984631287,1
3006,1544984631491,1
3006,1544984631761,1
3006,1544984631814,1
3006,1544984632287,1
3006,1544984632495,1
